1 6075
1 7074
1 5661
1 3438
1 2160
1 5058
1 6759
1 5985
1 3555
1 4095
1 3618
1 6831
1 5040
1 5706
1 3906
1 4761
1 5319
1 2916
1 7461
1 3753
1 7353
1 5265
1 3573
1 5697
1 5445
1 8883
1 5229
1 3870
1 2457
1 3708
1 6039
1 4608
1 3348
1 5868
1 7038
1 4392
1 3510
1 4896
1 6129
1 5220
1 5013
1 3915
1 10224
1 7641
1 2889
1 3141
1 9792
1 4419
1 6633
1 4896
1 5706
1 4878
1 6516
1 10098
1 5787
1 5076
1 7218
1 7209
1 1737
1 5310
1 9864
1 6867
1 6084
1 1440
1 10629
1 12231
1 6651
1 3663
1 7425
1 7074
1 3465
1 5238
1 4077
1 5985
1 5463
1 13617
1 5103
1 7848
1 5094
1 3672
1 12960
1 5274
1 3114
1 5373
1 5472
1 4032
1 4104
1 5292
1 2547
1 3699
1 2223
1 1953
1 5400
1 2898
1 6786
1 6561
1 3663
1 9477
1 9738
1 4383
1 3663
1 3807
1 5121
1 5472
1 9279
1 6246
1 8028
1 6147
1 4977
1 3636
1 4005
1 7263
1 3420
1 4644
1 3447
1 4626
1 8973
1 5445
1 5760
1 5733
1 4401
1 2979
1 4482
1 3960
1 5247
1 3600
1 3825
1 4401
1 3717
1 6111
1 5670
1 6975
1 10386
1 8811
1 2070
1 4446
1 3366
1 3186
1 1233
1 6498
1 4608
1 5076
1 5985
1 6174
1 6201
1 5391
1 9864
1 4446
1 13608
1 4878
1 4590
1 5661
1 4392
1 5382
1 5634
1 6048
1 7884
1 4374
1 4617
1 5679
1 4410
1 6219
1 2331
1 6363
1 3942
1 7254
1 3762
1 3231
1 2241
1 5976
1 3366
1 6489
1 3519
1 5229
1 4131
1 2232
1 8001
1 3969
1 7209
1 4968
1 3132
1 3879
1 3807
1 4104
1 7227
1 4122
1 3537
1 2466
1 7281
1 3960
1 2394
1 6606
1 4275
1 5598
1 6165
1 5031
1 3177
1 6525
1 7308
1 5094
1 3888
1 4050
1 5472
1 3870
1 3546
1 7254
1 3987
1 3681
1 5742
1 3933
1 1089
1 3051
1 6129
1 7875
1 4221
1 6804
1 7425
1 7254
1 3240
1 6903
1 2916
1 2799
1 3537
1 4104
1 4320
1 3573
1 3717
1 6840
1 3375
1 2565
1 6111
1 10737
1 3870
1 3951
1 3888
1 4068
1 1908
1 2448
1 4932
1 6147
1 3870
1 4077
1 2862
1 4455
1 3519
1 4959
1 2889
1 3528
1 4554
1 6543
1 7362
1 5409
1 1485
1 3123
1 2934
1 1926
1 5706
1 3141
1 5040
1 1917
1 12888
1 3456
1 3465
1 5445
1 2394
1 6363
1 7443
1 11952
1 7362
1 5445
1 3069
1 3267
1 9126
1 3411
1 3978
1 3717
1 5787
1 5769
1 8550
1 7380
1 7875
1 8451
1 5796
1 14688
1 2907
1 4086
1 6768
1 4554
1 3816
1 12150
1 7029
1 10233
1 8298
1 13455
1 5364
1 7308
1 3132
1 2880
1 6084
1 6975
1 9387
1 3537
1 5247
1 9981
1 1971
1 6327
1 2214
1 5067
1 6597
1 10368
1 4626
1 6003
1 3330
1 3960
1 3420
1 5769
1 3510
1 1314
1 2934
1 2853
1 4860
1 5355
1 6111
1 3222
1 5283
1 7029
1 3663
1 5706
1 5040
1 5094
1 4905
1 3825
1 5094
1 5256
1 2151
1 4689
1 3366
1 4617
1 7434
1 5427
1 4221
1 4428
1 5787
1 7029
1 6426
1 3825
1 6012
1 8676
1 3870
1 5427
1 9990
1 5778
1 6462
1 4392
1 3510
1 4842
1 1278
1 3420
1 5697
1 3960
1 4959
1 4329
1 6345
1 3114
1 8397
1 4617
1 1629
1 2268
1 4437
1 3141
1 4401
1 2574
1 3204
1 7497
1 3735
1 3357
1 6129
1 6669
1 5202
1 2025
1 3807
1 4005
1 4662
1 3681
1 4113
1 6309
1 6903
1 3330
1 1710
1 3474
1 2880
1 2502
1 6507
1 4140
1 2466
1 1629
1 5715
1 13482
1 4410
1 6957
1 3924
1 7704
1 3366
1 6120
1 5283
1 3852
1 7299
1 4518
1 6471
1 4887
1 5337
1 6939
1 2232
1 6822
1 6066
1 5760
1 4131
1 4698
1 5877
1 2772
1 8307
1 3249
1 4392
1 5418
1 3744
1 11034
1 3348
1 3132
1 8037
1 6147
1 4428
1 5301
1 3942
1 7857
1 4014
1 4122
1 3735
1 5625
1 3951
1 7506
1 8406
1 2907
1 2304
1 4086
1 5112
1 7299
1 4851
1 4887
1 7236
1 5994
1 2502
1 5445
1 3222
1 4419
1 4392
1 3258
1 5040
1 7479
1 5436
1 4626
1 7902
1 5571
1 4590
1 3726
1 3771
1 4185
1 2583
1 6543
1 3528
1 3591
1 3573
1 5157
1 6030
1 3600
1 5031
1 4140
1 5616
1 9828
1 4896
1 2223
1 5598
1 4869
1 5238
1 4329
1 14391
1 13815
1 5859
1 7551
1 2763
1 4914
1 3726
1 2763
1 5463
1 5472
1 5292
1 7389
1 4329
1 3483
1 3159
1 7488
1 2943
1 6534
1 7515
1 4644
1 1935
1 6525
1 3393
1 5724
1 4392
1 6930
1 6921
1 5805
1 3690
1 3969
1 11952
1 9981
1 4662
1 6534
1 3951
1 7344
1 5922
1 7272
1 2925
1 4428
1 10791
1 3150
1 2223
1 4401
1 3717
1 2259
1 9405
1 2781
1 2331
1 4365
1 2934
1 8379
1 9423
1 3762
1 1305
1 3231
1 6912
1 3834
1 5265
1 3933
1 4014
1 6894
1 3969
1 3969
1 12186
1 4662
1 5310
1 3465
1 3987
1 6633
1 3519
1 2907
1 3618
1 1395
1 9972
1 4563
1 4518
1 6111
1 4185
1 5454
1 3492
1 7083
1 5508
1 9144
1 4626
1 3123
1 6048
1 4122
1 6246
1 2979
1 2241
1 5409
1 5355
1 6318
1 5670
1 14652
1 3645
1 4086
1 7083
1 3870
1 3627
1 3852
1 6372
1 12222
1 2277
1 4392
1 6147
1 2898
1 5103
1 5643
1 3681
1 5427
1 5220
1 3681
1 3177
1 4968
1 8199
1 5904
1 2574
1 8928
1 8208
1 6813
1 7065
1 4392
1 5382
1 1296
1 2088
1 5103
1 5499
1 5220
1 3555
1 4410
1 1881
1 612
1 4158
1 6093
1 5319
1 10953
1 3528
1 4644
1 7371
1 9918
1 9342
1 6399
1 9378
1 6138
1 9117
1 5427
1 7812
1 4905
1 5121
1 2385
1 7470
1 5526
1 6354
1 3330
1 3411
1 5058
1 7317
1 4176
1 5490
1 5292
1 12006
1 5418
1 5319
1 4338
1 3465
1 6966
1 5103
1 8199
1 13113
1 5346
1 3492
1 6534
1 7434
1 3690
1 4941
1 6993
1 5760
1 6111
1 5706
1 8757
1 8757
1 2331
1 3708
1 6705
1 3978
1 3789
1 5868
1 2916
1 5652
1 5580
1 6435
1 7407
1 3753
1 1773
1 10800
1 6642
1 6399
1 9774
1 6471
1 8739
1 5220
1 4680
1 2898
1 4005
1 7983
1 3888
1 2970
1 4509
1 8451
1 3150
1 9486
1 3771
1 7002
1 3915
1 1224
1 3771
1 7155
1 6723
1 7839
1 10233
1 6525
1 8037
1 3519
1 6228
1 2295
1 6084
1 4365
1 3933
1 6147
1 4626
1 5742
1 5427
1 2880
1 6039
1 9009
1 6957
1 5247
1 6201
1 10107
1 3114
1 3303
1 7443
1 5778
1 2232
1 7668
1 5733
1 3807
1 2745
1 3888
1 5778
1 7029
1 5292
1 3384
1 8919
1 5472
1 1296
1 3888
1 3834
1 5130
1 10098
1 4185
1 6930
1 6003
1 5049
1 6786
1 8676
1 6390
1 6804
1 5202
1 3132
1 2205
1 1944
1 3618
1 9351
1 2196
1 1962
1 6075
1 4401
1 2727
1 3420
1 1611
1 7776
1 7056
1 3915
1 4041
1 7227
1 1287
1 3861
1 2853
1 6534
1 18099
1 3087
1 4401
1 4725
1 6948
1 6129
1 4140
1 5274
1 8550
1 5256
1 2358
1 1908
1 3537
1 4032
1 5319
1 4995
1 5031
1 3852
1 6174
1 3465
1 6129
1 8541
1 3357
1 5301
1 1962
1 6156
1 3780
1 4851
1 6300
1 8199
1 3744
1 9855
1 8334
1 3780
1 5382
1 8955
1 4428
1 3015
1 4077
1 6921
1 7281
1 5220
1 5445
1 3150
1 4995
1 5445
1 8370
1 4401
1 9333
1 2907
1 5868
1 6921
1 7272
1 4104
1 5445
1 5841
1 4095
1 8001
1 7866
1 7200
1 6507
1 4059
1 7407
1 4635
1 9603
1 5751
1 4473
1 4473
1 2664
1 8091
1 3888
1 9765
1 7713
1 1899
1 6705
1 3132
1 2889
1 8271
1 9738
1 3555
1 5202
1 6390
1 3681
1 3987
1 3951
1 3879
1 7731
1 5445
1 5103
1 7407
1 6219
1 4419
1 3087
1 6102
1 3807
1 5013
1 6975
1 5364
1 3141
1 3573
1 6120
1 3357
1 3573
1 4482
1 5427
1 8847
1 5652
1 4428
1 5355
1 5625
1 4572
1 7038
1 5058
1 1575
1 1845
1 3780
1 5013
1 5436
1 4059
1 3564
1 3879
1 6066
1 3744
1 7830
1 5625
1 7695
1 3159
1 3906
1 7731
1 3924
1 5409
1 4464
1 6741
1 7353
1 2061
1 2943
1 8226
1 2304
1 2358
1 2430
1 6066
1 2466
1 2160
1 5067
1 6300
1 1908
1 3150
1 4203
1 3501
1 2394
1 7884
1 7452
1 1836
1 11007
1 1773
1 3753
1 4761
1 9810
1 3123
1 3573
1 7416
1 7452
1 3915
1 7092
1 7524
1 8811
1 3699
1 5139
1 5967
1 6687
1 5040
1 999
1 6102
1 4977
1 7479
1 7929
1 5805
1 5625
1 5769
1 4221
1 6012
1 4914
1 3393
1 10368
1 5283
1 3267
1 12951
1 4392
1 1935
1 2925
1 5103
1 5112
1 4401
1 3114
1 8928
1 6687
1 4482
1 8487
1 2817
1 4644
1 5238
1 5274
1 7038
1 5679
1 3429
1 3726
1 2367
1 4122
1 5265
1 2925
1 6030
1 3519
1 5724
1 4869
1 3717
1 5625
1 4032
1 5283
1 3735
1 2934
1 2502
1 3951
1 3222
1 4590
1 7227
1 4041
1 3762
1 10755
1 13302
1 7443
1 1872
1 5238
1 6057
1 6849
1 5040
1 2754
1 7254
1 7236
1 5418
1 8478
1 4014
1 13833
1 5040
1 7200
1 5436
1 8046
1 9162
1 4104
1 5724
1 3852
1 5823
1 7227
1 3924
1 5238
1 1908
1 7452
1 5049
1 3366
1 6156
1 5787
1 3672
1 6066
1 5247
1 1503
1 15381
1 3942
1 9342
1 6444
1 3681
1 4626
1 6534
1 3393
1 5670
1 4815
1 1863
1 6147
1 3492
1 4140
1 5454
1 6525
1 3672
1 3105
1 4617
1 4968
1 6534
1 3618
1 3888
1 7092
1 3096
1 6093
1 4851
1 3807
1 2871
1 3501
1 6039
1 2061
1 3897
1 6354
1 5220
1 3771
1 5472
1 3933
1 4032
1 6903
1 7515
1 1836
1 5238
1 13644
1 3591
1 4374
1 10161
1 4923
1 7119
1 6048
1 6129
1 7506
1 6498
1 5058
1 2214
1 1224
1 2880
1 3699
1 6129
1 6633
1 3717
1 3744
1 3132
1 2232
1 5490
1 3393
1 6993
1 3357
1 4230
1 6129
1 3897
1 3060
1 4320
1 3708
1 1332
1 5985
1 5634
1 4149
1 3852
1 13410
1 3717
1 1638
1 6480
1 5346
1 1755
1 5256
1 6021
1 5724
1 4032
1 2628
1 5022
1 10287
1 9432
1 2916
1 4725
1 3789
1 5472
1 4545
1 6075
1 6075
1 2214
1 7911
1 3726
1 6570
1 4401
1 4851
1 5247
1 7425
1 3177
1 6048
1 7452
1 3123
1 7425
1 2952
1 8595
1 2205
1 3708
1 5760
1 2610
1 6534
1 4608
1 5463
1 7029
1 3897
1 2268
1 3132
1 4203
1 4887
1 5454
1 3861
1 3114
1 7668
1 5994
1 5067
1 9450
1 4581
1 3357
1 3447
1 5697
1 3834
1 3852
1 4842
1 1728
1 2898
1 3870
1 5445
1 4023
1 6066
1 8010
1 6543
1 11745
1 7533
1 3852
1 5391
1 5058
1 6111
1 4419
1 3348
1 6903
1 3681
1 3654
1 1962
1 4509
1 3888
1 5607
1 3906
1 5760
1 2754
1 7029
1 3987
1 3996
1 1764
1 4887
1 3546
1 4194
1 3735
1 3780
1 4113
1 2061
1 4653
1 4131
1 6912
1 2250
1 7308
1 2916
1 11286
1 9459
1 6894
1 5229
1 8226
1 6084
1 2898
1 5724
1 5238
1 2781
1 2889
1 4473
1 7938
1 3384
1 2349
1 4050
1 837
1 3600
1 8937
1 3519
1 4374
1 3186
1 3843
1 7218
1 4914
1 4878
1 6939
1 5472
1 5409
1 7452
1 7830
1 3879
1 7830
1 6651
1 5499
1 5805
1 2889
1 7281
1 1881
1 6777
1 4428
1 4653
1 5238
1 3978
1 5247
1 3645
1 6516
1 3978
1 11961
1 6066
1 3645
1 7290
1 4257
1 5976
1 2538
1 3519
1 3933
1 11106
1 7281
1 4563
1 5049
1 8829
1 6480
1 3546
1 7371
1 1260
1 6651
1 2205
1 3609
1 4626
1 5067
1 5814
1 8217
1 3438
1 3168
1 7371
1 2916
1 3753
1 4473
1 5256
1 4698
1 7380
1 1908
1 5445
1 2781
1 7110
1 1989
1 6030
1 6579
1 5490
1 6165
1 4626
1 6633
1 8055
1 6048
1 3816
1 5562
1 4482
1 9288
1 5454
1 3879
1 3933
1 6624
1 5472
1 6597
1 5049
1 3357
1 3717
1 4923
1 1467
1 7416
1 2934
1 5733
1 2358
1 3699
1 3897
1 2547
1 3546
1 6534
1 6687
1 12231
1 12285
1 4401
1 3060
1 8865
1 5562
1 3753
1 3771
1 3951
1 5265
1 4869
1 9072
1 7245
1 4401
1 2628
1 2232
1 4770
1 5103
1 4707
1 3564
1 3132
1 6012
1 7812
1 6111
1 3915
1 5454
1 6156
1 3807
1 4950
1 2826
1 6948
1 4527
1 2322
1 4707
1 5373
1 2160
1 7236
1 5040
1 3483
1 5796
1 6102
1 8937
1 6084
1 8163
1 7218
1 4851
1 2835
1 7254
1 12447
1 3708
1 2232
1 6255
1 6138
1 6102
1 5814
1 6885
1 3375
1 5733
1 2448
1 4023
1 3987
1 3519
1 7911
1 5310
1 8334
1 6885
1 3015
1 10503
1 3618
1 2826
1 5715
1 1737
1 7236
1 4572
1 3348
1 5355
1 5454
1 3816
1 3681
1 3888
1 3789
1 3393
1 5238
1 8424
1 3285
1 13644
1 8946
1 7164
1 2223
1 8433
1 7407
1 7281
1 3519
1 7119
1 3852
1 4914
1 3528
1 8658
1 5229
1 3852
1 2106
1 3006
1 5301
1 4086
1 3942
1 7479
1 7263
1 6057
1 2862
1 4644
1 5301
1 6057
1 5436
1 4788
1 5283
1 8226
1 6633
1 7263
1 4113
1 3384
1 3510
1 3789
1 3780
1 10395
1 1953
1 2745
1 7263
1 5607
1 4905
1 5211
1 1899
1 1179
1 7848
1 6633
1 5994
1 6597
1 3447
1 6885
1 3600
1 8028
1 9891
1 6147
1 7029
1 8856
1 10773
1 6867
1 5607
1 6111
1 4968
1 5823
1 4716
1 3834
1 7236
1 3942
1 1818
1 2484
1 7479
1 3087
1 4509
1 5481
1 3402
1 11349
1 3879
1 1818
1 6066
1 9486
1 4662
1 4770
1 6147
1 5418
1 11646
1 9333
1 5085
1 6912
1 4005
1 3852
1 1746
1 4383
1 7623
1 6210
1 8487
1 4410
1 6453
1 4680
1 1647
1 3213
1 4419
1 3024
1 3519
1 6606
1 4374
1 3618
1 3780
1 4905
1 7299
1 3888
1 3843
1 3987
1 4824
1 5661
1 3492
1 4500
1 4410
1 5760
1 5976
1 3699
1 3654
1 8325
1 3645
1 8955
1 9018
1 8649
1 2808
1 6651
1 2394
1 3618
1 8712
1 3330
1 8928
1 5427
1 2484
1 7821
1 3816
1 5256
1 7254
1 3879
1 6642
1 6039
1 5382
1 1620
1 2205
1 3591
1 3960
1 9639
1 2016
1 8406
1 5742
1 1836
1 3051
1 5760
1 3987
1 6012
1 6093
1 8325
1 4770
1 8262
1 6075
1 10179
1 4617
1 7236
1 8865
1 6642
1 3843
1 3771
1 2484
1 5409
1 5121
1 7155
1 6120
1 3924
1 4842
1 4068
1 3186
1 7200
1 4914
1 3924
1 4374
1 4113
1 5553
1 2979
1 2070
1 5076
1 3528
1 7065
1 10728
1 3087
1 6696
1 1701
1 9972
1 8586
1 5067
1 6111
1 4887
1 5436
1 5994
1 8595
1 5409
1 5382
1 3735
1 1917
1 5751
1 13113
1 7470
1 7209
1 5436
1 4653
1 6912
1 4257
1 7596
1 1674
1 3411
1 19026
1 5751
1 3618
1 6345
1 7371
1 2781
1 3105
1 5355
1 7596
1 5886
1 4068
1 3492
1 3618
1 3555
1 8451
1 5292
1 6471
1 4860
1 3915
1 6084
1 5364
1 7443
1 5049
1 9684
1 7002
1 3348
1 3708
1 3411
1 5625
1 2601
1 2772
1 4032
1 3915
1 9432
1 9621
1 11745
1 5085
1 6777
1 2835
1 6687
1 5958
1 4086
1 3339
1 6516
1 7209
1 5445
1 11520
1 6156
1 3330
1 5238
1 5805
1 2385
1 2331
1 8352
1 3789
1 7209
1 5886
1 5166
1 2250
1 3960
1 6039
1 4005
1 3906
1 7857
1 5229
1 4050
1 1548
1 5310
1 4662
1 6300
1 3843
1 4590
1 4563
1 7245
1 5418
1 2304
1 7353
1 2574
1 3852
1 1926
1 6858
1 4950
1 14175
1 3744
1 5715
1 3474
1 5085
1 1665
1 9306
1 7389
1 2907
1 2367
1 5229
1 3780
1 6309
1 3213
1 12321
1 8793
1 7830
1 3375
1 6102
1 8154
1 11745
1 6048
1 3753
1 7227
1 5031
1 3105
1 5778
1 7398
1 1260
1 2889
1 7029
1 8685
1 2475
1 6705
1 8784
1 2745
1 6444
1 7272
1 3384
1 6354
1 5085
1 13338
1 5085
1 6660
1 4311
1 6714
1 3807
1 3096
1 3231
1 3663
1 3438
1 2511
1 1944
1 3123
1 4041
1 7218
1 7020
1 7227
1 4896
1 3852
1 6147
1 5697
1 3690
1 5724
1 6372
1 4779
1 8775
1 6075
1 3231
1 5103
1 5859
1 5229
1 6300
1 5229
1 4464
1 6120
1 8055
1 5274
1 5031
1 3987
1 7020
1 5715
1 5931
1 2529
1 8973
1 6327
1 5706
1 3771
1 3825
1 3618
1 3888
1 9315
1 7353
1 4455
1 7704
1 5427
1 7353
1 7452
1 3276
1 3177
1 3528
1 3528
1 2835
1 7245
1 3609
1 3519
1 2700
1 6120
1 5067
1 5220
1 2970
1 1872
1 5589
1 8991
1 6507
1 3879
1 4869
1 1881
1 5229
1 7254
1 8667
1 6624
1 8487
1 2430
1 6588
1 6867
1 7227
1 4050
1 6642
1 5175
1 1881
1 1260
1 4275
1 7749
1 6516
1 6021
1 6957
1 8307
1 2880
1 7083
1 5103
1 7074
1 5202
1 3555
1 5454
1 5058
1 5445
1 3771
1 3573
1 17064
1 4896
1 3906
1 3915
1 7020
1 2907
1 5211
1 8199
1 2268
1 4626
1 8145
1 3690
1 4914
1 3888
1 3789
1 3177
1 6642
1 10746
1 9621
1 3969
1 2772
1 5625
1 7920
1 5922
1 5238
1 9486
1 3789
1 3897
1 3501
1 6102
1 5427
1 6075
1 7776
1 5769
1 7218
1 3888
1 6084
1 4230
1 3969
1 4104
1 4464
1 7299
1 5328
1 3906
1 8163
1 7236
1 6363
1 7839
1 5094
1 2970
1 8280
1 3582
1 8802
1 3573
1 9036
1 5094
1 4275
1 4608
1 9729
1 2961
1 4518
1 6588
1 2907
1 5886
1 5382
1 1971
1 5409
1 7218
1 5814
1 3870
1 3528
1 9144
1 5706
1 4014
1 3978
1 6039
1 5463
1 7677
1 5733
1 7623
1 4383
1 3663
1 4257
1 6984
1 2493
1 7380
1 7551
1 3879
1 7794
1 4887
1 2439
1 3438
1 3609
1 4887
1 7299
1 4104
1 2898
1 3150
1 8163
1 4005
1 5823
1 3771
1 7749
1 5778
1 1701
1 3357
1 8523
1 7416
1 7209
1 1737
1 2763
1 5058
1 1647
1 5562
1 3888
1 5022
1 4005
1 7677
1 7218
1 4716
1 2115
1 5670
1 5994
1 6705
1 4428
1 4149
1 10584
1 8388
1 4392
1 3537
1 5436
1 2997
1 3960
1 7668
1 4869
1 3150
1 5103
1 3942
1 5580
1 5724
1 8694
1 1674
1 7371
1 5202
1 7407
1 4635
1 3051
1 5481
1 5526
1 3564
1 4428
1 5481
1 3420
1 4815
1 2331
1 3645
1 7074
1 2322
1 3375
1 2394
1 4230
1 5742
1 6975
1 3690
1 7110
1 2763
1 3636
1 4896
1 909
1 7173
1 2232
1 7344
1 5427
1 5436
1 3771
1 891
1 1206
1 5031
1 9612
1 4104
1 7290
1 9909
1 1233
1 3960
1 5814
1 1872
1 7389
1 5706
1 5904
1 7758
1 8631
1 4446
1 1953
1 2871
1 5355
1 5535
1 7920
1 3708
1 4644
1 12186
1 11700
1 3141
1 1980
1 8523
1 4032
1 3852
1 3366
1 4788
1 5733
1 6039
1 7263
1 4473
1 5463
1 5220
1 2016
1 6786
1 5121
1 3942
1 6903
1 5085
1 8217
1 14454
1 6012
1 5436
1 4437
1 3105
1 7254
1 2358
1 6102
1 5454
1 11907
1 11646
1 4023
1 5454
1 3114
1 9153
1 2781
1 3537
1 3789
1 3879
1 5463
1 6966
1 5634
1 6651
1 7425
1 10629
1 7353
1 5436
1 3384
1 4509
1 1458
1 6426
1 3501
1 3591
1 3465
1 3789
1 8127
1 5652
1 4365
1 6507
1 3843
1 3150
1 3879
1 7794
1 7326
1 3546
1 3321
1 5778
1 4401
1 4725
1 6363
1 3843
1 7182
1 9297
1 2601
1 3510
1 3375
1 11781
1 3996
1 5679
1 2295
1 3951
1 5616
1 8127
1 7677
1 6894
1 5427
1 2385
1 3231
1 6678
1 1611
1 4374
1 5715
1 8748
1 4068
1 5094
1 6633
1 6156
1 5742
1 3969
1 4995
1 5796
1 6903
1 5040
1 3528
1 2763
1 7416
1 3870
1 2934
1 1746
1 7416
1 2241
1 3690
1 3681
1 13806
1 5094
1 2286
1 2898
1 4005
1 7092
1 5373
1 9099
1 4905
1 5202
1 5472
1 4635
1 2187
1 3402
1 2529
1 4446
1 9108
1 3888
1 6102
1 1557
1 6912
1 7533
1 6102
1 6030
1 2889
1 5103
1 4617
1 2196
1 8964
1 6912
1 2223
1 5337
1 1863
1 5499
1 4104
1 6480
1 2484
1 10413
1 3897
1 9072
1 3978
1 6426
1 5058
1 10044
1 5418
1 4455
1 4707
1 4338
1 1665
1 5868
1 4347
1 5733
1 4239
1 2232
1 6723
1 7407
1 6894
1 6570
1 4869
1 3582
1 4923
1 4365
1 5256
1 3501
1 7965
1 4644
1 5706
1 2655
1 8856
1 2979
1 9153
1 5733
1 5058
1 3987
1 5274
1 3726
1 6552
1 3222
1 3564
1 3870
1 3015
1 2799
1 5940
1 3915
1 6993
1 5985
1 3258
1 7605
1 3384
1 6912
1 4050
1 3861
1 4806
1 5067
1 6309
1 5481
1 5760
1 5328
1 5058
1 6102
1 8865
1 5067
1 1854
1 8595
1 6174
1 9891
1 7641
1 3321
1 7065
1 4176
1 3879
1 3636
1 5040
1 7713
1 2754
1 4284
1 5067
1 5256
1 2781
1 3987
1 6156
1 10683
1 3654
1 6318
1 5391
1 7776
1 3510
1 4887
1 5418
1 4887
1 3852
1 6219
1 7425
1 2619
1 6021
1 4905
1 4248
1 6642
1 5058
1 3150
1 4941
1 3213
1 3375
1 3978
1 4572
1 5265
1 4338
1 6165
1 8793
1 1638
1 2610
1 8253
1 6111
1 3807
1 6903
1 5238
1 2232
1 8622
1 5103
1 6147
1 2259
1 4068
1 3906
1 2619
1 3681
1 5094
1 4410
1 4581
1 1701
1 4581
1 3627
1 4329
1 3726
1 7407
1 5751
1 9135
1 5436
1 1206
1 4887
1 4653
1 2925
1 3645
1 6147
1 4941
1 5229
1 3348
1 5436
1 3816
1 8730
1 8568
1 4914
1 6246
1 6948
1 4005
1 11376
1 5706
1 6318
1 3663
1 4383
1 4023
1 4104
1 5481
1 6867
1 3861
1 7200
1 4131
1 3852
1 3348
1 10224
1 3411
1 5841
1 6372
1 2205
1 5445
1 4014
1 7290
1 2925
1 2997
1 7407
1 3771
1 5265
1 2880
1 6165
1 3123
1 9216
1 3933
1 5499
1 4860
1 2961
1 6957
1 5832
1 5436
1 4680
1 4608
1 3942
1 5445
1 5976
1 8847
1 8415
1 5247
1 5760
1 4455
1 1809
1 2214
1 3546
1 7290
1 3870
1 4410
1 5445
1 2196
1 3186
1 4383
1 3105
1 1935
1 5445
1 2835
1 2628
1 8982
1 3960
1 7668
1 6984
1 3564
1 7704
1 3798
1 4590
1 9171
1 2961
1 6066
1 3897
1 1656
1 3150
1 5499
1 5778
1 6165
1 6102
1 9378
1 7659
1 3879
1 3906
1 1701
1 5544
1 3798
1 5400
1 4950
1 5301
1 7569
1 5400
1 6345
1 6948
1 4077
1 7065
1 1521
1 6399
1 7731
1 8253
1 6669
1 3933
1 7866
1 4203
1 5409
1 6102
1 3690
1 3276
1 3906
1 2952
1 11097
1 5130
1 4977
1 6147
1 8748
1 4671
1 9396
1 6102
1 7047
1 5238
1 4338
1 4113
1 7281
1 6687
1 3996
1 4572
1 3852
1 3591
1 5445
1 3978
1 5058
1 5301
1 7245
1 4122
1 3726
1 3123
1 5220
1 3330
1 3528
1 2484
1 4428
1 7155
1 2916
1 4671
1 9531
1 2880
1 4077
1 6075
1 6822
1 4995
1 5742
1 8334
1 3249
1 7416
1 3681
1 8325
1 5256
1 6975
1 5049
1 5823
1 5688
1 1620
1 8658
1 3177
1 1629
1 3969
1 5121
1 5760
1 7551
1 5031
1 7254
1 2331
1 3222
1 10188
1 10269
1 5211
1 7524
1 5742
1 3960
1 3771
1 6714
1 6102
1 5049
1 5742
1 7722
1 4653
1 6660
1 7371
1 5238
1 4068
1 7083
1 4005
1 5625
1 6120
1 4653
1 7047
1 3528
1 2799
1 5454
1 10179
1 9774
1 3078
1 10836
1 4464
1 3672
1 7335
1 3222
1 6903
1 5463
1 5445
1 7227
1 6426
1 6291
1 5490
1 17064
1 3573
1 3879
1 4950
1 3537
1 6300
1 3879
1 5778
1 3717
1 6525
1 6129
1 3906
1 3861
1 6030
1 4644
1 3816
1 8640
1 3816
1 3906
1 5085
1 4077
1 8721
1 5625
1 5301
1 1881
1 9945
1 5265
1 3231
1 5472
1 5121
1 3933
1 3870
1 6174
1 3564
1 3753
1 3591
1 4914
1 3987
1 3474
1 3366
1 5301
1 5094
1 3591
1 4689
1 7884
1 6912
1 6588
1 6894
1 7038
1 5058
1 3816
1 4869
1 6048
1 3888
1 8901
1 5076
1 4131
1 5022
1 3645
1 3591
1 2331
1 5706
1 5760
1 3096
1 4680
1 3411
1 4338
1 3465
1 4941
1 5040
1 12978
1 3690
1 1656
1 1665
1 6534
1 6678
1 3123
1 3357
1 8001
1 3771
1 8919
1 3366
1 3096
1 2799
1 5418
1 5238
1 2925
1 2862
1 8496
1 3501
1 5409
1 9405
1 9090
1 3699
1 5301
1 4977
1 5823
1 5067
1 4410
1 6687
1 3978
1 4293
1 4131
1 5616
1 7290
1 6651
1 3591
1 3465
1 3285
1 4077
1 1539
1 8964
1 5418
1 4149
1 3303
1 1899
1 7947
1 3528
1 5805
1 5868
1 7371
1 5697
1 3249
1 1647
1 5418
1 3231
1 2160
1 3510
1 3672
1 2385
1 3789
1 4014
1 1836
1 5058
1 6174
1 4464
1 3564
1 1908
1 4878
1 5229
1 4473
1 2952
1 5508
1 5058
1 4392
1 6633
1 3393
1 4680
1 4059
1 1863
1 7227
1 3942
1 3132
1 5868
1 3951
1 3681
1 1899
1 6597
1 4644
1 5472
1 6543
1 3951
1 9126
1 5688
1 3654
1 5346
1 3699
1 5265
1 3987
1 3537
1 4644
1 2916
1 6984
1 4122
1 7335
1 4878
1 6255
1 3591
1 4113
1 5877
1 11511
1 7668
1 3645
1 5211
1 8613
1 5418
1 3960
1 3492
1 3852
1 14598
1 2916
1 3420
1 5625
1 6138
1 4968
1 8820
1 8019
1 3177
1 6912
1 4572
1 4311
1 7443
1 2088
1 1719
1 5616
1 5382
1 5724
1 1638
1 3870
1 3591
1 5895
1 7218
1 7263
1 5292
1 5049
1 3762
1 6030
1 3393
1 7038
1 2907
1 6921
1 3519
1 2952
1 4869
1 3807
1 6624
1 7029
1 8010
1 4266
1 3798
1 5985
1 3240
1 3978
1 4365
1 4464
1 6687
1 3852
1 8739
1 4878
1 5301
1 5040
1 8955
1 4113
1 3537
1 4428
1 3861
1 5148
1 4437
1 2124
1 5949
1 6255
1 4599
1 3384
1 7209
1 3897
1 12213
1 4374
1 6129
1 1530
1 3870
1 5625
1 8010
1 3096
1 6876
1 6309
1 9423
1 2961
1 4203
1 2610
1 2907
1 5643
1 5679
1 6867
1 5382
1 2790
1 6336
1 3780
1 3393
1 6291
1 4698
1 2403
1 3105
1 3663
1 5220
1 1926
1 5049
1 2943
1 5634
1 6120
1 6021
1 3852
1 6336
1 8838
1 6579
1 6129
1 5103
1 3366
1 5436
1 3222
1 3888
1 5364
1 3924
1 5724
1 8901
1 6858
1 4266
1 8649
1 3528
1 4896
1 3645
1 3879
1 4104
1 7056
1 10908
1 3186
1 2304
1 1854
1 4878
1 6948
1 9684
1 8910
1 7182
1 3888
1 4041
1 1449
1 2196
1 2772
1 3483
1 8991
1 3906
1 3213
1 3924
1 4383
1 10971
1 4590
1 3393
1 8460
1 4905
1 5652
1 8406
1 4086
1 3663
1 4869
1 2187
1 5103
1 2799
1 8460
1 3609
1 5058
1 4095
1 3141
1 3402
1 3483
1 6957
1 4680
1 3924
1 11853
1 3384
1 3897
1 4365
1 7380
1 6957
1 5625
1 5049
1 8253
1 4041
1 4896
1 6138
1 5391
1 5058
1 5238
1 6687
1 5319
1 6597
1 4806
1 7236
1 3582
1 5391
1 4410
1 9495
1 4275
1 7938
1 5490
1 3672
1 5229
1 6903
1 2907
1 5544
1 3294
1 5031
1 2763
1 3141
1 4896
1 7929
1 3690
1 3798
1 7857
1 8676
1 7479
1 2772
1 5796
1 5499
1 4581
1 3744
1 7317
1 4140
1 1989
1 2934
1 1647
1 4842
1 6714
1 3159
1 5661
1 2925
1 4158
1 1773
1 4113
1 4059
1 3690
1 6111
1 3510
1 1278
1 5220
1 9738
1 5220
1 3537
1 6903
1 4932
1 5463
1 6327
1 2196
1 8415
1 12501
1 3942
1 5895
1 5292
1 12618
1 4617
1 5679
1 3645
1 5346
1 5670
1 1521
1 3726
1 8766
1 5454
1 6057
1 3690
1 2835
1 5427
1 3051
1 11664
1 6120
1 7101
1 1854
1 3789
1 4122
1 7434
1 3987
1 4572
1 4248
1 3537
1 2916
1 6876
1 5904
1 2232
1 7470
1 3897
1 3942
1 2619
1 5796
1 3699
1 3888
1 3906
1 2925
1 3987
1 1782
1 7029
1 4707
1 3780
1 7479
1 3564
1 5022
1 7461
1 1953
1 2898
1 7065
1 3546
1 4914
1 4572
1 3969
1 1530
1 6669
1 4923
1 3096
1 6606
1 5670
1 4275
1 3771
1 6012
1 3933
1 2295
1 5040
1 8244
1 5472
1 3132
1 7425
1 3240
1 2898
1 1917
1 7002
1 3870
1 6642
1 6696
1 5724
1 3699
1 5049
1 3753
1 6534
1 3501
1 3357
1 10629
1 2862
1 3429
1 3123
1 2871
1 5724
1 5022
1 7740
1 5301
1 2916
1 4419
1 6939
1 5589
1 5643
1 3816
1 1998
1 4644
1 13932
1 6084
1 1377
1 10089
1 4761
1 3366
1 3690
1 3717
1 3906
1 2934
1 6111
1 5355
1 3789
1 5031
1 5166
1 9576
1 4329
1 2871
1 5283
1 4113
1 2916
1 3618
1 6615
1 6651
1 12456
1 5085
1 3924
1 5202
1 6039
1 5238
1 3681
1 7191
1 5373
1 5103
1 2214
1 918
1 1737
1 15795
1 3015
1 3843
1 5346
1 3276
1 2592
1 2979
1 6840
1 3402
1 3870
1 5418
1 5877
1 4374
1 7317
1 5112
1 7236
1 6021
1 4086
1 3870
1 4860
1 5724
1 6120
1 5634
1 5796
1 4032
1 3924
1 1494
1 3753
1 9477
1 7911
1 6156
1 7002
1 10467
1 7461
1 5751
1 4365
1 3969
1 3969
1 3870
1 7470
1 5022
1 4023
1 2286
1 3150
1 4554
1 8793
1 3510
1 4122
1 4212
1 4113
1 6012
1 6624
1 2448
1 6273
1 3132
1 7470
1 8406
1 3825
1 6408
1 9324
1 3348
1 6912
1 6894
1 7857
1 11349
1 5175
1 3762
1 3609
1 5166
1 8010
1 3564
1 6462
1 5742
1 7173
1 3393
1 7227
1 2970
1 5832
1 9639
1 4005
1 5688
1 3321
1 3744
1 8820
1 2853
1 5652
1 7020
1 5220
1 2196
1 7488
1 7668
1 6678
1 5463
1 4878
1 4077
1 3321
1 3105
1 6363
1 1863
1 4968
1 5679
1 3474
1 3852
1 3285
1 3528
1 13401
1 1251
1 3888
1 13221
1 5445
1 3069
1 3915
1 3672
1 3924
1 3717
1 7911
1 6669
1 3645
1 6129
1 6030
1 4392
1 2799
1 2934
1 4770
1 3897
1 7218
1 5121
1 7920
1 3888
1 3807
1 8604
1 4077
1 5256
1 4590
1 8055
1 5463
1 4680
1 7020
1 3132
1 3780
1 3645
1 5625
1 3789
1 5184
1 3825
1 3510
1 5337
1 9441
1 13842
1 3816
1 5031
1 6138
1 7218
1 4167
1 6669
1 4176
1 3816
1 7686
1 5391
1 4248
1 2142
1 5661
1 7875
1 12186
1 2439
1 5049
1 3087
1 6579
1 2466
1 5643
1 3870
1 3888
1 3915
1 8217
1 5697
1 2853
1 3654
1 8280
1 3402
1 9666
1 4824
1 4977
1 5805
1 3924
1 3663
1 7290
1 3357
1 8028
1 5337
1 2943
1 2925
1 5697
1 7263
1 4743
1 3519
1 6705
1 1287
1 13005
1 7227
1 4563
1 4122
1 4284
1 11952
1 2034
1 3924
1 6516
1 4293
1 6894
1 2754
1 3519
1 3447
1 5067
1 8505
1 5454
1 3942
1 2880
1 3852
1 9387
1 9396
1 6678
1 6318
1 5598
1 8703
1 3762
1 9117
1 4869
1 5436
1 3825
1 5076
1 2349
1 6066
1 2196
1 4122
1 6597
1 4590
1 3519
1 6633
1 6138
1 6579
1 3852
1 8010
1 3843
1 4896
1 4428
1 4464
1 6057
1 8937
1 3753
1 5436
1 6111
1 4473
1 5085
1 7335
1 7416
1 3519
1 3123
1 13797
1 5805
1 5229
1 3906
1 7254
1 5058
1 4716
1 9999
1 5094
1 3987
1 6876
1 7182
1 1665
1 2340
1 6687
1 2754
1 6048
1 5517
1 7497
1 1890
1 4725
1 4428
1 5841
1 6507
1 4644
1 3636
1 6642
1 6957
1 2763
1 3807
1 4104
1 6336
1 5490
1 4455
1 5301
1 4662
1 6525
1 10251
1 5418
1 6813
1 2205
1 4950
1 5436
1 3951
1 4554
1 5481
1 6174
1 6525
1 5400
1 6237
1 2475
1 7713
1 7461
1 3897
1 3771
1 14895
1 4329
1 5265
1 3843
1 6156
1 4959
1 2925
1 9954
1 4374
1 2160
1 4383
1 1224
1 6552
1 5085
1 3123
1 4563
1 5229
1 6687
1 7812
1 3681
1 9801
1 4086
1 5535
1 3591
1 3537
1 3843
1 5139
1 5283
1 6957
1 4698
1 3393
1 7470
1 4023
1 3969
1 5427
1 3546
1 6237
1 4932
1 5616
1 8091
1 5319
1 2628
1 6489
1 6525
1 2043
1 8577
1 1377
1 4572
1 7272
1 3699
1 3996
1 5688
1 5436
1 5292
1 10908
1 5238
1 6966
1 3411
1 6948
1 6300
1 5031
1 6165
1 7074
1 3231
1 6345
1 4023
1 5706
1 6318
1 5418
1 3096
1 4041
1 5760
1 1818
1 5373
1 2943
1 3852
1 5445
1 4266
1 5175
1 6120
1 6147
1 5472
1 5328
1 13464
1 6363
1 6021
1 1638
1 4698
1 6993
1 3015
1 5211
1 8136
1 15912
1 2331
1 4851
1 6561
1 2286
1 1035
1 3690
1 5283
1 3339
1 7758
1 8622
1 2934
1 7902
1 3393
1 4995
1 3096
1 3969
1 2169
1 3348
1 2421
1 2196
1 5769
1 8424
1 4905
1 5049
1 5031
1 3879
1 1350
1 3087
1 1665
1 6156
1 10197
1 4671
1 4455
1 2871
1 1602
1 4455
1 5787
1 7281
1 3753
1 7821
1 1890
1 2943
1 3006
1 4986
1 3942
1 2394
1 5472
1 1152
1 7686
1 3852
1 7848
1 3240
1 8415
1 4050
1 4104
1 4635
1 7677
1 2169
1 11898
1 7074
1 4077
1 6291
1 3348
1 6903
1 4059
1 6147
1 3996
1 3132
1 5157
1 2592
1 711
1 6903
1 3420
1 8874
1 5409
1 6957
1 8271
1 7740
1 2898
1 5742
1 5022
1 2457
1 10098
1 5265
1 7128
1 5229
1 2979
1 5400
1 7479
1 6975
1 6534
1 4410
1 8784
1 3672
1 9279
1 4869
1 4086
1 7425
1 5211
1 3888
1 2862
1 6345
1 3960
1 7011
1 8595
1 3924
1 1215
1 7713
1 2025
1 3789
1 4806
1 2376
1 2934
1 4626
1 4446
1 5328
1 8928
1 3429
1 4203
1 4851
1 4941
1 5031
1 5427
1 7227
1 10719
1 4788
1 3888
1 4779
1 2178
1 5463
1 4986
1 4176
1 3717
1 5679
1 5688
1 4050
1 3474
1 5148
1 2187
1 4410
1 13833
1 2943
1 3915
1 3681
1 3933
1 3564
1 7470
1 6939
1 5436
1 6435
1 2331
1 3942
1 3762
1 6930
1 6525
1 8883
1 8424
1 7722
1 7911
1 3393
1 3771
1 3600
1 7776
1 4671
1 6930
1 3366
1 4608
1 1827
1 6669
1 4428
1 4176
1 4113
1 6507
1 2745
1 3771
1 3447
1 5859
1 7020
1 2655
1 7875
1 3969
1 8469
1 11952
1 3708
1 2268
1 2331
1 7317
1 6138
1 7299
1 2943
1 3177
1 3789
1 2844
1 3798
1 5184
1 5616
1 2916
1 4104
1 11151
1 7569
1 7236
1 3924
1 6147
1 3978
1 3726
1 8865
1 3681
1 2259
1 5760
1 5004
1 3384
1 8028
1 9954
1 4140
1 8604
1 6885
1 1746
1 7119
1 7524
1 4446
1 5427
1 4122
1 3465
1 3375
1 4725
1 3483
1 7416
1 4896
1 4428
1 4050
1 4410
1 3033
1 5130
1 4428
1 3681
1 6957
1 3924
1 3528
1 7299
1 7254
1 3042
1 3582
1 9117
1 5220
1 6246
1 5463
1 1215
1 7515
1 8829
1 4266
1 8226
1 5067
1 3645
1 7200
1 1746
1 6363
1 2898
1 1836
1 1710
1 3591
1 7335
1 5067
1 5760
1 6894
1 11133
1 6300
1 5814
1 3654
1 2403
1 7083
1 5814
1 4977
1 4563
1 4905
1 4752
1 6516
1 2898
1 6894
1 5058
1 5382
1 5265
1 5733
1 5409
1 3906
1 4563
1 3879
1 4707
1 1224
1 2925
1 3978
1 1620
1 6372
1 5328
1 1494
1 3555
1 6552
1 6867
1 1584
1 8172
1 2871
1 4914
1 9378
1 2097
1 3915
1 3456
1 4077
1 2862
1 5067
1 5427
1 3933
1 4086
1 3096
1 8028
1 13113
1 4356
1 5247
1 3330
1 3510
1 3213
1 6345
1 5229
1 7137
1 4311
1 2223
1 4455
1 5517
1 4410
1 5085
1 2547
1 2214
1 4698
1 7542
1 5508
1 5445
1 5985
1 5247
1 5733
1 5526
1 6012
1 9594
1 3807
1 6012
1 6138
1 8820
1 4104
1 3978
1 5481
1 4626
1 3375
1 5229
1 6714
1 5499
1 5967
1 6066
1 9090
1 7083
1 6624
1 8757
1 3375
1 5679
1 1764
1 4869
1 3753
1 3861
1 4572
1 6165
1 4842
1 3897
1 6165
1 3510
1 4113
1 9477
1 3330
1 6057
1 11754
1 3600
1 1782
1 6102
1 3996
1 1548
1 3825
1 4050
1 8982
1 4203
1 1818
1 5418
1 2430
1 4059
1 5238
1 2781
1 2457
1 8154
1 6696
1 4005
1 5049
1 7407
1 1863
1 2952
1 8298
1 3528
1 1665
1 10710
1 1863
1 5976
1 6102
1 6039
1 3366
1 3744
1 3654
1 6147
1 6687
1 6552
1 3834
1 7830
1 6876
1 7398
1 4554
1 7281
1 4086
1 6921
1 11943
1 4878
1 3888
1 3087
1 4383
1 6687
1 2862
1 6930
1 6849
1 5274
1 7344
1 6912
1 1890
1 5409
1 2916
1 8478
1 9135
1 5013
1 2835
1 7299
1 5679
1 3852
1 5049
1 5706
1 5373
1 3663
1 2142
1 8901
1 2898
1 8550
1 4869
1 3150
1 6849
1 2484
1 3447
1 3384
1 3051
1 5256
1 13401
1 7812
1 2790
1 6912
1 3951
1 4032
1 3879
1 1305
1 7065
1 10872
1 6930
1 10206
1 5607
1 12447
1 8154
1 2205
1 7461
1 2421
1 1404
1 3780
1 13896
1 8118
1 3501
1 2295
1 4536
1 6957
1 6885
1 3717
1 4410
1 3096
1 5085
1 1242
1 4140
1 6129
1 4392
1 6147
1 5796
1 10026
1 5031
1 4878
1 4059
1 5346
1 1548
1 5472
1 3537
1 6129
1 3654
1 6075
1 7236
1 11340
1 1872
1 6336
1 3663
1 6390
1 16587
1 3798
1 2043
1 8928
1 3996
1 3537
1 6165
1 7416
1 3906
1 5769
1 3852
1 5391
1 5733
1 3807
1 12015
1 3744
1 3510
1 4869
1 5211
1 5004
1 7155
1 3573
1 6966
1 7731
1 6984
1 6903
1 6192
1 3249
1 3924
1 5409
1 3699
1 4635
1 8037
1 7326
1 3258
1 7704
1 4914
1 8937
1 5103
1 3033
1 4896
1 7182
1 3141
1 6498
1 3879
1 8010
1 5841
1 6525
1 8019
1 5076
1 3402
1 3906
1 7470
1 6075
1 3798
1 3564
1 11313
1 3888
1 4068
1 7236
1 4374
1 7434
1 11691
1 5220
1 3033
1 2727
1 3546
1 7713
1 2412
1 3915
1 5229
1 5427
1 3933
1 6507
1 3843
1 5211
1 1683
1 5679
1 5724
1 12978
1 4248
1 5634
1 4635
1 5022
1 9144
1 9387
1 6327
1 2268
1 12960
1 1548
1 5202
1 1755
1 6705
1 8019
1 6507
1 8739
1 5616
1 11061
1 6633
1 2880
1 6903
1 9027
1 10170
1 4869
1 5067
1 6084
1 5220
1 4059
1 5922
1 5562
1 4383
1 3384
1 8874
1 3870
1 2502
1 3807
1 4500
1 5454
1 6210
1 3843
1 3510
1 2511
1 8631
1 3123
1 6543
1 10998
1 8262
1 4509
1 6345
1 3753
1 3708
1 4077
1 6444
1 12222
1 7236
1 3708
1 4851
1 3816
1 5436
1 3132
1 9882
1 5211
1 6129
1 6867
1 5742
1 3987
1 2772
1 5031
1 4392
1 3465
1 3897
1 6588
1 7056
1 5733
1 3681
1 6714
1 2736
1 5544
1 4869
1 1755
1 9666
1 7047
1 7182
1 6507
1 5859
1 3519
1 6381
1 4698
1 3798
1 6687
1 4113
1 5481
1 7254
1 4833
1 6525
1 3915
1 8721
1 11484
1 7065
1 5427
1 5742
1 1566
1 5895
1 4977
1 5571
1 3501
1 7227
1 5031
1 5274
1 4365
1 9279
1 10665
1 7587
1 3303
1 5481
1 6903
1 9567
1 2367
1 6453
1 5670
1 1899
1 3690
1 4464
1 6723
1 3204
1 3987
1 2979
1 5274
1 7200
1 4383
1 4284
1 4473
1 5418
1 1242
1 3735
1 10224
1 7470
1 5220
1 6516
1 5670
1 5742
1 9927
1 9684
1 5400
1 5373
1 3852
1 5139
1 4437
1 3618
1 7983
1 3141
1 4257
1 6885
1 6912
1 7227
1 10116
1 6849
1 1026
1 4842
1 3870
1 5436
1 4275
1 8100
1 7596
1 8262
1 3393
1 3879
1 6390
1 6156
1 4077
1 6012
1 3915
1 10791
1 5670
1 5463
1 4617
1 5094
1 5481
1 6705
1 4923
1 5418
1 7065
1 3474
1 1917
1 4014
1 4635
1 3852
1 9774
1 5751
1 8325
1 4365
1 2952
1 1890
1 3708
1 3717
1 5139
1 9405
1 10206
1 9423
1 2160
1 6192
1 4239
1 5121
1 3780
1 8595
1 6921
1 3618
1 3798
1 4545
1 5454
1 4635
1 6624
1 9621
1 4968
1 3321
1 3861
1 8730
1 7227
1 3834
1 3582
1 8496
1 3474
1 2961
1 6300
1 5751
1 2232
1 6102
1 7389
1 6822
1 8838
1 5481
1 5121
1 1260
1 3924
1 4428
1 8208
1 5202
1 3861
1 3654
1 7389
1 4653
1 6156
1 5229
1 6021
1 3879
1 7290
1 5175
1 8856
1 5859
1 2943
1 9171
1 6813
1 4446
1 8622
1 4491
1 3753
1 3186
1 3726
1 5769
1 6732
1 2241
1 7713
1 5454
1 2943
1 2457
1 6813
1 7254
1 3645
1 4950
1 6102
1 2331
1 6678
1 4068
1 15795
1 6318
1 7659
1 3852
1 2916
1 3987
1 4086
1 6669
1 7857
1 3987
1 5265
1 7740
1 6921
1 2979
1 5040
1 7902
1 6327
1 7299
1 6174
1 7038
1 4473
1 3915
1 3708
1 5580
1 3294
1 3051
1 3159
1 7713
1 6516
1 2763
1 5121
1 3870
1 2259
1 6318
1 10737
1 6336
1 2925
1 4005
1 5751
1 5994
1 4662
1 5454
1 7821
1 6984
1 8136
1 5427
1 10278
1 6705
1 9855
1 4644
1 2286
1 6912
1 3321
1 5238
1 6984
1 2439
1 4914
1 5418
1 3834
1 5544
1 1980
1 5337
1 6507
1 6624
1 5265
1 7011
1 6507
1 3159
1 7047
1 5220
1 5490
1 3780
1 3798
1 5553
1 6660
1 4365
1 6705
1 3996
1 6363
1 6120
1 3600
1 3789
1 7335
1 1512
1 5274
1 4851
1 3051
1 4752
1 3555
1 3150
1 14616
1 1674
1 2223
1 4833
1 4446
1 5193
1 6651
1 3465
1 3888
1 3168
1 4491
1 6102
1 5283
1 7200
1 2457
1 4131
1 3177
1 5094
1 1494
1 3078
1 3177
1 2943
1 3699
1 5256
1 2052
1 7416
1 8316
1 2826
1 3384
1 2997
1 3888
1 3861
1 5805
1 4410
1 3564
1 3807
1 3177
1 2853
1 4887
1 1971
1 6336
1 3861
1 5364
1 3384
1 1854
1 2988
1 6507
1 3708
1 3384
1 6894
1 3465
1 3789
1 7002
1 3447
1 4401
1 3483
1 8010
1 5670
1 2241
1 4086
1 1917
1 6192
1 5220
1 5094
1 7416
1 5643
1 3618
1 1998
1 6075
1 6651
1 3411
1 6714
1 4320
1 2790
1 4410
1 5751
1 10584
1 6138
1 2898
1 6669
1 5049
1 5598
1 4176
1 3366
1 6957
1 6039
1 3393
1 5310
1 3870
1 3924
1 5184
1 7299
1 5040
1 5427
1 5418
1 4023
1 3807
1 6894
1 7092
1 3879
1 11250
1 6057
1 2781
1 7083
1 4869
1 5481
1 7398
1 7380
1 8946
1 4671
1 3843
1 3402
1 6534
1 6660
1 3942
1 3690
1 1611
1 6309
1 6102
1 3591
1 6147
1 5832
1 5229
1 7236
1 2718
1 7515
1 2997
1 5454
1 2736
1 5211
1 5049
1 4554
1 5607
1 6066
1 6138
1 2925
1 4644
1 6093
1 1845
1 6111
1 5373
1 7200
1 3474
1 4914
1 8982
1 7218
1 4365
1 3357
1 4185
1 5076
1 7497
1 6039
1 3852
1 5040
1 4833
1 4626
1 3978
1 3906
1 6903
1 2223
1 4041
1 6741
1 2403
1 10791
1 8937
1 2898
1 3753
1 8352
1 3762
1 4887
1 6138
1 2898
1 7263
1 2484
1 9531
1 1917
1 3510
1 1908
1 1908
1 6165
1 6426
1 8433
1 3564
1 3114
1 5706
1 5562
1 5445
1 3609
1 5697
1 6732
1 3906
1 2898
1 6948
1 7461
1 4221
1 6750
1 3951
1 2331
1 5013
1 3852
1 3087
1 5292
1 8622
1 7416
1 5724
1 7641
1 7344
1 1926
1 5688
1 5751
1 4671
1 5058
1 4635
1 4122
1 5445
1 4185
1 5625
1 1656
1 3888
1 8343
1 5418
1 5436
1 4329
1 7488
1 12609
1 6057
1 5463
1 9135
1 6138
1 3708
1 3807
1 6966
1 6624
1 3177
1 7191
1 4086
1 7227
1 5751
1 3690
1 3690
1 4869
1 4167
1 5229
1 3816
1 3582
1 6120
1 5670
1 5238
1 5805
1 5481
1 5238
1 3798
1 4554
1 3969
1 3888
1 5364
1 4644
1 3915
1 3141
1 3096
1 5364
1 9504
1 3564
1 3195
1 6804
1 5049
1 1413
1 6138
1 5283
1 7299
1 2889
1 2889
1 5049
1 8991
1 3735
1 3897
1 3564
1 5400
1 1296
1 6048
1 7065
1 7308
1 5760
1 7029
1 7245
1 1602
1 9387
1 3834
1 4995
1 7236
1 5652
1 6525
1 4644
1 3645
1 3366
1 4959
1 1908
1 4617
1 7848
1 3267
1 3951
1 2979
1 8523
1 5751
1 3996
1 3906
1 1359
1 2925
1 4140
1 5400
1 2889
1 5085
1 5247
1 1926
1 7263
1 5463
1 7677
1 3996
1 6975
1 3933
1 14202
1 5994
1 6102
1 3978
1 3915
1 7479
1 6174
1 1971
1 2925
1 4347
1 3861
1 4725
1 9261
1 6309
1 8919
1 4113
1 3780
1 6048
1 4131
1 6084
1 3744
1 7002
1 3285
1 5157
1 2628
1 6345
1 5031
1 3510
1 3897
1 3483
1 1935
1 5769
1 1917
1 4023
1 5373
1 7362
1 3366
1 6642
1 3771
1 6858
1 7452
1 4608
1 7362
1 3852
1 6336
1 3402
1 6192
1 5094
1 3897
1 9288
1 4878
1 3960
1 6489
1 4968
1 3906
1 5544
1 2322
1 3843
1 7947
1 4491
1 5004
1 3807
1 5652
1 5229
1 6327
1 4041
1 3393
1 4023
1 5166
1 4554
1 2052
1 8757
1 5238
1 7299
1 2466
1 6444
1 3096
1 3573
1 4392
1 4581
1 6345
1 3645
1 5508
1 6930
1 9657
1 2907
1 8010
1 9792
1 6408
1 5103
1 7227
1 3897
1 5445
1 1908
1 3978
1 5265
1 6948
1 4581
1 4590
1 5481
1 4113
1 3195
1 3177
1 5652
1 4599
1 3888
1 3060
1 4140
1 6939
1 2925
1 4104
1 7983
1 9009
1 5868
1 6957
1 6399
1 4086
1 4896
1 7911
1 3960
1 3978
1 4401
1 3879
1 4671
1 3393
1 8424
1 7425
1 4914
1 10017
1 6660
1 6507
1 5517
1 6642
1 5742
1 3879
1 4032
1 2583
1 5094
1 1809
1 6093
1 3519
1 4212
1 3663
1 4095
1 2781
1 3879
1 6201
1 7020
1 6552
1 5328
1 14589
1 5472
1 5238
1 6804
1 7965
1 8955
1 8262
1 8388
1 3159
1 5787
1 3564
1 3726
1 4149
1 8190
1 6003
1 7785
1 3681
1 3843
1 2421
1 5454
1 7407
1 4842
1 3150
1 8460
1 6111
1 4995
1 5760
1 5310
1 4356
1 9126
1 3996
1 3663
1 3222
1 1827
1 5958
1 3771
1 7947
1 4869
1 6273
1 3942
1 7371
1 5022
1 8874
1 6129
1 9099
1 5040
1 6417
1 8685
1 3393
1 9135
1 4410
1 13140
1 8469
1 2826
1 5742
1 3546
1 3132
1 6354
1 5472
1 3483
1 8325
1 2394
1 6093
1 10152
1 2295
1 5427
1 5040
1 4626
1 1944
1 8073
1 6912
1 1836
1 5247
1 5031
1 11808
1 7758
1 5094
1 7002
1 2862
1 4131
1 5373
1 1728
1 5364
1 5733
1 3924
1 5436
1 5157
1 7542
1 4041
1 5211
1 4347
1 3672
1 3888
1 5031
1 6480
1 10251
1 6174
1 4932
1 7776
1 4680
1 4347
1 6921
1 7029
1 3258
1 3744
1 5481
1 7299
1 5085
1 6093
1 8451
1 6129
1 3879
1 4401
1 3447
1 3663
1 7371
1 3528
1 6903
1 2988
1 2907
1 9117
1 3483
1 3978
1 5814
1 3582
1 6588
1 7281
1 5733
1 2493
1 4662
1 6498
1 2997
1 5733
1 2043
1 6723
1 2466
1 2772
1 3150
1 5085
1 8316
1 8073
1 8757
1 7263
1 1278
1 4806
1 3600
1 6201
1 5031
1 5094
1 4356
1 4968
1 8199
1 6516
1 8244
1 7326
1 4842
1 4023
1 4923
1 8640
1 6129
1 3492
1 3240
1 3996
1 9540
1 2610
1 3501
1 3429
1 3861
1 6624
1 6849
1 5751
1 4887
1 10161
1 3546
1 3951
1 8721
1 6957
1 6966
1 5292
1 7479
1 7497
1 5427
1 3924
1 2349
1 5643
1 3564
1 6048
1 5445
1 2898
1 3960
1 3402
1 5382
1 7749
1 12663
1 3123
1 7218
1 5616
1 3528
1 5373
1 6372
1 2520
1 6075
1 1935
1 9459
1 5058
1 5418
1 4923
1 2241
1 2187
1 7911
1 4068
1 3096
1 3114
1 5094
1 6471
1 7398
1 5481
1 7407
1 7515
1 5715
1 6705
1 4446
1 7596
1 4860
1 7047
1 3924
1 2862
1 5697
1 4896
1 3915
1 4374
1 5499
1 10773
1 5670
1 7461
1 8505
1 5112
1 5022
1 12231
1 5427
1 6525
1 3519
1 5274
1 5022
1 5274
1 2835
1 3735
1 5715
1 4491
1 9180
1 7470
1 3681
1 1467
1 3384
1 4887
1 5454
1 3051
1 3528
1 3618
1 5454
1 4005
1 5274
1 6102
1 1413
1 4905
1 5283
1 9450
1 5265
1 2934
1 2304
1 3537
1 7722
1 5661
1 7749
1 8262
1 2340
1 7848
1 5688
1 8595
1 4428
1 6003
1 4005
1 8208
1 4059
1 7299
1 5823
1 5931
1 7641
1 1620
1 2295
1 4617
1 4878
1 5067
1 3735
1 3888
1 9117
1 9387
1 2943
1 5373
1 8001
1 2475
1 7029
1 2934
1 2907
1 6381
1 2331
1 6525
1 3717
1 2934
1 7308
1 5985
1 3528
1 7011
1 3492
1 6066
1 2646
1 3474
1 5580
1 10782
1 7236
1 3321
1 6165
1 3357
1 4257
1 4113
1 3042
1 5445
1 3402
1 5454
1 7803
1 3969
1 9783
1 4050
1 3366
1 5337
1 4239
1 1773
1 8694
1 7074
1 6084
1 4887
1 4959
1 3123
1 8019
1 5256
1 2754
1 2115
1 7029
1 7749
1 7695
1 3780
1 5247
1 3744
1 9036
1 8982
1 1665
1 4923
1 6183
1 6075
1 3159
1 5355
1 10035
1 4230
1 2889
1 4923
1 6066
1 6660
1 7074
1 11115
1 5157
1 3114
1 10314
1 2925
1 3735
1 7200
1 4104
1 2475
1 3672
1 6858
1 4968
1 6975
1 5031
1 8010
1 4266
1 9333
1 3375
1 3735
1 3663
1 3357
1 2781
1 9603
1 7110
1 6471
1 5472
1 5292
1 4401
1 5661
1 6345
1 6903
1 4833
1 5634
1 6570
1 6021
1 9135
1 5094
1 1791
1 7362
1 6912
1 1089
1 4590
1 3681
1 3915
1 6642
1 6021
1 10206
1 6552
1 3384
1 7083
1 7758
1 5454
1 5832
1 10440
1 4095
1 7749
1 7227
1 8775
1 7497
1 6966
1 4905
1 13950
1 6057
1 3987
1 4500
1 7092
1 7686
1 5427
1 1890
1 3357
1 3690
1 3141
1 3501
1 3951
1 6561
1 3951
1 4887
1 8361
1 1314
1 6588
1 10188
1 6633
1 7209
1 3150
1 5607
1 5625
1 7083
1 5472
1 1800
1 5454
1 8145
1 10431
1 3771
1 6183
1 6327
1 3996
1 2934
1 2520
1 13329
1 6975
1 2970
1 6642
1 3114
1 5994
1 3015
1 7290
1 4077
1 2529
1 3861
1 3978
1 4824
1 4626
1 4023
1 1971
1 2907
1 7767
1 6075
1 3465
1 7587
1 3726
1 4437
1 3816
1 5121
1 4185
1 4437
1 5247
1 5445
1 5121
1 5661
1 3816
1 3465
1 2754
1 5031
1 5418
1 5526
1 5760
1 9459
1 3816
1 5562
1 9900
1 5778
1 8298
1 7506
1 3708
1 5328
1 3393
1 5760
1 5256
1 3951
1 4059
1 2925
1 3519
1 4329
1 4977
1 3357
1 1467
1 5427
1 5427
1 6552
1 3240
1 7416
1 5175
1 10206
1 5022
1 3771
1 7020
1 3852
1 4257
1 3663
1 13401
1 9009
1 9432
1 5958
1 2889
1 4689
1 3969
1 3843
1 1908
1 7263
1 6552
1 7263
1 5481
1 16137
1 5427
1 5220
1 6759
1 6084
1 11772
1 6147
1 5031
1 3681
1 5400
1 4896
1 5688
1 6741
1 8766
1 2106
1 5283
1 1206
1 9441
1 3366
1 2943
1 2466
1 3114
1 1782
1 6381
1 4050
1 7461
1 5067
1 5256
1 7236
1 5724
1 4374
1 8190
1 6705
1 6957
1 1170
1 3528
1 5805
1 6606
1 2187
1 6687
1 4320
1 4500
1 3132
1 909
1 7209
1 2610
1 6345
1 3294
1 3807
1 8973
1 7875
1 9675
1 2880
1 7443
1 3834
1 3663
1 6183
1 9846
1 6984
1 3375
1 9450
1 6174
1 7344
1 3123
1 7389
1 4410
1 7461
1 3672
1 3897
1 4176
1 5751
1 3114
1 3888
1 4671
1 7020
1 6669
1 5544
1 7479
1 12321
1 2979
1 4005
1 5112
1 3699
1 4644
1 3807
1 3915
1 2214
1 7830
1 1872
1 4833
1 5445
1 7470
1 3771
1 3114
1 4878
1 3987
1 3636
1 2763
1 3906
1 1566
1 7038
1 7227
1 6165
1 4230
1 4185
1 7353
1 5310
1 2322
1 6705
1 3456
1 8217
1 3780
1 2799
1 3897
1 5445
1 3897
1 8784
1 2196
1 6642
1 2007
1 1899
1 2997
1 4419
1 1530
1 2025
1 5463
1 4923
1 6570
1 6102
1 3852
1 5049
1 2871
1 5823
1 6093
1 6093
1 2772
1 7254
1 5886
1 7497
1 5400
1 3636
1 9045
1 6975
1 7308
1 3087
1 3969
1 6111
1 3384
1 7335
1 2484
1 3582
1 4005
1 7461
1 4482
1 8388
1 4239
1 5490
1 3969
1 4923
1 6417
1 4149
1 5787
1 1845
1 4419
1 5085
1 5895
1 5256
1 7416
1 4185
1 1008
1 3465
1 6381
1 1881
1 9585
1 4815
1 2898
1 2385
1 4626
1 3636
1 5463
1 6093
1 3708
1 5085
1 3672
1 4653
1 6129
1 3564
1 5238
1 9729
1 7515
1 3609
1 5418
1 2970
1 6381
1 3384
1 6480
1 2466
1 3996
1 7263
1 5247
1 4626
1 2556
1 5049
1 7074
1 3573
1 4275
1 3888
1 6120
1 3546
1 3519
1 6498
1 5742
1 3789
1 9594
1 6048
1 8856
1 3699
1 2898
1 3600
1 8226
1 3924
1 3735
1 3852
1 6336
1 2358
1 2880
1 7353
1 9108
1 5733
1 4113
1 6930
1 5643
1 4464
1 3915
1 8622
1 7884
1 3375
1 3951
1 4842
1 4770
1 7146
1 5301
1 3123
1 7632
1 3924
1 4986
1 7245
1 4194
1 10755
1 4032
1 3879
1 10251
1 1323
1 2943
1 3672
1 5715
1 9684
1 3456
1 6048
1 4086
1 3087
1 5175
1 3132
1 6003
1 2826
1 8811
1 2763
1 6525
1 4608
1 6678
1 7920
1 3996
1 7470
1 1980
1 12501
1 3150
1 7749
1 8775
1 3330
1 7290
1 3978
1 3870
1 6075
1 7335
1 3681
1 3609
1 2826
1 6651
1 5742
1 2826
1 5148
1 3861
1 5481
1 3501
1 6255
1 3195
1 3654
1 7317
1 5625
1 3339
1 7146
1 3177
1 4698
1 4860
1 9441
1 9126
1 2475
1 2763
1 1791
1 7389
1 6642
1 3510
1 3087
1 8667
1 3393
1 2493
1 3843
1 4887
1 5436
1 2547
1 4788
1 3375
1 5031
1 3978
1 4041
1 8775
1 3384
1 3717
1 4122
1 3555
1 5166
1 5238
1 3384
1 3654
1 3123
1 5031
1 5085
1 3789
1 7236
1 4635
1 3465
1 6777
1 3924
1 3780
1 10170
1 7776
1 7803
1 5922
1 1917
1 7308
1 7650
1 5706
1 6183
1 6759
1 7425
1 5265
1 6876
1 14895
1 6309
1 5490
1 3393
1 6399
1 3510
1 7830
1 7479
1 1872
1 6075
1 5013
1 3897
1 7794
1 3645
1 1665
1 3132
1 5022
1 8730
1 3969
1 6138
1 8631
1 3618
1 5310
1 5751
1 6903
1 4437
1 7218
1 9126
1 9162
1 5121
1 10098
1 6174
1 4860
1 2151
1 5409
1 5229
1 7020
1 2160
1 10521
1 6525
1 6336
1 2538
1 5085
1 6138
1 6129
1 9144
1 6057
1 6156
1 5364
1 4491
1 3483
1 7488
1 5814
1 3420
1 2979
1 7056
1 4374
1 3735
1 2313
1 3375
1 8955
1 6156
1 11709
1 8982
1 5679
1 3546
1 5868
1 2862
1 5400
1 5544
1 2925
1 6120
1 5733
1 3384
1 3438
1 4896
1 5742
1 10692
1 1377
1 3618
1 1503
1 3573
1 1917
1 8667
1 8037
1 7056
1 3618
1 3744
1 8469
1 4050
1 6642
1 5661
1 8559
1 6165
1 5715
1 5427
1 5823
1 6912
1 7452
1 5076
1 6948
1 5760
1 5265
1 4392
1 8676
1 6948
1 3744
1 4878
1 4014
1 2772
1 13005
1 6606
1 4752
1 3735
1 1224
1 7245
1 9441
1 7848
1 1449
1 3906
1 3564
1 3564
1 3357
1 3429
1 6147
1 5427
1 3645
1 3852
1 4257
1 3375
1 2970
1 3924
1 4401
1 9423
1 4923
1 6471
1 5409
1 6291
1 5697
1 1485
1 3546
1 6408
1 5751
1 2934
1 6606
1 3870
1 7686
1 6480
1 1692
1 4131
1 3141
1 7848
1 3888
1 6579
1 3708
1 1809
1 3591
1 2970
1 8181
1 4581
1 4140
1 7956
1 5067
1 5085
1 3366
1 3537
1 3618
1 1107
1 2934
1 12438
1 1953
1 5472
1 3546
1 4374
1 5085
1 6624
1 6588
1 1611
1 4905
1 1854
1 8037
1 5229
1 3681
1 3915
1 4032
1 6966
1 3978
1 2214
1 5697
1 7830
1 1926
1 8028
1 2223
1 5670
1 2178
1 1566
1 9945
1 4617
1 7272
1 3519
1 10692
1 3906
1 2394
1 3852
1 6075
1 7614
1 5805
1 5976
1 4689
1 5301
1 3870
1 4068
1 5400
1 2988
1 4563
1 8523
1 5292
1 4140
1 3726
1 10566
1 5850
1 3159
1 4014
1 3789
1 6633
1 9333
1 4869
1 2781
1 2385
1 6120
1 6921
1 6633
1 6570
1 5229
1 4077
1 3537
1 6903
1 5454
1 9126
1 7434
1 5391
1 8289
1 6777
1 5796
1 8361
1 4122
1 6498
1 4653
1 3429
1 7830
1 2376
1 6309
1 7299
1 1278
1 6660
1 4383
1 4104
1 3888
1 3924
1 4509
1 6525
1 2619
1 3573
1 13500
1 8802
1 3978
1 5427
1 3834
1 3366
1 4131
1 3519
1 5832
1 5256
1 5229
1 8604
1 3816
1 1755
1 3438
1 3411
1 3906
1 3825
1 6093
1 5328
1 5256
1 7218
1 4113
1 3690
1 3915
1 5364
1 3339
1 7911
1 13590
1 3681
1 1548
1 7398
1 11637
1 6057
1 3150
1 9459
1 5634
1 3987
1 5472
1 8244
1 6129
1 3924
1 3960
1 3582
1 4041
1 4869
1 3780
1 5778
1 2259
1 7380
1 4680
1 3492
1 4068
1 2781
1 5238
1 3375
1 2520
1 8190
1 2529
1 7209
1 5202
1 5229
1 2538
1 9126
1 3798
1 12951
1 6939
1 6930
1 8865
1 2970
1 6111
1 8001
1 3834
1 5769
1 9477
1 3870
1 10512
1 4050
1 3537
1 5337
1 6966
1 2385
1 11736
1 9927
1 4707
1 6354
1 5238
1 4320
1 7020
1 5445
1 6570
1 3915
1 2853
1 7344
1 3681
1 6048
1 1620
1 4383
1 5760
1 6093
1 3879
1 6930
1 5679
1 5778
1 7290
1 8334
1 5229
1 3762
1 4491
1 3870
1 5220
1 3906
1 6165
1 3528
1 4131
1 4176
1 3528
1 3528
1 4590
1 1152
1 4473
1 4050
1 3366
1 5409
1 7461
1 5679
1 6183
1 4023
1 3537
1 3042
1 6192
1 2088
1 5490
1 5679
1 5391
1 4707
1 9027
1 7200
1 7074
1 2916
1 3096
1 5337
1 4095
1 1854
1 2934
1 5643
1 7434
1 7047
1 1440
1 3807
1 5499
1 6039
1 6534
1 6687
1 3843
1 3699
1 2097
1 5220
1 8622
1 4887
1 1953
1 3888
1 3528
1 3915
1 8172
1 3771
1 1638
1 13806
1 4554
1 4068
1 5121
1 3960
1 12402
1 5202
1 2457
1 4887
1 7767
1 3276
1 3978
1 3645
1 8010
1 5841
1 4140
1 5472
1 6120
1 3987
1 5733
1 4122
1 1692
1 7335
1 3969
1 5373
1 7632
1 3852
1 6885
1 5382
1 4419
1 9945
1 5877
1 2385
1 3789
1 1710
1 3888
1 6894
1 3735
1 7398
1 6921
1 2925
1 5139
1 5238
1 4392
1 10206
1 5238
1 2232
1 4518
1 2403
1 8847
1 4671
1 4392
1 5319
1 5454
1 5148
1 5166
1 3825
1 5742
1 1935
1 3807
1 9468
1 5391
1 4464
1 17604
1 5427
1 3591
1 5274
1 2466
1 3735
1 3942
1 4581
1 5787
1 6507
1 3762
1 3681
1 4383
1 3654
1 4284
1 3546
1 2763
1 2097
1 4059
1 6138
1 4968
1 4104
1 3528
1 3897
1 4167
1 4320
1 6858
1 6336
1 5247
1 6507
1 7083
1 8955
1 5355
1 4032
1 5436
1 7263
1 8046
1 5733
1 7056
1 5364
1 3168
1 2772
1 6111
1 4716
1 4563
1 4842
1 3627
1 3843
1 6048
1 6174
1 1773
1 5238
1 6453
1 3627
1 3699
1 4671
1 2340
1 6192
1 3699
1 3231
1 4788
1 9945
1 5499
1 6282
1 5274
1 3717
1 5301
1 4374
1 1890
1 6948
1 6588
1 5031
1 4761
1 4464
1 5823
1 8406
1 7569
1 10575
1 6138
1 6561
1 2772
1 8451
1 2574
1 7011
1 12888
1 6507
1 8334
1 7488
1 1971
1 8343
1 6894
1 7290
1 13599
1 2232
1 7380
1 5103
1 6390
1 3573
1 8460
1 3402
1 9099
1 3600
1 4446
1 2727
1 13635
1 3996
1 7470
1 3636
1 1647
1 4626
1 3852
1 3510
1 8739
1 5499
1 5328
1 7434
1 10710
1 3519
1 9675
1 6003
1 3672
1 1737
1 7029
1 3735
1 6138
1 6525
1 4095
1 3573
1 5292
1 3357
1 8622
1 5175
1 5319
1 5778
1 5328
1 3699
1 2871
1 6939
1 3402
1 4734
1 6084
1 3951
1 3798
1 3771
1 1314
1 2835
1 6777
1 8280
1 5283
1 3519
1 1143
1 7029
1 3987
1 2934
1 5256
1 2943
1 8217
1 5238
1 5706
1 3600
1 4518
1 4752
1 7236
1 7857
1 3609
1 6957
1 6156
1 5301
1 6030
1 12366
1 2862
1 2979
1 8730
1 5157
1 6831
1 5679
1 2169
1 5085
1 6156
1 9621
1 4581
1 7704
1 3780
1 8874
1 8802
1 2790
1 7452
1 4905
1 3690
1 9909
1 6957
1 2583
1 3924
1 6147
1 6552
1 3708
1 3483
1 3609
1 11349
1 2970
1 2295
1 10773
1 4581
1 3861
1 8298
1 4185
1 8865
1 5787
1 3555
1 3825
1 7470
1 1926
1 2745
1 3681
1 2772
1 3789
1 4437
1 5382
1 7992
1 1467
1 3879
1 6300
1 2349
1 3591
1 9090
1 2916
1 4968
1 4401
1 9414
1 5436
1 5238
1 1530
1 3258
1 3573
1 3987
1 3384
1 6651
1 5490
1 3897
1 7371
1 4122
1 7038
1 3987
1 6525
1 3879
1 2907
1 3483
1 5382
1 3654
1 6282
1 5607
1 5166
1 6768
1 5364
1 5796
1 6822
1 5670
1 4104
1 5427
1 2916
1 5436
1 3708
1 7272
1 6948
1 5292
1 6120
1 7047
1 4905
1 5049
1 7065
1 3708
1 5409
1 5085
1 7470
1 5733
1 5652
1 9432
1 5769
1 1341
1 5904
1 4545
1 1917
1 8307
1 3393
1 3051
1 9882
1 6111
1 5427
1 9459
1 6282
1 5481
1 5076
1 5409
1 3231
1 6885
1 7281
1 6687
1 13428
1 6138
1 5724
1 3519
1 3510
1 3978
1 5013
1 7452
1 5904
1 1890
1 2799
1 3744
1 5085
1 4842
1 5580
1 3600
1 3807
1 5508
1 4878
1 4950
1 2583
1 3771
1 4851
1 7290
1 6246
1 3483
1 4590
1 5463
1 9108
1 2871
1 1656
1 5580
1 3870
1 5283
1 3555
1 4878
1 5436
1 2484
1 5481
1 3726
1 5256
1 6651
1 6111
1 9810
1 2538
1 10548
1 4905
1 4401
1 6048
1 3942
1 20754
1 6543
1 2925
1 3096
1 2430
1 6111
1 5310
1 5454
1 5067
1 4104
1 9126
1 5121
1 6327
1 4851
1 5049
1 5733
1 6714
1 4878
1 2466
1 5751
1 5436
1 7245
1 1854
1 3996
1 4500
1 2961
1 6498
1 4185
1 1998
1 5751
1 3807
1 9792
1 3375
1 3573
1 6570
1 3177
1 7335
1 6633
1 5094
1 3645
1 5346
1 5256
1 3735
1 1260
1 8946
1 3996
1 3708
1 2889
1 5373
1 6138
1 3843
1 3843
1 5274
1 12267
1 8730
1 4005
1 4194
1 5661
1 7506
1 4410
1 5310
1 5724
1 5634
1 5418
1 3897
1 2790
1 1809
1 7020
1 1818
1 5445
1 6948
1 1890
1 5634
1 7650
1 6183
1 6669
1 10179
1 4464
1 7047
1 5814
1 4653
1 4086
1 5715
1 6435
1 3330
1 3087
1 7074
1 1845
1 5778
1 4770
1 7542
1 5796
1 6057
1 4032
1 3411
1 7200
1 3807
1 3150
1 5076
1 5508
1 7236
1 5238
1 6192
1 2907
1 9018
1 2205
1 4428
1 5157
1 16677
1 5490
1 8451
1 5553
1 2466
1 4275
1 3924
1 9243
1 2304
1 3177
1 3366
1 4401
1 4563
1 6120
1 7254
1 5769
1 9972
1 2790
1 5175
1 2160
1 7758
1 2223
1 6147
1 8451
1 5283
1 7290
1 8028
1 7695
1 8739
1 4437
1 3249
1 8748
1 8613
1 5679
1 5292
1 4644
1 1926
1 6183
1 3636
1 5409
1 8820
1 4392
1 6048
1 3942
1 4572
1 3933
1 3915
1 7866
1 6633
1 6048
1 4563
1 6003
1 4014
1 7425
1 5760
1 3825
1 7335
1 3645
1 5391
1 4014
1 10296
1 6111
1 6111
1 8901
1 2952
1 4887
1 6552
1 3924
1 4356
1 5742
1 3159
1 5283
1 6138
1 4041
1 6912
1 12312
1 7002
1 2934
1 10179
1 5958
1 7983
1 4113
1 4923
1 3357
1 6525
1 2835
1 4059
1 5283
1 3681
1 4779
1 1755
1 5238
1 7065
1 7074
1 3708
1 13743
1 3771
1 8739
1 11286
1 5391
1 7245
1 6516
1 3834
1 5328
1 1422
1 5814
1 2313
1 1989
1 3618
1 2412
1 7479
1 1755
1 4257
1 2916
1 4509
1 4401
1 4140
1 9900
1 6642
1 5355
1 3609
1 7767
1 5805
1 4923
1 5778
1 6894
1 5301
1 4077
1 6561
1 3861
1 5238
1 6012
1 3978
1 3348
1 6300
1 3888
1 3600
1 3366
1 8622
1 6075
1 10413
1 3528
1 2322
1 7191
1 5778
1 3996
1 7245
1 4140
1 3159
1 4653
1 6921
1 7182
1 3843
1 3987
1 4563
1 4851
1 5436
1 6570
1 11439
1 1512
1 3546
1 7227
1 4752
1 5697
1 3798
1 4644
1 2448
1 3609
1 4977
1 3366
1 1350
1 3807
1 3906
1 4059
1 3366
1 6363
1 3375
1 4761
1 3267
1 9198
1 1530
1 5274
1 5256
1 3645
1 5526
1 8289
1 6957
1 5454
1 3294
1 6678
1 8406
1 5031
1 5049
1 6129
1 1908
1 7812
1 3672
1 2790
1 4329
1 8658
1 3609
1 8028
1 8937
1 7290
1 6570
1 3681
1 5742
1 1611
1 3348
1 5202
1 4257
1 6723
1 2610
1 7047
1 7470
1 5256
1 3132
1 2367
1 3195
1 3348
1 8406
1 3258
1 5427
1 1773
1 4068
1 6678
1 3348
1 5751
1 5760
1 3807
1 6300
1 7227
1 4563
1 5391
1 3420
1 7416
1 3510
1 5319
1 7344
1 6570
1 5301
1 8694
1 3834
1 5499
1 5076
1 2205
1 5040
1 5751
1 3573
1 3447
1 6057
1 3060
1 4104
1 6084
1 6930
1 5877
1 5679
1 3384
1 4995
1 4266
1 5103
1 4635
1 5031
1 3672
1 8253
1 7452
1 4968
1 1872
1 5796
1 981
1 3663
1 4005
1 2844
1 7011
1 1836
1 3519
1 2907
1 3960
1 1764
1 2376
1 6651
1 6147
1 4626
1 6912
1 3906
1 6462
1 3699
1 3879
1 4383
1 10881
1 2763
1 4896
1 7083
1 4626
1 3735
1 8154
1 5751
1 5391
1 5418
1 5292
1 5589
1 3744
1 2637
1 6534
1 9936
1 3159
1 4167
1 5031
1 6534
1 2934
1 3636
1 6390
1 2772
1 5283
1 6165
1 3096
1 6957
1 4149
1 7002
1 12177
1 11592
1 5211
1 2367
1 5292
1 7254
1 9549
1 1638
1 5238
1 4572
1 8460
1 4545
1 3600
1 2214
1 2925
1 6255
1 3366
1 5184
1 6075
1 3699
1 2790
1 2988
1 5616
1 3663
1 3123
1 4626
1 6057
1 6921
1 3474
1 3609
1 5409
1 2871
1 5589
1 3852
1 7002
1 3933
1 6498
1 7902
1 4788
1 7596
1 4671
1 6579
1 6129
1 4437
1 5103
1 2349
1 7038
1 7866
1 5265
1 3735
1 3825
1 4950
1 8874
1 7371
1 5706
1 5427
1 9099
1 3879
1 9891
1 1944
1 6579
1 9612
1 5292
1 3591
1 6165
1 6561
1 7002
1 7290
1 1935
1 4617
1 2898
1 3690
1 5058
1 6138
1 3807
1 5706
1 3717
1 5229
1 7065
1 7227
1 2358
1 6363
1 3510
1 5868
1 6732
1 7506
1 9072
1 6417
1 7353
1 5418
1 10053
1 3123
1 3924
1 6930
1 4464
1 3960
1 7218
1 5823
1 8172
1 5607
1 9702
1 3528
1 5436
1 1656
1 9162
1 5697
1 4167
1 5157
1 1890
1 3807
1 6147
1 2394
1 5400
1 6120
1 5985
1 6570
1 5670
1 5580
1 7281
1 4122
1 5760
1 5229
1 3339
1 5364
1 5805
1 5454
1 5202
1 4590
1 4410
1 2790
1 6165
1 10233
1 3519
1 1674
1 9576
1 9414
1 3888
1 4392
1 7821
1 3708
1 3645
1 3564
1 5418
1 6120
1 6075
1 2322
1 6714
1 5256
1 3771
1 4626
1 2322
1 4671
1 6048
1 3366
1 6975
1 2772
1 8784
1 2475
1 13572
1 1917
1 8352
1 4131
1 6363
1 7506
1 7002
1 4824
1 2943
1 3375
1 5067
1 7218
1 6642
1 2610
1 5256
1 5256
1 3762
1 5319
1 3915
1 2844
1 5490
1 6966
1 8577
1 5355
1 5823
1 8316
1 3807
1 6408
1 7029
1 5013
1 7146
1 7830
1 5625
1 4599
1 9729
1 8973
1 3501
1 3519
1 1773
1 2952
1 7407
1 5841
1 3537
1 3942
1 3663
1 3483
1 2331
1 3924
1 9486
1 3852
1 2025
1 6633
1 4122
1 2106
1 2772
1 2403
1 7056
1 2331
1 4410
1 5301
1 7452
1 4554
1 6147
1 3834
1 8694
1 4617
1 3726
1 4248
1 5472
1 6777
1 4428
1 4185
1 2628
1 7272
1 5220
1 8028
1 11331
1 5238
1 2187
1 5436
1 6993
1 3969
1 11709
1 5643
1 4446
1 6129
1 2421
1 6651
1 3933
1 5724
1 4626
1 6624
1 6120
1 5265
1 7425
1 5031
1 9459
1 3024
1 4878
1 3915
1 7686
1 6345
1 1962
1 6912
1 7056
1 9072
1 3915
1 2745
1 5463
1 3690
1 5031
1 2943
1 3456
1 4446
1 10332
1 2718
1 3906
1 5661
1 10863
1 4860
1 4923
1 4509
1 6264
1 3924
1 4878
1 3609
1 5769
1 4455
1 6102
1 3465
1 7794
1 5715
1 3519
1 5832
1 5463
1 5085
1 10935
1 7038
1 1674
1 3816
1 7083
1 4401
1 1413
1 9585
1 3456
1 2457
1 3591
1 5139
1 6012
1 5310
1 2196
1 7488
1 15930
1 7488
1 3672
1 2925
1 3321
1 9999
1 7686
1 4959
1 1584
1 4896
1 4617
1 11871
1 3510
1 3915
1 4059
1 9099
1 3366
1 2736
1 4905
1 5337
1 3699
1 10656
1 2979
1 3888
1 8451
1 1845
1 4401
1 6651
1 3960
1 5679
1 3267
1 5436
1 3591
1 6705
1 3510
1 7029
1 7227
1 3924
1 5769
1 5058
1 6381
1 11106
1 4887
1 3681
1 7479
1 8883
1 3933
1 4959
1 4068
1 6363
1 5040
1 3933
1 7992
1 2988
1 5490
1 8847
1 8424
1 3825
1 6921
1 3807
1 5616
1 7263
1 2403
1 7677
1 6903
1 5724
1 4500
1 4023
1 1233
1 2313
1 3897
1 3672
1 2259
1 3798
1 3555
1 3384
1 3978
1 3897
1 5166
1 6327
1 3690
1 3834
1 4680
1 11295
1 8622
1 2889
1 4095
1 1908
1 2988
1 7614
1 7614
1 5247
1 8019
1 5652
1 4833
1 4437
1 6084
1 7209
1 8379
1 4239
1 7056
1 1836
1 3249
1 2943
1 4914
1 7704
1 7128
1 9999
1 6120
1 6120
1 6543
1 5445
1 3681
1 3996
1 4419
1 7002
1 4599
1 4887
1 7263
1 3654
1 3807
1 7020
1 8154
1 5742
1 4374
1 3483
1 4419
1 6210
1 4608
1 11700
1 5724
1 2574
1 5445
1 7272
1 6507
1 5238
1 3726
1 3843
1 6246
1 7074
1 4887
1 4752
1 3096
1 4995
1 3519
1 6804
1 2916
1 3519
1 7245
1 3924
1 5085
1 5067
1 6075
1 8613
1 3114
1 3159
1 7281
1 3933
1 3177
1 3798
1 3375
1 3132
1 1494
1 4428
1 3978
1 7461
1 4941
1 8658
1 2232
1 2781
1 3456
1 7038
1 5247
1 6948
1 7704
1 6543
1 5688
1 5742
1 3852
1 1134
1 1737
1 3663
1 5373
1 5778
1 5031
1 2241
1 6588
1 5166
1 6390
1 3933
1 1935
1 3447
1 8739
1 7290
1 2016
1 4707
1 2169
1 6363
1 5661
1 4437
1 2979
1 7857
1 5058
1 5508
1 6435
1 5499
1 7173
1 8613
1 7083
1 7065
1 3807
1 3546
1 4401
1 3987
1 4194
1 3618
1 6444
1 1737
1 1746
1 3393
1 4104
1 6138
1 3663
1 2790
1 5067
1 5661
1 6849
1 3420
1 3357
1 3960
1 5724
1 10224
1 6174
1 2997
1 4473
1 8748
1 5760
1 2502
1 6156
1 3789
1 6390
1 3123
1 3402
1 5094
1 7803
1 3510
1 6147
1 3879
1 8028
1 5076
1 4770
1 4005
1 5310
1 6039
1 3852
1 3375
1 5220
1 3204
1 3690
1 6903
1 3375
1 6948
1 3528
1 6885
1 3771
1 4752
1 9918
1 7308
1 4230
1 5202
1 4734
1 1233
1 3096
1 4896
1 4023
1 9477
1 4941
1 8496
1 8226
1 7236
1 3852
1 5589
1 7848
1 3861
1 5085
1 3465
1 3771
1 4086
1 3537
1 5445
1 8181
1 4374
1 11664
1 4725
1 4590
1 5202
1 4923
1 5715
1 6156
1 4977
1 2988
1 1521
1 2772
1 5481
1 5067
1 3150
1 6084
1 4536
1 7056
1 3375
1 4860
1 14661
1 1935
1 5436
1 3393
1 2907
1 5220
1 3618
1 5697
1 5238
1 5544
1 4293
1 3357
1 4455
1 3762
1 3681
1 5022
1 13617
1 6174
1 2448
1 3906
1 3060
1 3924
1 3843
1 5805
1 6516
1 2907
1 3780
1 6174
1 6453
1 6237
1 3546
1 2403
1 3852
1 3600
1 5256
1 5427
1 7461
1 4392
1 9000
1 5238
1 3888
1 13608
1 6381
1 8226
1 8829
1 10845
1 5454
1 3528
1 2583
1 6912
1 4896
1 5319
1 5823
1 6111
1 7515
1 5472
1 2700
1 5688
1 6129
1 3573
1 3816
1 3366
1 6057
1 7686
1 4644
1 3096
1 5967
1 2925
1 3852
1 1890
1 2934
1 6111
1 1728
1 3978
1 4014
1 7281
1 9288
1 6030
1 3969
1 7281
1 8946
1 4581
1 5742
1 4455
1 3915
1 3672
1 8649
1 4896
1 7263
1 5292
1 1845
1 1251
1 3834
1 2862
1 2880
1 5103
1 3861
1 3168
1 4599
1 2520
1 5310
1 4437
1 3672
1 3510
1 2610
1 4149
1 8379
1 5238
1 3771
1 5355
1 3906
1 6516
1 5247
1 3357
1 2817
1 8514
1 2979
1 3987
1 5256
1 6444
1 6633
1 7704
1 4356
1 2934
1 2178
1 5400
1 5247
1 5724
1 9153
1 5796
1 2898
1 5463
1 7794
1 7668
1 11880
1 4041
1 7425
1 4455
1 4122
1 4887
1 7056
1 7722
1 1224
1 6642
1 5436
1 8829
1 8028
1 5049
1 5094
1 3528
1 9459
1 3852
1 1980
1 1611
1 3879
1 2907
1 7290
1 4635
1 9783
1 8784
1 4068
1 6174
1 7227
1 3609
1 5409
1 7488
1 4482
1 5454
1 4419
1 3618
1 4644
1 2862
1 4914
1 3573
1 6525
1 2169
1 3321
1 6714
1 5427
1 5598
1 4572
1 6174
1 9486
1 6786
1 3834
1 2034
1 5328
1 4707
1 6687
1 5625
1 4131
1 5427
1 2763
1 3888
1 4113
1 8703
1 6048
1 9513
1 2277
1 3744
1 7470
1 7470
1 3132
1 6318
1 12456
1 3726
1 5346
1 4626
1 6939
1 5490
1 5283
1 7794
1 5094
1 3528
1 3708
1 3069
1 3258
1 2376
1 4131
1 8208
1 4464
1 3510
1 9135
1 5409
1 3843
1 12276
1 7245
1 2772
1 7200
1 3582
1 7245
1 7227
1 5472
1 3888
1 5481
1 2178
1 4068
1 2745
1 3564
1 5229
1 3384
1 7452
1 1665
1 4635
1 5427
1 2781
1 6507
1 5229
1 3708
1 4572
1 3816
1 9018
1 12960
1 6984
1 3510
1 3483
1 5220
1 3843
1 5373
1 7119
1 5040
1 9144
1 8685
1 5436
1 13428
1 4464
1 5247
1 3942
1 6156
1 2952
1 3735
1 5454
1 3600
1 3978
1 3636
1 8280
1 3798
1 8316
1 3933
1 3798
1 5769
1 3834
1 7695
1 3582
1 3168
1 2970
1 3996
1 4104
1 8964
1 2880
1 3618
1 9792
1 6381
1 3393
1 6525
1 3636
1 4968
1 1944
1 7110
1 1737
1 7839
1 5481
1 8919
1 4797
1 7263
1 5292
1 5211
1 3996
1 1215
1 4122
1 3150
1 10116
1 5787
1 6696
1 3816
1 6111
1 6156
1 5130
1 3717
1 12267
1 4383
1 8154
1 3834
1 4464
1 3402
1 5742
1 6876
1 5823
1 2430
1 3789
1 5094
1 3942
1 2961
1 6165
1 2772
1 1638
1 7407
1 7317
1 7821
1 3663
1 4086
1 5445
1 10674
1 4383
1 2268
1 3402
1 3960
1 3690
1 7515
1 2511
1 13455
1 6489
1 8172
1 9432
1 3393
1 3384
1 7461
1 6120
1 3888
1 4059
1 5049
1 2943
1 2232
1 3150
1 4896
1 4113
1 3978
1 8622
1 3528
1 1845
1 5454
1 8631
1 3933
1 7371
1 6147
1 7425
1 3123
1 6948
1 3528
1 3735
1 3717
1 3852
1 3888
1 5418
1 5508
1 11682
1 5274
1 6075
1 4374
1 6543
1 3816
1 2934
1 5058
1 11430
1 5742
1 11385
1 4095
1 2097
1 9747
1 5391
1 4617
1 4860
1 3897
1 9333
1 4410
1 5697
1 5355
1 1314
1 5760
1 8451
1 2862
1 4617
1 5418
1 5661
1 9936
1 5103
1 9162
1 7281
1 3150
1 3285
1 3105
1 5085
1 2916
1 4059
1 3384
1 6102
1 5652
1 6678
1 2637
1 5301
1 4095
1 3888
1 6732
1 6120
1 3465
1 4626
1 3447
1 6525
1 5526
1 3888
1 3888
1 7299
1 7569
1 7650
1 3654
1 1197
1 8559
1 3294
1 3897
1 5904
1 8541
1 6957
1 5427
1 5499
1 3519
1 3807
1 5427
1 3627
1 4995
1 10278
1 4689
1 6129
1 5238
1 1242
1 3555
1 10494
1 3942
1 6642
1 5436
1 3753
1 5058
1 6210
1 4302
1 10620
1 6552
1 5625
1 6165
1 3672
1 10476
1 4446
1 6075
1 9891
1 5373
1 12312
1 5778
1 3078
1 1341
1 7407
1 5256
1 8190
1 4905
1 5067
1 4086
1 6489
1 6939
1 7488
1 6174
1 5670
1 7038
1 5688
1 5355
1 3942
1 1494
1 7011
1 3618
1 6120
1 5040
1 4365
1 8307
1 4410
1 3240
1 5247
1 7119
1 7452
1 8208
1 3933
1 4149
1 4914
1 5400
1 3915
1 7497
1 3699
1 2763
1 5481
1 7110
1 3411
1 2916
1 3717
1 6795
1 3249
1 3789
1 4590
1 4284
1 5355
1 1323
1 6858
1 4275
1 10377
1 7461
1 7263
1 9099
1 6669
1 1782
1 3789
1 3915
1 5274
1 8478
1 1890
1 2763
1 7299
1 7038
1 2916
1 6507
1 6381
1 3483
1 2988
1 7488
1 6876
1 8739
1 4725
1 5679
1 4851
1 6030
1 6120
1 9135
1 4833
1 2484
1 6669
1 4374
1 4428
1 1566
1 1917
1 9414
1 3384
1 5256
1 1215
1 7245
1 4086
1 2916
1 3546
1 3735
1 1638
1 900
1 3177
1 2979
1 3609
1 4122
1 7425
1 6138
1 2178
1 8172
1 6129
1 7038
1 6804
1 6840
1 5751
1 3546
1 6615
1 2925
1 6723
1 4005
1 5652
1 4329
1 1836
1 4923
1 3366
1 4410
1 3771
1 3879
1 4293
1 5418
1 4383
1 3510
1 12447
1 1485
1 6138
1 5607
1 3213
1 3384
1 5823
1 7272
1 9909
1 4536
1 3267
1 13419
1 7209
1 7281
1 3708
1 3645
1 5247
1 5418
1 3177
1 1791
1 2925
1 7218
1 2862
1 8217
1 10512
1 3105
1 6372
1 5229
1 6561
1 4770
1 3132
1 7479
1 5445
1 7542
1 6129
1 12303
1 3456
1 7956
1 3699
1 7776
1 10170
1 2448
1 4878
1 3348
1 1620
1 6516
1 4167
1 1692
1 7272
1 2979
1 2835
1 3672
1 6642
1 3879
1 6984
1 2259
1 3051
1 8172
1 4266
1 3537
1 6102
1 9018
1 5058
1 16767
1 5841
1 7731
1 11790
1 2925
1 9108
1 3663
1 6201
1 4896
1 5265
1 7371
1 3483
1 6012
1 13086
1 11142
1 2115
1 3366
1 2313
1 3996
1 3591
1 6273
1 3474
1 4401
1 3627
1 3852
1 3402
1 5031
1 5211
1 4086
1 4545
1 5814
1 11898
1 4932
1 6138
1 6633
1 2763
1 1494
1 6129
1 3186
1 5292
1 6588
1 11664
1 7668
1 3888
1 2322
1 6075
1 2925
1 4689
1 3249
1 5463
1 7245
1 5445
1 9360
1 4617
1 7479
1 7326
1 8172
1 6399
1 9306
1 3591
1 3591
1 5103
1 3915
1 5238
1 2871
1 6903
1 3807
1 5247
1 4122
1 3924
1 3537
1 3879
1 3897
1 6138
1 14229
1 8667
1 5787
1 5409
1 7227
1 3663
1 14148
1 5733
1 6516
1 3951
1 5616
1 3681
1 2997
1 1233
1 3807
1 5211
1 5022
1 2763
1 5229
1 3924
1 5481
1 5427
1 3951
1 5463
1 5292
1 2934
1 3915
1 6003
1 9783
1 5796
1 6516
1 3681
1 2304
1 5247
1 3708
1 5274
1 3681
1 4626
1 6021
1 2988
1 8316
1 9918
1 6174
1 3879
1 7245
1 7677
1 5841
1 6606
1 3798
1 2043
1 3798
1 4257
1 2898
1 6111
1 7299
1 3699
1 2367
1 3573
1 5634
1 4257
1 4563
1 4410
1 2304
1 2475
1 3393
1 10269
1 6003
1 5265
1 3096
1 4131
1 7263
1 5886
1 4437
1 2097
1 7029
1 2124
1 10224
1 3825
1 3213
1 6687
1 6399
1 2763
1 4896
1 7560
1 3825
1 8775
1 3924
1 9540
1 6840
1 5670
1 6111
1 5049
1 10053
1 5796
1 3105
1 2907
1 5040
1 8874
1 7956
1 2898
1 14463
1 3681
1 7749
1 5229
1 7461
1 6858
1 6138
1 2016
1 3780
1 2196
1 3843
1 9315
1 7074
1 2862
1 9378
1 5445
1 5805
1 4977
1 6660
1 11259
1 9477
1 3996
1 2223
1 3735
1 12528
1 3834
1 3735
1 4428
1 3582
1 11223
1 7758
1 5040
1 4032
1 1926
1 7308
1 3627
1 3915
1 7470
1 4131
1 5364
1 3915
1 5832
1 4095
1 2268
1 5121
1 7218
1 6570
1 3645
1 3285
1 2475
1 6183
1 6291
1 1971
1 4014
1 3096
1 4365
1 2394
1 6642
1 7398
1 2331
1 6084
1 7398
1 5472
1 6075
1 11592
1 3753
1 7020
1 5049
1 3177
1 7416
1 10827
1 3150
1 6570
1 5274
1 6516
1 4041
1 2961
1 3663
1 3906
1 5355
1 3366
1 2547
1 2925
1 6327
1 3150
1 4095
1 4023
1 10017
1 4572
1 3888
1 1314
1 3762
1 8433
1 8631
1 3510
1 6894
1 5643
1 7704
1 3573
1 1989
1 6093
1 4077
1 3672
1 10629
1 3870
1 5742
1 6390
1 4968
1 6471
1 7317
1 5652
1 4878
1 4437
1 5328
1 5445
1 2916
1 5049
1 3879
1 4356
1 3861
1 5256
1 6156
1 3213
1 3519
1 5931
1 5418
1 4482
1 3123
1 1809
1 4086
1 5031
1 1944
1 5706
1 2070
1 1809
1 5751
1 4689
1 4914
1 2853
1 4275
1 4329
1 6714
1 6048
1 7749
1 3996
1 4419
1 3222
1 5058
1 7704
1 3159
1 5067
1 6651
1 8172
1 5238
1 10089
1 1683
1 4113
1 3375
1 3852
1 4275
1 8649
1 2475
1 1692
1 4338
1 7668
1 13050
1 5697
1 3843
1 5436
1 6642
1 3987
1 5031
1 5085
1 2403
1 4149
1 8028
1 7515
1 5121
1 2916
1 6633
1 6048
1 12240
1 5454
1 8712
1 4293
1 3663
1 3564
1 2925
1 3681
1 3852
1 5076
1 5796
1 6912
1 3159
1 5409
1 1584
1 1836
1 5274
1 4392
1 2763
1 3186
1 3834
1 6921
1 6102
1 7506
1 3753
1 5283
1 4590
1 3915
1 6129
1 6885
1 6660
1 3573
1 2295
1 9180
1 6210
1 3024
1 4086
1 7074
1 4473
1 5472
1 2457
1 8784
1 3402
1 7056
1 5643
1 5418
1 9036
1 3825
1 1944
1 5346
1 6471
1 7767
1 2439
1 8703
1 3717
1 3951
1 5031
1 5796
1 1494
1 6039
1 2619
1 13491
1 6003
1 1881
1 2313
1 7299
1 6633
1 4311
1 2997
1 4050
1 3699
1 6066
1 7416
1 6111
1 5490
1 4383
1 7344
1 4113
1 6039
1 2241
1 4419
1 7893
1 3357
1 4653
1 2475
1 11853
1 4644
1 3672
1 4329
1 6471
1 4518
1 5535
1 6327
1 3069
1 4023
1 1359
1 3573
1 5706
1 4095
1 8172
1 3789
1 9171
1 5472
1 5868
1 4383
1 5643
1 4851
1 7038
1 4860
1 7650
1 7245
1 5049
1 3879
1 6525
1 6732
1 3735
1 3906
1 5364
1 3825
1 12474
1 5976
1 6066
1 6642
1 4302
1 5967
1 4887
1 3168
1 10197
1 3996
1 2349
1 5760
1 8109
1 4869
1 9351
1 5823
1 3969
1 1431
1 3735
1 1656
1 8388
1 6624
1 3123
1 2871
1 9126
1 3690
1 7434
1 1935
1 7488
1 3915
1 5085
1 6516
1 6165
1 4968
1 6597
1 5247
1 5130
1 6597
1 4041
1 6678
1 5427
1 3357
1 3789
1 9153
1 1791
1 3960
1 4581
1 5985
1 2232
1 5337
1 4635
1 2763
1 3789
1 3618
1 3384
1 7722
1 3906
1 3267
1 7713
1 3348
1 4185
1 7947
1 4644
1 5346
1 6624
1 4383
1 7569
1 3609
1 5382
1 8532
1 7308
1 4842
1 5391
1 2754
1 1818
1 11115
1 5229
1 6858
1 3789
1 3987
1 2484
1 3924
1 3699
1 3546
1 3087
1 2916
1 6129
1 8235
1 2916
1 2484
1 7236
1 5607
1 2889
1 4977
1 3672
1 3609
1 4842
1 2565
1 6327
1 3708
1 1926
1 9126
1 4527
1 5751
1 7965
1 3753
1 4464
1 3366
1 3924
1 11970
1 8892
1 3699
1 1215
1 5445
1 10134
1 9567
1 6921
1 7056
1 5769
1 3528
1 5022
1 1161
1 3888
1 3114
1 2934
1 3996
1 3537
1 3618
1 5346
1 4365
1 6525
1 3843
1 5409
1 3114
1 9405
1 1800
1 2943
1 3780
1 6867
1 6534
1 2772
1 12330
1 3771
1 4536
1 5454
1 5355
1 6354
1 6543
1 3699
1 3924
1 5625
1 3384
1 5022
1 6192
1 9882
1 8190
1 2862
1 2988
1 4617
1 5598
1 3807
1 2160
1 4986
1 5499
1 5400
1 6921
1 6876
1 7227
1 5832
1 5904
1 12285
1 6930
1 5031
1 8847
1 6930
1 5499
1 7236
1 4023
1 6894
1 2853
1 3222
1 5886
1 6435
1 5760
1 9369
1 6957
1 8325
1 4950
1 1161
1 9117
1 5724
1 3384
1 9423
1 3447
1 6390
1 3618
1 5472
1 6552
1 14220
1 4014
1 5283
1 5220
1 9837
1 5454
1 3897
1 10638
1 2988
1 5751
1 7479
1 1368
1 5346
1 5805
1 4707
1 4140
1 3852
1 5265
1 3708
1 3969
1 3915
1 7848
1 4716
1 5427
1 13257
1 3852
1 2475
1 2763
1 4572
1 9846
1 6516
1 6624
1 3861
1 6912
1 2232
1 4410
1 7227
1 3906
1 7272
1 6309
1 2412
1 8028
1 2898
1 3177
1 10764
1 3735
1 4401
1 4131
1 5472
1 6651
1 1287
1 3672
1 2970
1 7272
1 4869
1 4194
1 3672
1 4914
1 6840
1 6444
1 2871
1 3393
1 9144
1 2808
1 2646
1 1629
1 5238
1 4509
1 1737
1 3753
1 6156
1 6552
1 2898
1 3564
1 3762
1 8712
1 6912
1 3564
1 5418
1 3807
1 2754
1 2313
1 2916
1 2385
1 5238
1 1818
1 5157
1 9513
1 5481
1 2916
1 3987
1 5076
1 3573
1 3330
1 5607
1 1836
1 8019
1 7200
1 8721
1 8919
1 5445
1 6642
1 5274
1 2232
1 3546
1 3924
1 1854
1 7101
1 5103
1 1989
1 3717
1 6120
1 6120
1 4860
1 11655
1 6876
1 3159
1 7299
1 13923
1 3987
1 5094
1 6147
1 1764
1 6912
1 6642
1 5877
1 9351
1 4842
1 2502
1 9000
1 8352
1 6579
1 5454
1 1512
1 7245
1 4104
1 3285
1 2781
1 8460
1 4176
1 6516
1 3402
1 5265
1 1881
1 3591
1 5346
1 2889
1 5274
1 8298
1 6012
1 4428
1 3510
1 1872
1 5418
1 8946
1 4851
1 5112
1 4689
1 3960
1 4770
1 3879
1 6219
1 2898
1 3411
1 7083
1 8937
1 4869
1 5202
1 6138
1 2862
1 3969
1 7866
1 6948
1 8748
1 6867
1 7227
1 3672
1 7056
1 6642
1 3861
1 6570
1 5931
1 3888
1 2781
1 2646
1 3726
1 5463
1 7236
1 9405
1 3420
1 5625
1 3168
1 13860
1 6633
1 3420
1 2754
1 7110
1 5112
1 6174
1 7443
1 7407
1 5292
1 7272
1 5544
1 5760
1 2340
1 6030
1 6939
1 5274
1 7425
1 5652
1 3780
1 3879
1 1881
1 4113
1 3933
1 7263
1 5238
1 3951
1 7074
1 11538
1 2898
1 5535
1 9054
1 7245
1 5454
1 6165
1 5958
1 4896
1 3060
1 4131
1 8739
1 2979
1 1665
1 8748
1 5283
1 4860
1 6930
1 8235
1 8559
1 4023
1 4860
1 5373
1 6813
1 3492
1 5247
1 5184
1 1926
1 3780
1 4149
1 1647
1 5643
1 4221
1 6165
1 3906
1 2907
1 4005
1 4257
1 3591
1 7254
1 6903
1 3645
1 5778
1 1872
1 5031
1 5760
1 4806
1 2196
1 6912
1 6903
1 1917
1 6516
1 5643
1 6309
1 4410
1 4986
1 4869
1 4860
1 3483
1 2889
1 4914
1 5634
1 6651
1 5301
1 4689
1 5373
1 3933
1 5742
1 3834
1 1773
1 1908
1 3789
1 5085
1 1332
1 5508
1 6678
1 6345
1 3366
1 3807
1 5733
1 8334
1 5778
1 6939
1 2286
1 3987
1 9351
1 5850
1 4401
1 6507
1 3852
1 4014
1 3015
1 5256
1 7029
1 5400
1 9468
1 6156
1 3780
1 2934
1 5283
1 6021
1 3618
1 12267
1 6903
1 1908
1 3591
1 5067
1 6354
1 5310
1 5004
1 8397
1 3771
1 7992
1 3447
1 3879
1 3537
1 6102
1 4374
1 7038
1 10044
1 3888
1 2385
1 8226
1 2844
1 2943
1 3645
1 6867
1 5580
1 6669
1 8685
1 5247
1 9495
1 3978
1 4131
1 3762
1 4320
1 4131
1 8217
1 7776
1 1809
1 4104
1 3897
1 4320
1 3780
1 5697
1 3969
1 8163
1 3906
1 6669
1 4995
1 8595
1 5472
1 6372
1 2223
1 2565
1 9450
1 7281
1 7353
1 3663
1 3492
1 2466
1 7038
1 9315
1 6093
1 4896
1 4104
1 2295
1 6093
1 3870
1 6111
1 8676
1 6129
1 3762
1 3114
1 2871
1 2331
1 4563
1 3132
1 3933
1 4878
1 5292
1 864
1 3735
1 3996
1 10566
1 4887
1 13122
1 3834
1 14661
1 4896
1 4860
1 4446
1 3780
1 1971
1 2988
1 2925
1 4959
1 4887
1 3915
1 6471
1 7497
1 3843
1 3609
1 8334
1 4329
1 3141
1 7254
1 5400
1 8811
1 5769
1 1863
1 1899
1 3546
1 4383
1 3780
1 8352
1 6138
1 5058
1 4158
1 4824
1 4590
1 5769
1 3465
1 4905
1 6156
1 3708
1 5769
1 6237
1 11655
1 6579
1 3204
1 2250
1 4446
1 5742
1 7290
1 1899
1 4059
1 3933
1 4752
1 4968
1 5481
1 5337
1 9729
1 4689
1 1566
1 3294
1 3897
1 6975
1 6129
1 1908
1 5427
1 3357
1 5094
1 6138
1 4041
1 5130
1 1773
1 10224
1 5382
1 9765
1 5364
1 3906
1 7668
1 3519
1 7614
1 3915
1 3825
1 3231
1 3789
1 7236
1 5616
1 4887
1 9027
1 3321
1 2799
1 1548
1 7749
1 5373
1 7065
1 4995
1 5562
1 3906
1 3834
1 5589
1 3591
1 4662
1 5706
1 7254
1 5067
1 8334
1 5427
1 6093
1 2952
1 1575
1 5247
1 3573
1 3654
1 8190
1 3393
1 7452
1 4455
1 5580
1 5256
1 3699
1 1233
1 4788
1 2871
1 3744
1 8604
1 4878
1 2934
1 3771
1 6633
1 3843
1 1773
1 7461
1 3393
1 6084
1 4050
1 1899
1 2808
1 6021
1 2313
1 5058
1 7434
1 7470
1 3132
1 3348
1 7497
1 6336
1 3717
1 7209
1 4383
1 8055
1 6624
1 4032
1 4113
1 3258
1 3798
1 4842
1 13095
1 6651
1 5301
1 6966
1 8325
1 7209
1 5076
1 7047
1 7317
1 5220
1 12528
1 3906
1 3843
1 1917
1 1917
1 6066
1 2601
1 6660
1 4644
1 6516
1 9612
1 7722
1 4860
1 6174
1 2304
1 3564
1 3753
1 3861
1 3897
1 4428
1 3528
1 7416
1 3708
1 2925
1 3618
1 5040
1 5751
1 7065
1 4860
1 1746
1 5121
1 7290
1 3420
1 3717
1 8109
1 5301
1 3537
1 3933
1 7704
1 12483
1 11430
1 7290
1 7488
1 7371
1 1908
1 3636
1 3564
1 4347
1 5445
1 5634
1 3888
1 5778
1 13401
1 4302
1 3672
1 16893
1 5418
1 3672
1 2871
1 8829
1 3870
1 6273
1 3645
1 4068
1 4842
1 4842
1 5247
1 4113
1 4932
1 3222
1 3735
1 3195
1 1908
1 6984
1 11106
1 2943
1 9387
1 8640
1 6111
1 3978
1 3528
1 3177
1 8523
1 2745
1 2304
1 3951
1 2340
1 4905
1 7380
1 4113
1 7092
1 4392
1 6246
1 5634
1 3843
1 7263
1 4824
1 3114
1 1872
1 6030
1 3861
1 1890
1 5715
1 3510
1 9450
1 5436
1 5445
1 4392
1 3285
1 3924
1 4968
1 3519
1 5013
1 6651
1 2907
1 6921
1 12501
1 2277
1 7065
1 7065
1 1998
1 3897
1 3843
1 6066
1 3195
1 5319
1 4032
1 7416
1 2943
1 3501
1 3636
1 4032
1 8217
1 4599
1 2196
1 3366
1 2223
1 4059
1 5076
1 6165
1 8892
1 3411
1 3753
1 3843
1 5031
1 9108
1 3141
1 6660
1 3546
1 3645
1 6066
1 6903
1 3600
1 4518
1 3384
1 5238
1 5049
1 11871
1 7245
1 5679
1 3735
1 4401
1 5121
1 3717
1 8361
1 3681
1 6282
1 3285
1 9459
1 7263
1 6111
1 5796
1 5463
1 3996
1 7245
1 4878
1 3870
1 3699
1 4869
1 5040
1 4869
1 6183
1 7299
1 4896
1 5787
1 5787
1 5067
1 8685
1 5400
1 3834
1 3960
1 5598
1 2925
1 2916
1 3195
1 4932
1 8172
1 6102
1 3870
1 3537
1 5202
1 5247
1 4635
1 6021
1 9414
1 5454
1 3861
1 7677
1 8415
1 4797
1 6138
1 3339
1 3879
1 6561
1 11187
1 4743
1 4644
1 3204
1 6174
1 3942
1 9360
1 5445
1 3357
1 1845
1 8838
1 3501
1 4158
1 7119
1 3654
1 9774
1 5409
1 5058
1 3924
1 5103
1 3933
1 6498
1 5427
1 7461
1 1665
1 4392
1 3537
1 9846
1 3726
1 10818
1 3654
1 7290
1 4968
1 5220
1 9135
1 2232
1 5616
1 3906
1 3879
1 7272
1 5400
1 5931
1 6390
1 3924
1 1917
1 3888
1 3222
1 3618
1 5688
1 4671
1 5310
1 11385
1 5616
1 6930
1 6714
1 6219
1 3123
1 6903
1 1926
1 5796
1 11754
1 6003
1 3924
1 5634
1 5220
1 8883
1 2376
1 4428
1 4455
