1 7524
1 7974
1 12915
1 8514
1 4446
1 12861
1 13617
1 10890
1 8856
1 6354
1 9441
1 12177
1 13968
1 8901
1 12204
1 7191
1 10008
1 5796
1 4626
1 14526
1 14832
1 8352
1 10818
1 9666
1 10215
1 11124
1 14769
1 6291
1 12852
1 4941
1 7731
1 7893
1 11979
1 15399
1 3276
1 11826
1 13086
1 7740
1 16299
1 7677
1 10224
1 12051
1 14688
1 9162
1 9972
1 12303
1 8955
1 8802
1 6732
1 19998
1 11385
1 10800
1 11862
1 6858
1 9171
1 7353
1 11502
1 7209
1 10197
1 7713
1 11268
1 11673
1 11259
1 6399
1 4005
1 4338
1 8568
1 6957
1 12357
1 5391
1 13896
1 11160
1 9954
1 7002
1 3798
1 8379
1 5976
1 9000
1 18036
1 3204
1 5661
1 13842
1 7659
1 6588
1 9153
1 15849
1 10035
1 15687
1 18090
1 11619
1 5958
1 22365
1 9441
1 14103
1 2502
1 5274
1 3132
1 9180
1 6759
1 9090
1 13734
1 10989
1 6246
1 10359
1 10305
1 13104
1 10935
1 5202
1 15885
1 9045
1 8532
1 7146
1 16551
1 11763
1 5778
1 7119
1 7524
1 11682
1 8172
1 17595
1 12771
1 4698
1 6336
1 7812
1 10440
1 10107
1 6858
1 10647
1 10035
1 7092
1 4293
1 11916
1 6759
1 10485
1 4239
1 11808
1 7011
1 13473
1 13509
1 22716
1 6462
1 7794
1 11619
1 7020
1 10125
1 4950
1 8568
1 10359
1 13761
1 10413
1 8451
1 4707
1 10971
1 3915
1 4329
1 5805
1 7056
1 3780
1 9684
1 10296
1 13815
1 18963
1 11124
1 8046
1 18522
1 2529
1 9432
1 6120
1 7101
1 11970
1 17109
1 9738
1 6327
1 10917
1 9279
1 8118
1 4842
1 18603
1 14265
1 18657
1 9675
1 13122
1 16020
1 10899
1 14805
1 4770
1 12195
1 10764
1 11430
1 4986
1 9459
1 9504
1 8550
1 7119
1 9243
1 5652
1 9522
1 20079
1 5652
1 11898
1 6660
1 15129
1 9918
1 11430
1 20646
1 9999
1 13158
1 15786
1 15957
1 5985
1 5031
1 1719
1 18153
1 3897
1 20079
1 8334
1 7308
1 8523
1 10944
1 20016
1 17604
1 7299
1 13527
1 7911
1 14148
1 10665
1 8460
1 9288
1 9405
1 27243
1 9090
1 5553
1 7245
1 9801
1 10755
1 8010
1 19467
1 7983
1 5355
1 8712
1 26568
1 11070
1 10656
1 9288
1 8415
1 4932
1 5760
1 8361
1 5607
1 17838
1 11934
1 4653
1 3501
1 4707
1 14895
1 11799
1 14094
1 10197
1 6327
1 13050
1 10665
1 29988
1 8586
1 7362
1 14949
1 4707
1 9081
1 6660
1 8955
1 10305
1 20736
1 4662
1 19125
1 4824
1 8505
1 14472
1 11808
1 6264
1 9918
1 16668
1 9270
1 4374
1 5904
1 10746
1 10053
1 5409
1 4239
1 12159
1 21006
1 6984
1 12915
1 8163
1 5373
1 5400
1 4230
1 19431
1 13032
1 7236
1 21312
1 4779
1 12672
1 9018
1 6714
1 5931
1 10890
1 17622
1 7002
1 12528
1 3843
1 6948
1 9765
1 9252
1 5571
1 8388
1 9396
1 7659
1 9999
1 9594
1 7398
1 8442
1 14445
1 11025
1 11664
1 22068
1 8073
1 12636
1 3348
1 12132
1 16965
1 15597
1 10044
1 6831
1 11853
1 7578
1 6552
1 16299
1 9693
1 9198
1 14796
1 10962
1 9576
1 2718
1 2682
1 13410
1 13815
1 8514
1 17559
1 8199
1 14355
1 8370
1 10017
1 11520
1 11781
1 6354
1 11691
1 8181
1 2853
1 15093
1 7137
1 13302
1 5292
1 11790
1 7956
1 11349
1 6696
1 13500
1 15525
1 8127
1 7614
1 11790
1 22527
1 19071
1 9630
1 7506
1 10908
1 18729
1 7164
1 11169
1 9486
1 11340
1 15120
1 9414
1 13626
1 6867
1 10458
1 10854
1 8100
1 13023
1 14184
1 5688
1 4365
1 9954
1 12357
1 7605
1 13905
1 5850
1 6777
1 5013
1 6525
1 16812
1 10314
1 14031
1 12258
1 5607
1 9333
1 13203
1 17289
1 14661
1 7164
1 5814
1 11268
1 5760
1 3681
1 10089
1 12375
1 31482
1 26253
1 26478
1 6156
1 13158
1 6570
1 7479
1 16236
1 11547
1 16101
1 4878
1 6552
1 4320
1 5976
1 9504
1 10215
1 20412
1 10683
1 11160
1 11007
1 5643
1 6003
1 9378
1 6129
1 14976
1 16803
1 11961
1 8991
1 12825
1 17865
1 10080
1 7695
1 13581
1 2097
1 5139
1 8658
1 9855
1 7218
1 5490
1 12357
1 6831
1 8838
1 13635
1 4158
1 5733
1 8505
1 13383
1 27288
1 14238
1 8667
1 14067
1 7605
1 18063
1 21231
1 11178
1 10080
1 8226
1 6111
1 6876
1 8226
1 17343
1 12150
1 7344
1 13005
1 6606
1 12078
1 6588
1 11718
1 3006
1 19341
1 8082
1 15597
1 11880
1 8604
1 6093
1 14940
1 6732
1 13644
1 8748
1 12429
1 10512
1 30411
1 13851
1 5490
1 22644
1 11250
1 8757
1 19548
1 9936
1 15309
1 16308
1 22203
1 7398
1 7227
1 22572
1 3978
1 5697
1 6498
1 11169
1 14040
1 11367
1 13428
1 8991
1 7488
1 11583
1 12816
1 14742
1 12969
1 7785
1 5364
1 7425
1 8694
1 16677
1 17793
1 6678
1 11673
1 16632
1 9225
1 10116
1 11277
1 11601
1 6561
1 15651
1 12303
1 2097
1 5400
1 12177
1 3870
1 15165
1 6174
1 12618
1 4248
1 3528
1 5274
1 7578
1 8001
1 6885
1 13905
1 4419
1 17487
1 9792
1 8235
1 11142
1 12087
1 7578
1 15327
1 6066
1 5841
1 18702
1 4194
1 4014
1 16173
1 12528
1 10152
1 29151
1 11034
1 11331
1 11106
1 12357
1 7641
1 10170
1 7956
1 13905
1 16659
1 13932
1 10530
1 22779
1 7713
1 9549
1 8910
1 9684
1 4968
1 7425
1 11214
1 8334
1 5769
1 15894
1 11610
1 4104
1 9144
1 15381
1 10557
1 12717
1 5859
1 11223
1 10008
1 19755
1 5382
1 16281
1 9963
1 6993
1 12681
1 28359
1 11034
1 13959
1 11493
1 12033
1 4194
1 10143
1 16281
1 13554
1 18342
1 11448
1 8001
1 12114
1 12213
1 5373
1 5796
1 10395
1 8181
1 18054
1 23553
1 2511
1 15219
1 11394
1 7101
1 12060
1 11772
1 3528
1 7416
1 16704
1 9855
1 8064
1 5940
1 16938
1 10404
1 23400
1 9522
1 6606
1 25227
1 5607
1 14121
1 7947
1 13671
1 10656
1 8028
1 3465
1 9819
1 11691
1 14004
1 19575
1 19512
1 14553
1 5526
1 6336
1 12141
1 10908
1 11277
1 7785
1 9783
1 11403
1 5859
1 11295
1 11772
1 20610
1 13428
1 14472
1 10170
1 9711
1 8649
1 12348
1 10638
1 8127
1 13608
1 14220
1 16668
1 5697
1 19359
1 5697
1 6102
1 7299
1 12672
1 10449
1 8928
1 13428
1 3303
1 10134
1 4797
1 16839
1 7515
1 4761
1 5796
1 5517
1 7443
1 11880
1 5751
1 11214
1 11763
1 9729
1 7632
1 9918
1 26181
1 7263
1 10404
1 9054
1 11781
1 5796
1 4473
1 13041
1 10800
1 10035
1 6111
1 10764
1 6579
1 17289
1 12645
1 17505
1 10512
1 10620
1 4797
1 13797
1 9621
1 8829
1 5868
1 13482
1 10224
1 6984
1 11286
1 9045
1 5454
1 8046
1 14463
1 8667
1 10638
1 6876
1 6075
1 17127
1 16929
1 4554
1 11007
1 7821
1 9063
1 17244
1 8523
1 8991
1 6183
1 17622
1 17154
1 6732
1 26694
1 10854
1 10530
1 8721
1 9441
1 21222
1 8406
1 5751
1 3564
1 16740
1 11880
1 10017
1 17658
1 11700
1 8334
1 12609
1 8055
1 9801
1 23328
1 9810
1 5877
1 6399
1 24165
1 12276
1 25497
1 18657
1 11493
1 9378
1 3879
1 16479
1 13482
1 6516
1 11871
1 7398
1 3690
1 10584
1 9972
1 6543
1 11745
1 9342
1 9711
1 11151
1 10377
1 16326
1 7245
1 8217
1 12447
1 9423
1 5148
1 10017
1 7956
1 9783
1 5139
1 24759
1 17694
1 3744
1 12366
1 4959
1 6858
1 15048
1 11430
1 1899
1 12852
1 3420
1 20520
1 5337
1 13923
1 20970
1 18045
1 6669
1 3852
1 13014
1 3969
1 10656
1 13887
1 8964
1 9216
1 10521
1 20484
1 6345
1 10773
1 15759
1 14607
1 5409
1 5634
1 13167
1 9981
1 7551
1 9144
1 4014
1 3861
1 10215
1 16245
1 13770
1 8370
1 7389
1 6480
1 9648
1 4545
1 4356
1 6399
1 12969
1 6426
1 5940
1 8712
1 13203
1 10053
1 8208
1 8028
1 4428
1 7326
1 9864
1 11763
1 16506
1 6876
1 5328
1 10323
1 10098
1 20853
1 6768
1 8460
1 13797
1 6831
1 9423
1 8523
1 4590
1 18504
1 15741
1 10080
1 8478
1 16047
1 5913
1 8163
1 6318
1 10332
1 11358
1 6948
1 13518
1 6642
1 8433
1 11862
1 3627
1 4383
1 6786
1 7326
1 8154
1 15264
1 12762
1 6444
1 3321
1 9459
1 9675
1 9045
1 20376
1 10080
1 4860
1 8136
1 15246
1 3510
1 8100
1 7866
1 5373
1 10233
1 9702
1 12285
1 16605
1 9711
1 21321
1 3132
1 8730
1 9252
1 14913
1 7020
1 5265
1 14355
1 14733
1 9558
1 16812
1 13365
1 9477
1 12150
1 6822
1 9621
1 4518
1 3267
1 3474
1 13500
1 14904
1 14580
1 7128
1 3636
1 6480
1 24210
1 1440
1 6426
1 9225
1 16659
1 13536
1 4716
1 5922
1 8973
1 6489
1 3762
1 8694
1 12942
1 7083
1 11511
1 10692
1 9882
1 9747
1 5076
1 16317
1 10107
1 9999
1 9180
1 7992
1 5292
1 5310
1 14121
1 18270
1 9135
1 14004
1 15552
1 11952
1 7290
1 11835
1 9054
1 2502
1 5121
1 7920
1 16128
1 4230
1 11385
1 14517
1 17037
1 12204
1 9063
1 23337
1 18846
1 2682
1 14832
1 5985
1 5589
1 5229
1 12798
1 4392
1 14013
1 7587
1 10341
1 17199
1 3771
1 9450
1 11502
1 5022
1 7686
1 9621
1 15435
1 6579
1 8802
1 8595
1 9729
1 13572
1 7713
1 17496
1 9468
1 18315
1 15372
1 20205
1 14508
1 8397
1 7974
1 9387
1 16371
1 5490
1 3852
1 12546
1 10377
1 18189
1 5040
1 21960
1 6507
1 6327
1 24327
1 9558
1 6894
1 14598
1 5211
1 6705
1 4671
1 11079
1 4149
1 10035
1 6489
1 4446
1 7650
1 8523
1 8640
1 12924
1 10602
1 10467
1 6777
1 19053
1 4968
1 8523
1 19134
1 4086
1 8892
1 12294
1 2340
1 9756
1 6237
1 9630
1 11844
1 8415
1 19260
1 8244
1 6345
1 8739
1 12969
1 10359
1 10332
1 12267
1 14994
1 7425
1 7407
1 3960
1 19098
1 3825
1 21420
1 8811
1 12078
1 7992
1 7218
1 4842
1 10935
1 6255
1 16110
1 14319
1 9711
1 7731
1 4896
1 13356
1 11403
1 13221
1 9576
1 4257
1 7290
1 9009
1 8181
1 6228
1 23355
1 7704
1 6147
1 17982
1 10980
1 3195
1 3123
1 13149
1 15039
1 6615
1 13428
1 11331
1 8190
1 11538
1 19242
1 5949
1 13671
1 6921
1 12726
1 7623
1 16551
1 11925
1 10881
1 11133
1 9342
1 7614
1 10179
1 8622
1 13815
1 10863
1 10755
1 18531
1 6345
1 12321
1 6570
1 9909
1 7884
1 15282
1 8658
1 8442
1 20628
1 13986
1 13257
1 7407
1 9522
1 4833
1 6426
1 13977
1 11592
1 13140
1 23112
1 19872
1 13347
1 10125
1 1908
1 7884
1 11268
1 2799
1 12483
1 11313
1 12573
1 9081
1 9126
1 7038
1 4257
1 10539
1 14715
1 4977
1 8892
1 4887
1 7434
1 9126
1 4455
1 9216
1 11718
1 6174
1 16038
1 10512
1 10062
1 22122
1 8784
1 17586
1 6489
1 15804
1 10179
1 9315
1 6804
1 9909
1 10809
1 7776
1 10368
1 11214
1 18225
1 19017
1 4428
1 10143
1 6813
1 7254
1 7074
1 4779
1 15237
1 16407
1 14733
1 6057
1 6678
1 6462
1 9135
1 12348
1 6381
1 14940
1 10188
1 13617
1 7155
1 9612
1 10665
1 8325
1 6921
1 4860
1 10989
1 9000
1 12348
1 10197
1 5679
1 5256
1 7614
1 12987
1 10962
1 12393
1 12132
1 17910
1 11466
1 19980
1 8208
1 20025
1 13869
1 10107
1 13086
1 3789
1 9315
1 9666
1 12573
1 9558
1 13338
1 12006
1 8451
1 7398
1 8712
1 5571
1 11268
1 14832
1 12672
1 9153
1 25902
1 6327
1 8136
1 2853
1 20718
1 4230
1 6849
1 5787
1 13005
1 9117
1 4266
1 24507
1 7416
1 13131
1 2214
1 3834
1 15174
1 12222
1 19206
1 9774
1 15327
1 17991
1 7353
1 13572
1 13419
1 12798
1 3834
1 5121
1 6849
1 11034
1 4698
1 13041
1 8181
1 6849
1 6318
1 14193
1 6741
1 14265
1 4833
1 7605
1 12861
1 6543
1 16254
1 8667
1 5841
1 11979
1 10323
1 17928
1 6048
1 14463
1 4761
1 7425
1 19359
1 12798
1 11295
1 3312
1 5400
1 3150
1 7092
1 13050
1 18540
1 7785
1 14571
1 9621
1 2682
1 12465
1 4131
1 15642
1 5733
1 7830
1 8928
1 11304
1 15030
1 10917
1 12447
1 3708
1 16515
1 10701
1 11619
1 8199
1 12609
1 9405
1 9315
1 14049
1 12438
1 6831
1 5517
1 9162
1 11205
1 14544
1 3600
1 7965
1 17919
1 6183
1 9108
1 7461
1 9558
1 9225
1 10539
1 18567
1 14868
1 14355
1 7254
1 13626
1 6516
1 9378
1 9045
1 11529
1 6921
1 13167
1 8874
1 10980
1 7542
1 12906
1 9252
1 5724
1 17217
1 7029
1 3915
1 16866
1 4185
1 12033
1 6057
1 8847
1 18063
1 9639
1 9495
1 3285
1 4185
1 11988
1 10476
1 8982
1 22878
1 20052
1 9198
1 12780
1 4275
1 7155
1 4968
1 20772
1 13887
1 9801
1 8055
1 11844
1 7722
1 16164
1 16605
1 12357
1 12060
1 7002
1 8982
1 6750
1 8631
1 2709
1 7767
1 10782
1 13257
1 16128
1 8118
1 6975
1 15183
1 12195
1 11736
1 11934
1 14679
1 7614
1 4203
1 7695
1 16767
1 4986
1 15678
1 8460
1 9945
1 8289
1 11025
1 13221
1 9585
1 19863
1 4941
1 7488
1 3249
1 7992
1 5211
1 8703
1 9837
1 16371
1 10386
1 10044
1 12177
1 16029
1 14841
1 16686
1 3627
1 8676
1 13392
1 11889
1 10575
1 8541
1 8496
1 8658
1 14553
1 12429
1 6651
1 5391
1 8973
1 3942
1 5283
1 10746
1 11547
1 10287
1 7011
1 8154
1 16254
1 8901
1 11952
1 15039
1 12258
1 8451
1 14427
1 9117
1 12393
1 17271
1 13095
1 11511
1 13086
1 10107
1 8739
1 10935
1 15111
1 15543
1 8181
1 15147
1 11115
1 10494
1 6030
1 9000
1 13320
1 12402
1 16992
1 8451
1 10026
1 7713
1 11232
1 10953
1 5859
1 12609
1 25128
1 6912
1 7488
1 10125
1 5877
1 15579
1 14580
1 12204
1 8757
1 12438
1 5787
1 6183
1 13581
1 4653
1 12501
1 6435
1 15561
1 8181
1 13752
1 8658
1 3555
1 7317
1 14202
1 8334
1 7272
1 10278
1 14652
1 9549
1 11421
1 7218
1 11727
1 20367
1 4806
1 22689
1 6957
1 14139
1 8937
1 11376
1 16992
1 18108
1 4725
1 6570
1 4914
1 6768
1 12258
1 9738
1 18531
1 7344
1 12348
1 13284
1 13014
1 8838
1 10710
1 11178
1 9990
1 5985
1 7965
1 11520
1 10044
1 7965
1 10665
1 11952
1 3609
1 9927
1 5211
1 4905
1 10323
1 9540
1 5445
1 8460
1 12087
1 13608
1 11070
1 25983
1 6741
1 7632
1 13455
1 14724
1 14202
1 17577
1 9630
1 8352
1 15012
1 11007
1 17127
1 10287
1 22599
1 3051
1 2223
1 14157
1 6318
1 15246
1 9450
1 9387
1 8460
1 17136
1 6885
1 4608
1 3060
1 9999
1 14958
1 6363
1 4788
1 10944
1 6741
1 10800
1 13167
1 6741
1 6444
1 22032
1 13752
1 15696
1 14922
1 11700
1 9117
1 5463
1 6930
1 12510
1 2907
1 14526
1 9549
1 5058
1 6228
1 10962
1 10710
1 10998
1 9630
1 15138
1 9963
1 9189
1 14148
1 7695
1 8208
1 4113
1 7362
1 14319
1 10530
1 10386
1 9351
1 20169
1 11160
1 9765
1 12204
1 19395
1 19044
1 9837
1 11538
1 5688
1 13257
1 6957
1 7398
1 9225
1 7281
1 5355
1 8901
1 12267
1 7641
1 3564
1 18765
1 7110
1 8046
1 7605
1 16317
1 9189
1 6165
1 21105
1 7812
1 5445
1 3393
1 11367
1 9207
1 13113
1 12537
1 13923
1 5121
1 7560
1 8721
1 15444
1 9981
1 5436
1 10449
1 6615
1 8217
1 15894
1 7929
1 9126
1 3753
1 4671
1 12978
1 9792
1 8568
1 15093
1 6138
1 10134
1 18603
1 9009
1 6156
1 7407
1 11475
1 7236
1 12402
1 6120
1 17874
1 9405
1 10917
1 6570
1 6444
1 10602
1 14661
1 14949
1 12744
1 3006
1 12780
1 8181
1 6570
1 7722
1 8514
1 5256
1 8406
1 6768
1 10782
1 3753
1 3996
1 5751
1 11853
1 7749
1 15525
1 5670
1 9099
1 6786
1 4212
1 5580
1 4041
1 20457
1 6966
1 13041
1 7614
1 6417
1 14976
1 9144
1 12321
1 9135
1 5571
1 14436
1 5193
1 5679
1 22959
1 3582
1 13203
1 12051
1 11421
1 4869
1 10206
1 13257
1 4842
1 10458
1 8199
1 16416
1 19629
1 9999
1 8298
1 10197
1 10152
1 6849
1 11655
1 11025
1 10125
1 19134
1 11178
1 7596
1 7101
1 11484
1 5409
1 9387
1 2223
1 15048
1 8820
1 20556
1 5976
1 5733
1 6705
1 7677
1 7101
1 9315
1 5265
1 6714
1 10881
1 7704
1 13338
1 19368
1 6651
1 6489
1 13554
1 9765
1 2439
1 6615
1 8028
1 13032
1 12501
1 5400
1 3879
1 4419
1 13473
1 8037
1 33777
1 19431
1 9765
1 16074
1 11448
1 6318
1 7479
1 11592
1 5481
1 20016
1 14202
1 4194
1 14724
1 7515
1 10440
1 10566
1 3033
1 7218
1 6759
1 6867
1 6246
1 13914
1 4509
1 10458
1 7155
1 18477
1 8847
1 6156
1 8442
1 10296
1 12168
1 14004
1 8730
1 12717
1 6183
1 7353
1 3546
1 13113
1 16713
1 7632
1 6516
1 15489
1 18153
1 14580
1 6813
1 15939
1 8829
1 11718
1 6813
1 9648
1 10827
1 8505
1 3420
1 7974
1 3996
1 4518
1 11277
1 12627
1 7137
1 9666
1 11070
1 3492
1 8802
1 16308
1 7110
1 10314
1 7029
1 22464
1 14778
1 23022
1 11223
1 14787
1 16362
1 8298
1 15021
1 10881
1 11151
1 9027
1 18477
1 15696
1 9936
1 6336
1 3834
1 15273
1 16056
1 6561
1 4284
1 6822
1 4689
1 14742
1 5922
1 11502
1 10431
1 8541
1 21249
1 11277
1 17064
1 5526
1 9081
1 9369
1 9297
1 5607
1 13977
1 12996
1 7218
1 14544
1 4473
1 13032
1 2754
1 7740
1 7020
1 6543
1 4023
1 5121
1 2610
1 5400
1 19350
1 5868
1 7119
1 5247
1 7929
1 4455
1 4419
1 3690
1 17523
1 9549
1 9171
1 16686
1 4644
1 21672
1 18810
1 6804
1 9693
1 3915
1 11430
1 13410
1 8001
1 11889
1 3717
1 8010
1 11295
1 14931
1 17568
1 10008
1 9000
1 14940
1 8091
1 7713
1 5598
1 11412
1 7020
1 10863
1 8622
1 10638
1 11232
1 19134
1 12501
1 5832
1 9891
1 12348
1 18612
1 5139
1 12159
1 8109
1 6750
1 2574
1 20133
1 14832
1 23130
1 11520
1 10359
1 8676
1 14670
1 7092
1 10629
1 6192
1 13473
1 10944
1 12339
1 11916
1 12042
1 5940
1 12006
1 21204
1 16227
1 25110
1 8361
1 3033
1 28719
1 13482
1 14742
1 14526
1 7974
1 4005
1 14886
1 20754
1 11295
1 9315
1 9495
1 9198
1 5913
1 2916
1 5913
1 15480
1 9603
1 12825
1 5238
1 5706
1 10269
1 7776
1 5859
1 10386
1 14211
1 6525
1 8451
1 14940
1 12609
1 7677
1 4770
1 9684
1 15651
1 4500
1 19530
1 11754
1 9756
1 6696
1 14040
1 6030
1 14103
1 13176
1 11871
1 9189
1 15246
1 8991
1 9450
1 10548
1 4923
1 4959
1 6687
1 11781
1 12762
1 8784
1 9594
1 11034
1 9423
1 17748
1 7146
1 6201
1 10242
1 17352
1 18153
1 6192
1 5121
1 9315
1 7875
1 8811
1 19674
1 10242
1 5490
1 12582
1 6831
1 7614
1 7902
1 11079
1 17316
1 4149
1 6057
1 6471
1 12843
1 16254
1 12816
1 14823
1 6309
1 10359
1 25245
1 5526
1 10575
1 19962
1 6678
1 8811
1 7965
1 20529
1 9414
1 9558
1 10647
1 12132
1 7938
1 6831
1 14607
1 5895
1 3618
1 13059
1 11628
1 8244
1 13275
1 8892
1 5247
1 11403
1 15012
1 9945
1 8271
1 10080
1 11997
1 11295
1 10359
1 9441
1 6822
1 4068
1 9405
1 17028
1 8865
1 16668
1 10710
1 4914
1 5886
1 9801
1 4383
1 11961
1 13491
1 8766
1 14058
1 4950
1 4257
1 6471
1 11601
1 5490
1 9351
1 2313
1 9135
1 12312
1 9252
1 9135
1 17388
1 6246
1 6156
1 13275
1 16470
1 6237
1 6993
1 7515
1 6804
1 6687
1 17487
1 7353
1 9333
1 11313
1 13248
1 11943
1 13905
1 17577
1 16101
1 5904
1 8505
1 15615
1 6903
1 7155
1 10134
1 10476
1 12042
1 14193
1 16812
1 9459
1 14580
1 11511
1 9378
1 13194
1 7551
1 15246
1 4860
1 10764
1 13644
1 9594
1 8739
1 6921
1 12897
1 11772
1 7722
1 6849
1 6930
1 15678
1 19062
1 10314
1 9495
1 20997
1 7857
1 14904
1 10908
1 16443
1 4437
1 4662
1 11772
1 14076
1 9351
1 3681
1 15723
1 16587
1 13680
1 4662
1 9558
1 10044
1 7335
1 8361
1 11412
1 5832
1 9234
1 19035
1 20637
1 9405
1 2943
1 9198
1 8568
1 9558
1 4914
1 9522
1 5985
1 8568
1 14022
1 11718
1 9846
1 6516
1 12204
1 1926
1 7659
1 15849
1 5400
1 16038
1 12816
1 5022
1 8919
1 7245
1 4545
1 7389
1 13185
1 10368
1 8424
1 10719
1 7533
1 8613
1 13473
1 12222
1 13185
1 11718
1 14400
1 9261
1 5427
1 8082
1 14391
1 9450
1 18900
1 13131
1 5751
1 8469
1 7020
1 4392
1 6210
1 7740
1 3294
1 9846
1 13545
1 9891
1 11529
1 15597
1 16839
1 15534
1 4482
1 6255
1 4149
1 16371
1 11448
1 8667
1 7893
1 3915
1 3483
1 6993
1 12564
1 5139
1 17514
1 11142
1 9612
1 7497
1 2880
1 15561
1 13599
1 16560
1 6615
1 3771
1 10539
1 14238
1 3348
1 6309
1 12888
1 5157
1 14670
1 17514
1 23121
1 5382
1 8820
1 13356
1 6174
1 9054
1 6795
1 9441
1 14823
1 9099
1 21501
1 18450
1 11610
1 12825
1 14859
1 15921
1 10719
1 11403
1 12933
1 10368
1 6408
1 7137
1 11385
1 15030
1 10602
1 11610
1 13356
1 6462
1 8595
1 6714
1 6750
1 22347
1 9657
1 22275
1 10935
1 9324
1 8964
1 7119
1 7074
1 8388
1 9189
1 5355
1 4842
1 5310
1 19503
1 11124
1 9045
1 12564
1 12051
1 7515
1 6327
1 6417
1 5697
1 12492
1 12375
1 6912
1 3942
1 5103
1 12726
1 9135
1 14373
1 7335
1 13068
1 6327
1 14499
1 6102
1 3573
1 1827
1 7083
1 14373
1 11565
1 12609
1 8973
1 9855
1 10692
1 8604
1 12654
1 9270
1 6516
1 11853
1 17730
1 8658
1 8433
1 13932
1 10215
1 10764
1 13779
1 3951
1 8208
1 13698
1 6273
1 19512
1 18774
1 15588
1 12978
1 5148
1 13887
1 13860
1 13536
1 14211
1 8964
1 2754
1 10836
1 7146
1 7839
1 11079
1 7686
1 14391
1 10908
1 7362
1 4590
1 13167
1 19566
1 8964
1 6489
1 4491
1 10467
1 9495
1 9945
1 8451
1 5625
1 15525
1 4608
1 10926
1 4599
1 18954
1 3951
1 8847
1 12213
1 8748
1 12555
1 6984
1 8325
1 10017
1 8352
1 9603
1 11160
1 7281
1 11808
1 7695
1 1980
1 6363
1 6705
1 10935
1 19386
1 11673
1 9009
1 14409
1 8685
1 9972
1 10521
1 6849
1 5850
1 15066
1 12285
1 7272
1 18252
1 7380
1 9216
1 14985
1 12393
1 13716
1 6525
1 5553
1 8811
1 8136
1 4635
1 13770
1 8694
1 12456
1 14661
1 12816
1 12600
1 8046
1 12024
1 4455
1 11223
1 6651
1 7479
1 15039
1 16578
1 9144
1 7560
1 18513
1 4383
1 4923
1 26946
1 8784
1 6633
1 17730
1 7911
1 10503
1 24795
1 17028
1 6534
1 4320
1 7650
1 9729
1 2538
1 9639
1 11610
1 13815
1 9855
1 5535
1 10530
1 5040
1 9918
1 15894
1 12465
1 8640
1 3636
1 9090
1 3816
1 16551
1 11628
1 2988
1 1566
1 9594
1 11178
1 18351
1 9657
1 11385
1 12861
1 3825
1 12123
1 4014
1 19710
1 25155
1 7596
1 1845
1 10377
1 10629
1 15489
1 6129
1 9135
1 8550
1 4455
1 12348
1 5535
1 7659
1 9999
1 9927
1 8073
1 11511
1 16164
1 15309
1 12870
1 9477
1 15300
1 17793
1 5760
1 14400
1 12501
1 7155
1 14859
1 8199
1 6354
1 5877
1 11844
1 15246
1 12879
1 6669
1 10683
1 8550
1 13059
1 2853
1 12168
1 17442
1 6183
1 5049
1 8064
1 17649
1 14409
1 9198
1 10728
1 10008
1 25398
1 10125
1 12132
1 6570
1 14427
1 3888
1 15264
1 11142
1 10422
1 13329
1 13869
1 8280
1 9216
1 8748
1 17793
1 8181
1 8316
1 12492
1 2124
1 15120
1 5292
1 23301
1 8793
1 3879
1 10539
1 8559
1 4464
1 20511
1 15741
1 6597
1 10278
1 3411
1 10881
1 10359
1 18423
1 10863
1 8712
1 10269
1 20403
1 10377
1 3708
1 10215
1 16263
1 11529
1 19890
1 8316
1 15732
1 11430
1 9855
1 4500
1 17784
1 6876
1 4743
1 16443
1 7164
1 10872
1 8991
1 12159
1 6984
1 9036
1 15120
1 7731
1 4041
1 7443
1 13266
1 13608
1 11097
1 17226
1 6687
1 6669
1 11511
1 10341
1 12213
1 6057
1 13626
1 8892
1 5562
1 22077
1 15912
1 13167
1 14004
1 4536
1 6957
1 14859
1 12132
1 5940
1 8064
1 11016
1 7569
1 17775
1 6264
1 6912
1 3636
1 4239
1 6183
1 7470
1 7092
1 6804
1 10719
1 7533
1 19233
1 6759
1 7677
1 11205
1 6516
1 3933
1 11052
1 9729
1 15363
1 14787
1 9171
1 11781
1 13113
1 6219
1 10350
1 9954
1 11430
1 6696
1 13446
1 5976
1 8190
1 5832
1 11160
1 6633
1 9216
1 7569
1 14409
1 5688
1 17685
1 12069
1 14094
1 5463
1 10557
1 14328
1 5886
1 14535
1 6831
1 8100
1 11403
1 7146
1 18675
1 7038
1 18684
1 3834
1 20376
1 14121
1 6102
1 9981
1 4023
1 13833
1 14247
1 5112
1 12501
1 6561
1 9495
1 15840
1 9504
1 11916
1 7380
1 4581
1 3240
1 3528
1 9540
1 5751
1 11097
1 10917
1 14112
1 6012
1 4788
1 15561
1 12024
1 4572
1 6336
1 9612
1 9495
1 10503
1 5634
1 10746
1 14364
1 8928
1 3636
1 17298
1 14688
1 9027
1 10332
1 11205
1 28350
1 8649
1 5931
1 4176
1 11520
1 5184
1 7416
1 8685
1 5922
1 5904
1 15264
1 7812
1 8469
1 11196
1 6858
1 18576
1 18504
1 8883
1 8577
1 3816
1 14832
1 6372
1 8352
1 11691
1 5355
1 12789
1 6291
1 5211
1 10917
1 6741
1 9279
1 11232
1 11385
1 10899
1 6660
1 8739
1 6552
1 11232
1 5733
1 6003
1 7389
1 5823
1 11484
1 10800
1 4635
1 5868
1 6588
1 18693
1 14670
1 10998
1 14634
1 11493
1 6930
1 19521
1 8505
1 17991
1 14877
1 16425
1 15048
1 4347
1 8190
1 8730
1 9963
1 2718
1 7695
1 10413
1 12402
1 17613
1 3042
1 9270
1 10746
1 7740
1 4617
1 8523
1 4923
1 5490
1 5697
1 11646
1 7749
1 10467
1 6723
1 9045
1 11826
1 11313
1 5877
1 8901
1 18693
1 8784
1 8010
1 5715
1 12141
1 8559
1 10404
1 10692
1 3096
1 12861
1 13104
1 18315
1 8640
1 23229
1 17397
1 9873
1 8037
1 11007
1 10206
1 9990
1 11655
1 3762
1 6615
1 10314
1 13806
1 13041
1 6138
1 8001
1 14688
1 21348
1 14670
1 12636
1 10971
1 13077
1 11142
1 7164
1 11493
1 11619
1 12699
1 9702
1 10188
1 6183
1 6039
1 11898
1 7848
1 5517
1 12105
1 7614
1 5868
1 4167
1 4743
1 15030
1 8784
1 12780
1 4383
1 2745
1 9810
1 6840
1 7020
1 9801
1 13122
1 9585
1 19755
1 6912
1 11691
1 11880
1 9495
1 8280
1 5112
1 7875
1 11475
1 12141
1 11439
1 12492
1 6417
1 5895
1 11439
1 6345
1 6435
1 4779
1 8595
1 12141
1 5976
1 15993
1 14634
1 2151
1 13797
1 3915
1 9927
1 8487
1 5634
1 5058
1 8703
1 16659
1 13995
1 10962
1 11313
1 15840
1 5391
1 5868
1 7155
1 14238
1 14814
1 4968
1 5976
1 10269
1 13716
1 7200
1 13842
1 9873
1 6264
1 6237
1 8298
1 15390
1 9423
1 17964
1 7506
1 9324
1 3105
1 7389
1 9999
1 9612
1 9297
1 8910
1 2187
1 6156
1 7605
1 21006
1 5715
1 14049
1 3879
1 7254
1 9315
1 9216
1 4572
1 14004
1 3645
1 11925
1 9585
1 4554
1 12213
1 15651
1 11970
1 14859
1 14634
1 9792
1 9603
1 15849
1 15021
1 7371
1 6858
1 10152
1 16740
1 9738
1 13833
1 24291
1 6777
1 14823
1 15903
1 16785
1 17604
1 19107
1 3294
1 4545
1 14175
1 8865
1 9567
1 9387
1 7308
1 7173
1 11034
1 7353
1 9036
1 9963
1 13167
1 14913
1 8037
1 18324
1 12366
1 6084
1 12609
1 7371
1 14265
1 10431
1 6381
1 8352
1 3366
1 5778
1 4140
1 9126
1 19719
1 21996
1 14049
1 11682
1 3375
1 6822
1 13806
1 11601
1 5958
1 8253
1 12267
1 6183
1 10116
1 5940
1 4815
1 5121
1 11547
1 9693
1 13392
1 5256
1 11223
1 4347
1 6390
1 4212
1 9531
1 8640
1 15327
1 9828
1 20043
1 8532
1 8631
1 6867
1 2466
1 8622
1 15147
1 4833
1 10377
1 8307
1 3618
1 8109
1 10764
1 12717
1 6291
1 7587
1 15984
1 16047
1 19791
1 7245
1 5049
1 7317
1 13185
1 12285
1 7515
1 11358
1 5616
1 11106
1 11961
1 12735
1 18063
1 8667
1 9072
1 10071
1 4770
1 18036
1 8469
1 9720
1 7326
1 19602
1 20169
1 7344
1 3456
1 8514
1 19773
1 10404
1 8685
1 3627
1 15516
1 4527
1 15174
1 8793
1 16866
1 16983
1 3222
1 6390
1 9405
1 18594
1 7101
1 12141
1 7956
1 15030
1 9324
1 8199
1 12402
1 9612
1 6714
1 8919
1 15552
1 4806
1 9117
1 6705
1 15300
1 5850
1 7389
1 12357
1 4554
1 7848
1 8703
1 10062
1 13005
1 3195
1 5904
1 11034
1 7704
1 17019
1 7317
1 9486
1 8802
1 12114
1 6291
1 6156
1 3690
1 8487
1 17010
1 6840
1 6552
1 10350
1 3195
1 9018
1 9594
1 16569
1 9612
1 7047
1 6174
1 10179
1 8649
1 15309
1 11997
1 6876
1 8505
1 11664
1 16110
1 4617
1 8019
1 8091
1 17001
1 9207
1 6075
1 7965
1 6354
1 11151
1 18297
1 7785
1 6444
1 7470
1 12951
1 9216
1 4266
1 4887
1 17946
1 12078
1 2223
1 9774
1 13437
1 10197
1 10512
1 5859
1 10332
1 6804
1 11772
1 9432
1 3627
1 12069
1 5067
1 8352
1 11196
1 9090
1 5643
1 9747
1 8685
1 4662
1 6705
1 16965
1 4221
1 7920
1 5121
1 19674
1 12528
1 16992
1 12321
1 5895
1 10179
1 2673
1 4950
1 9009
1 7227
1 10530
1 3816
1 10413
1 8028
1 9747
1 10845
1 7362
1 7857
1 5940
1 14499
1 12060
1 16092
1 6237
1 5508
1 16695
1 8181
1 17856
1 11547
1 11340
1 2691
1 5193
1 11646
1 6831
1 5229
1 8019
1 16209
1 9324
1 10233
1 17676
1 8730
1 8370
1 21159
1 12339
1 18693
1 7020
1 6210
1 11259
1 8028
1 5643
1 4869
1 13536
1 8109
1 13023
1 13077
1 3645
1 13824
1 14472
1 10485
1 17838
1 3357
1 4662
1 11088
1 6651
1 16452
1 14319
1 10116
1 8910
1 4662
1 9891
1 18342
1 13437
1 8487
1 5508
1 8271
1 7857
1 28458
1 9540
1 8991
1 7335
1 10017
1 6480
1 12627
1 13410
1 9045
1 6525
1 3555
1 6129
1 10017
1 17613
1 7281
1 10350
1 11196
1 9990
1 12096
1 5463
1 16740
1 8055
1 9576
1 13203
1 10773
1 15723
1 8010
1 9180
1 5148
1 5148
1 12825
1 11484
1 7848
1 8262
1 5913
1 8253
1 12141
1 12726
1 11034
1 5148
1 6723
1 7434
1 3267
1 6903
1 14778
1 11268
1 16110
1 9684
1 10611
1 7047
1 3213
1 5238
1 5472
1 11007
1 11727
1 8406
1 6102
1 9549
1 8613
1 6813
1 12960
1 9135
1 4311
1 10575
1 7614
1 24651
1 6813
1 18171
1 12465
1 8370
1 14382
1 11988
1 11502
1 15246
1 8046
1 7146
1 10152
1 10989
1 11511
1 10269
1 5598
1 6516
1 7965
1 7920
1 6354
1 7236
1 9180
1 6966
1 6111
1 10917
1 9522
1 9468
1 10890
1 18504
1 6426
1 3087
1 5706
1 24237
1 8649
1 12483
1 7749
1 10134
1 14751
1 9954
1 9126
1 5391
1 12420
1 10791
1 9792
1 10017
1 12177
1 2556
1 15219
1 20286
1 8622
1 7263
1 5328
1 12843
1 10278
1 11394
1 17298
1 9162
1 14922
1 9675
1 13653
1 15660
1 6741
1 11529
1 6894
1 29871
1 20295
1 9954
1 9540
1 8019
1 14571
1 10179
1 14265
1 20385
1 14580
1 6147
1 14355
1 12105
1 9405
1 4833
1 16281
1 6543
1 8289
1 1656
1 4878
1 10818
1 5445
1 6066
1 8685
1 7290
1 5724
1 16155
1 9999
1 14022
1 14679
1 12645
1 8946
1 10575
1 19971
1 4077
1 17775
1 5256
1 7947
1 17154
1 12051
1 13842
1 7713
1 10575
1 6768
1 10494
1 7011
1 11421
1 11880
1 8640
1 8631
1 8415
1 11619
1 5184
1 9198
1 5940
1 15210
1 12411
1 5256
1 18666
1 17460
1 7443
1 7686
1 17370
1 3654
1 8037
1 17775
1 5445
1 16416
1 10962
1 16569
1 19080
1 6768
1 7308
1 6426
1 13743
1 14211
1 15579
1 10233
1 7209
1 10224
1 6858
1 16731
1 12420
1 19035
1 20736
1 12087
1 9351
1 11736
1 6120
1 10998
1 4392
1 8415
1 7191
1 13383
1 15822
1 11880
1 10728
1 8937
1 7875
1 10737
1 7020
1 3582
1 18882
1 4923
1 13383
1 22617
1 5499
1 8559
1 7038
1 16704
1 22689
1 8379
1 5382
1 9504
1 18387
1 9783
1 20043
1 12456
1 8226
1 13905
1 8154
1 4770
1 7830
1 7524
1 7335
1 11547
1 6210
1 14148
1 3564
1 12006
1 11025
1 7344
1 10116
1 10071
1 10764
1 16758
1 6183
1 18279
1 8649
1 4590
1 5211
1 17973
1 8199
1 13581
1 26109
1 11367
1 11628
1 9108
1 7677
1 13392
1 19044
1 9702
1 13419
1 22806
1 16380
1 7461
1 10296
1 6633
1 8325
1 8244
1 28755
1 10539
1 14517
1 7362
1 3879
1 10935
1 14445
1 12474
1 8793
1 8046
1 9810
1 4932
1 12573
1 10647
1 11178
1 16020
1 5607
1 14859
1 9918
1 3474
1 6768
1 10755
1 17802
1 13860
1 11970
1 8523
1 17082
1 12051
1 6813
1 9216
1 11655
1 7731
1 13986
1 11349
1 8550
1 10467
1 9054
1 13491
1 6831
1 11142
1 8712
1 6372
1 5274
1 4833
1 15660
1 8856
1 2322
1 10260
1 10530
1 12879
1 12420
1 11151
1 6291
1 5391
1 9567
1 11520
1 14481
1 7245
1 7785
1 8064
1 6867
1 8811
1 10701
1 12600
1 6165
1 8820
1 8919
1 6903
1 8496
1 5868
1 7857
1 18126
1 9972
1 10863
1 7560
1 9711
1 16380
1 15876
1 6219
1 7929
1 7866
1 11385
1 15975
1 10944
1 14346
1 15957
1 11673
1 11619
1 10449
1 11169
1 14292
1 9000
1 11331
1 6777
1 8676
1 7182
1 18063
1 6696
1 3429
1 10440
1 13716
1 17568
1 4275
1 5319
1 6615
1 11574
1 2943
1 16821
1 13239
1 7749
1 10026
1 8109
1 9666
1 2286
1 5679
1 6129
1 11466
1 6939
1 14319
1 17811
1 11826
1 7947
1 5922
1 7857
1 9837
1 9351
1 20232
1 6840
1 8910
1 15993
1 10575
1 21888
1 12771
1 6066
1 16038
1 12105
1 13383
1 8271
1 6012
1 20340
1 15759
1 10962
1 13725
1 6975
1 8199
1 10179
1 5607
1 11151
1 4158
1 9054
1 18306
1 6255
1 13311
1 9369
1 10350
1 14517
1 18522
1 22410
1 11394
1 9792
1 10719
1 6480
1 8829
1 16560
1 7785
1 5625
1 5454
1 4113
1 7020
1 7884
1 4608
1 8829
1 9468
1 10755
1 7704
1 9252
1 5922
1 11394
1 7920
1 3834
1 6885
1 11223
1 11601
1 5418
1 7929
1 9441
1 10143
1 24426
1 11250
1 3294
1 12546
1 15696
1 14292
1 9882
1 21411
1 21483
1 14049
1 3915
1 3528
1 5670
1 4266
1 5877
1 2358
1 3681
1 13257
1 7488
1 5778
1 4140
1 21006
1 7317
1 8397
1 3249
1 6786
1 9234
1 9378
1 15192
1 8361
1 4815
1 6129
1 9612
1 15174
1 10809
1 12762
1 16488
1 11232
1 8460
1 6237
1 8910
1 14364
1 6642
1 21096
1 8577
1 4185
1 8217
1 8847
1 10377
1 3528
1 16407
1 13176
1 3348
1 4491
1 13275
1 10791
1 10467
1 5895
1 7470
1 6669
1 11529
1 8667
1 9936
1 10593
1 3267
1 6111
1 22662
1 3168
1 9693
1 5283
1 20502
1 6354
1 4446
1 2529
1 12528
1 6543
1 7965
1 8559
1 9477
1 9387
1 8253
1 10782
1 9000
1 13743
1 5427
1 8748
1 3033
1 10224
1 15642
1 10827
1 11061
1 12258
1 6957
1 9972
1 7749
1 10116
1 8424
1 13581
1 19440
1 10800
1 12654
1 14265
1 15237
1 9216
1 3348
1 11844
1 6183
1 5652
1 6507
1 14463
1 9036
1 12825
1 8082
1 10872
1 26478
1 12258
1 10998
1 2268
1 13257
1 13959
1 6633
1 16704
1 16281
1 10242
1 16506
1 10647
1 8172
1 9675
1 10206
1 7758
1 12843
1 13518
1 16848
1 10494
1 15408
1 10683
1 15156
1 18603
1 4671
1 7794
1 8262
1 6543
1 18234
1 9099
1 11214
1 7353
1 6939
1 18702
1 3276
1 10368
1 18621
1 9432
1 11457
1 11331
1 5013
1 8559
1 7488
1 11286
1 5922
1 13572
1 6993
1 14157
1 8289
1 9657
1 13050
1 7614
1 10224
1 8433
1 10161
1 8793
1 2889
1 12375
1 13392
1 15705
1 11979
1 14634
1 12078
1 12708
1 10944
1 10683
1 8325
1 12177
1 23463
1 8442
1 4527
1 6741
1 14139
1 12411
1 15687
1 13986
1 19539
1 9738
1 8793
1 17964
1 9396
1 4878
1 6273
1 10899
1 21861
1 5328
1 10548
1 11106
1 7308
1 10431
1 4374
1 5031
1 8577
1 15633
1 11178
1 7038
1 4095
1 10035
1 7956
1 8109
1 14634
1 11367
1 5166
1 9531
1 5616
1 14445
1 10494
1 12213
1 8424
1 6849
1 9279
1 8838
1 9675
1 28602
1 13023
1 9378
1 14463
1 8217
1 17244
1 4563
1 14913
1 11052
1 4158
1 14301
1 8559
1 12645
1 5958
1 11070
1 7515
1 18612
1 13752
1 8541
1 13383
1 14409
1 7011
1 3276
1 15984
1 16470
1 8460
1 9297
1 17496
1 6597
1 7029
1 22257
1 9765
1 5238
1 11133
1 7443
1 15273
1 19890
1 13032
1 9198
1 16668
1 10359
1 5256
1 10683
1 4527
1 13050
1 8604
1 18909
1 8235
1 5184
1 10404
1 17064
1 10188
1 9072
1 3141
1 7452
1 20925
1 4086
1 14472
1 15129
1 8037
1 5454
1 4473
1 5517
1 8901
1 10845
1 7578
1 12681
1 4824
1 10719
1 18018
1 8091
1 5697
1 16551
1 7065
1 6669
1 6453
1 9918
1 26163
1 15381
1 29880
1 10638
1 9081
1 15084
1 5040
1 4761
1 6327
1 10944
1 13464
1 4176
1 5868
1 7497
1 10710
1 12564
1 2223
1 4770
1 8604
1 14256
1 7785
1 9630
1 19728
1 7947
1 9126
1 9324
1 7695
1 8946
1 12222
1 6228
1 3735
1 14310
1 6453
1 12006
1 7722
1 6057
1 13365
1 9792
1 13572
1 7137
1 22167
1 6678
1 9720
1 21663
1 9837
1 5418
1 6372
1 10575
1 5121
1 18117
1 4599
1 5247
1 20484
1 9486
1 11340
1 8604
1 18441
1 7767
1 11664
1 13095
1 8010
1 21168
1 15678
1 9441
1 18495
1 16830
1 14247
1 5031
1 14679
1 9477
1 17010
1 9639
1 11799
1 6174
1 8649
1 13023
1 10071
1 7992
1 12447
1 5670
1 12663
1 5751
1 9891
1 4257
1 10134
1 19476
1 6624
1 6615
1 10359
1 8883
1 6390
1 8784
1 12267
1 16983
1 4518
1 16425
1 13608
1 3330
1 5814
1 8352
1 7956
1 9846
1 24525
1 9090
1 10836
1 9954
1 6723
1 9756
1 25110
1 10161
1 7623
1 6363
1 11763
1 8415
1 16047
1 11565
1 6732
1 15399
1 12807
1 7020
1 3780
1 10512
1 6399
1 8838
1 12465
1 5481
1 18324
1 5769
1 4005
1 14742
1 4950
1 6768
1 17379
1 12168
1 10359
1 9198
1 10359
1 11187
1 6093
1 9594
1 10386
1 8478
1 6849
1 7317
1 17649
1 18000
1 5571
1 2952
1 10269
1 6318
1 5085
1 12177
1 28998
1 17199
1 13239
1 5220
1 14985
1 12285
1 8226
1 9531
1 10089
1 7533
1 10386
1 7263
1 6606
1 9270
1 8181
1 12285
1 13779
1 10026
1 10503
1 6705
1 9045
1 7668
1 6543
1 8208
1 9054
1 5508
1 17973
1 13635
1 11565
1 13167
1 10359
1 7839
1 8478
1 10512
1 3510
1 8973
1 11664
1 4590
1 6282
1 13302
1 6309
1 15147
1 7182
1 3816
1 17145
1 22860
1 10602
1 6993
1 3537
1 11079
1 8838
1 10296
1 8469
1 10368
1 6957
1 10170
1 17370
1 3717
1 6561
1 5040
1 6687
1 17253
1 7551
1 12672
1 5697
1 16497
1 11808
1 12978
1 11340
1 8631
1 5517
1 7677
1 3906
1 11511
1 7749
1 10278
1 5112
1 9684
1 7353
1 5391
1 10035
1 4968
1 9612
1 18252
1 8937
1 10845
1 8802
1 12843
1 23913
1 7965
1 7938
1 11808
1 10953
1 17163
1 7119
1 7776
1 12672
1 18549
1 7380
1 8424
1 5805
1 8910
1 11457
1 12528
1 8037
1 2763
1 9774
1 7128
1 10593
1 5193
1 10557
1 13959
1 12195
1 4221
1 12978
1 6471
1 7623
1 11268
1 7677
1 14193
1 6939
1 9783
1 12771
1 15426
1 5139
1 5319
1 5913
1 11169
1 6174
1 12114
1 9117
1 7443
1 8136
1 12357
1 9684
1 6228
1 10494
1 10386
1 9414
1 8577
1 16965
1 10962
1 3483
1 11376
1 5517
1 10620
1 13374
1 2556
1 13185
1 10791
1 5940
1 8172
1 4185
1 11061
1 13923
1 6750
1 8460
1 4905
1 17253
1 14328
1 8181
1 8388
1 2979
1 23220
1 5562
1 6120
1 9090
1 15219
1 12402
1 9702
1 2754
1 8730
1 17325
1 7326
1 5490
1 6318
1 7164
1 15498
1 3951
1 7416
1 3906
1 8037
1 7029
1 7146
1 8181
1 16731
1 10098
1 12510
1 9144
1 11430
1 8118
1 10494
1 14247
1 10557
1 13572
1 19008
1 12645
1 8604
1 11943
1 8379
1 11799
1 4941
1 12204
1 8280
1 14832
1 2466
1 6975
1 5130
1 11988
1 19350
1 6156
1 14661
1 8856
1 11205
1 5454
1 11547
1 9468
1 10530
1 12123
1 4293
1 5355
1 13626
1 24174
1 11250
1 9954
1 7029
1 17172
1 7200
1 10269
1 7515
1 10350
1 4905
1 11007
1 8730
1 6048
1 6264
1 17010
1 5697
1 6462
1 27189
1 5895
1 24282
1 14670
1 21726
1 13482
1 7218
1 12357
1 6876
1 10557
1 9171
1 5337
1 7713
1 5058
1 7110
1 8298
1 8028
1 15129
1 20565
1 11115
1 15849
1 7569
1 7029
1 12015
1 7074
1 5580
1 6003
1 10188
1 5949
1 22410
1 8082
1 7866
1 15912
1 7713
1 4275
1 5310
1 16065
1 4563
1 12033
1 10800
1 12393
1 14499
1 13590
1 10224
1 7983
1 13689
1 11106
1 4212
1 10521
1 18459
1 3501
1 13275
1 20232
1 9855
1 11565
1 10332
1 10350
1 6660
1 10278
1 10332
1 10314
1 5175
1 6066
1 13104
1 17478
1 4293
1 12744
1 13941
1 7110
1 6597
1 3951
1 5580
1 12168
1 13653
1 11349
1 6948
1 6489
1 16524
1 3888
1 6264
1 9477
1 14913
1 7326
1 4932
1 15822
1 20574
1 13347
1 14292
1 9540
1 9378
1 16020
1 12591
1 8577
1 7470
1 18036
1 3969
1 6678
1 4446
1 10467
1 4194
1 6957
1 9738
1 16596
1 12177
1 12726
1 9558
1 9198
1 6921
1 8244
1 8613
1 7740
1 7596
1 18513
1 11439
1 4365
1 8208
1 7650
1 6012
1 3834
1 3879
1 12033
1 6939
1 14328
1 10467
1 13437
1 8325
1 3690
1 13032
1 11088
1 14760
1 7119
1 12393
1 8442
1 14670
1 11781
1 8136
1 3996
1 9747
1 9243
1 14004
1 2142
1 4842
1 17487
1 17109
1 10395
1 7137
1 7542
1 8352
1 8127
1 17955
1 10233
1 22941
1 6642
1 11376
1 19305
1 14625
1 10917
1 9486
1 12258
1 18342
1 14553
1 17874
1 10152
1 11448
1 7911
1 14805
1 10557
1 6129
1 9261
1 17019
1 10827
1 12933
1 6282
1 5472
1 4995
1 16128
1 6984
1 7020
1 8397
1 13365
1 5193
1 7506
1 12564
1 6282
1 1944
1 10890
1 5967
1 8748
1 5625
1 9252
1 6795
1 11493
1 16758
1 5022
1 6372
1 12069
1 16272
1 25011
1 6237
1 5841
1 10350
1 6624
1 6624
1 6831
1 5733
1 12942
1 13500
1 6723
1 8001
1 7389
1 19215
1 22779
1 15498
1 7785
1 9531
1 10530
1 5922
1 8739
1 5715
1 5643
1 19530
1 10683
1 9540
1 4248
1 6138
1 10755
1 6858
1 12168
1 5499
1 2502
1 9621
1 6381
1 8649
1 11151
1 3573
1 11970
1 12825
1 16713
1 17505
1 12015
1 5139
1 9171
1 3987
1 13941
1 10170
1 10098
1 17145
1 11511
1 18999
1 10809
1 15246
1 9297
1 7596
1 3447
1 9270
1 7740
1 18234
1 3672
1 8055
1 16209
1 12744
1 7677
1 8424
1 5769
1 5103
1 8307
1 10593
1 6039
1 10863
1 19467
1 6246
1 10017
1 13896
1 14400
1 4761
1 9459
1 13716
1 9819
1 12456
1 3006
1 23679
1 6588
1 20763
1 8856
1 7398
1 7173
1 12474
1 10548
1 7524
1 10305
1 11295
1 12303
1 10233
1 12384
1 4932
1 11952
1 10197
1 11007
1 10701
1 6831
1 10485
1 4149
1 12402
1 5796
1 5796
1 19359
1 8406
1 11313
1 7641
1 3987
1 7470
1 12762
1 11484
1 9234
1 10647
1 5778
1 6840
1 6741
1 5877
1 3735
1 2889
1 28557
1 6534
1 19035
1 8631
1 11817
1 15633
1 7470
1 6822
1 10269
1 14103
1 17505
1 7956
1 4617
1 8694
1 17928
1 5373
1 4140
1 9630
1 9972
1 11664
1 10062
1 6219
1 6246
1 21879
1 7875
1 7866
1 3996
1 10764
1 8118
1 11961
1 4626
1 9072
1 11079
1 6750
1 7749
1 12798
1 11016
1 7353
1 5994
1 4950
1 10476
1 13644
1 13896
1 8433
1 9306
1 10008
1 5733
1 3492
1 7029
1 5724
1 10809
1 12699
1 5697
1 14832
1 6327
1 5643
1 7758
1 10548
1 7434
1 10908
1 12969
1 12852
1 6354
1 7452
1 10350
1 4977
1 6363
1 2934
1 10809
1 10017
1 13509
1 12294
1 5283
1 6714
1 7407
1 5904
1 1494
1 10458
1 15750
1 10701
1 7434
1 8316
1 9270
1 1926
1 6984
1 12438
1 10206
1 9135
1 2232
1 9045
1 11943
1 15030
1 8559
1 14004
1 2385
1 9468
1 20349
1 8001
1 2673
1 4401
1 6336
1 6624
1 4644
1 11718
1 12474
1 4752
1 6111
1 8379
1 11340
1 17973
1 6399
1 5760
1 6858
1 2727
1 7029
1 5472
1 5040
1 3843
1 10728
1 14382
1 3789
1 8370
1 12249
1 14409
1 15813
1 9063
1 8559
1 16011
1 9216
1 10107
1 21951
1 24750
1 9675
1 15615
1 21501
1 13302
1 6246
1 10593
1 9711
1 15669
1 10359
1 2457
1 19782
1 8703
1 12834
1 12222
1 5517
1 9081
1 16587
1 24705
1 8982
1 2889
1 14661
1 7299
1 5508
1 11475
1 10134
1 2619
1 13518
1 7200
1 6984
1 3816
1 5715
1 12636
1 9585
1 8874
1 9306
1 11331
1 14184
1 16245
1 12951
1 14742
1 7452
1 12870
1 13464
1 17424
1 10278
1 18495
1 5823
1 2709
1 9288
1 8190
1 12429
1 8820
1 11835
1 7740
1 23544
1 9774
1 5337
1 5364
1 9207
1 12519
1 10098
1 7920
1 12960
1 11007
1 6012
1 13167
1 3708
1 9540
1 6633
1 12402
1 15822
1 7767
1 13446
1 10665
1 5895
1 9018
1 14733
1 9117
1 11133
1 9999
1 14463
1 9450
1 18765
1 16974
1 7425
1 10818
1 9261
1 3519
1 9108
1 7605
1 13509
1 21762
1 14193
1 15993
1 13500
1 12600
1 13905
1 12789
1 12924
1 14049
1 15030
1 15525
1 8370
1 10602
1 3312
1 8181
1 15966
1 4428
1 7668
1 7173
1 8820
1 12078
1 14004
1 7191
1 14238
1 3537
1 11232
1 7632
1 7614
1 4968
1 15885
1 3780
1 18756
1 8028
1 9963
1 6759
1 9657
1 10989
1 9585
1 18198
1 13518
1 13041
1 5031
1 11124
1 6804
1 10332
1 5814
1 11025
1 5184
1 13176
1 2331
1 7227
1 6480
1 8226
1 21348
1 6129
1 13005
1 5697
1 5976
1 13860
1 6579
1 12330
1 6138
1 7965
1 7317
1 11367
1 7821
1 10647
1 12465
1 10602
1 12204
1 16110
1 5364
1 6534
1 14679
1 11385
1 5337
1 10170
1 4635
1 11817
1 6138
1 9531
1 10692
1 5895
1 4050
1 9432
1 14211
1 11043
1 16641
1 20313
1 6003
1 6336
1 3150
1 14616
1 6867
1 20682
1 11889
1 11970
1 15093
1 5580
1 8181
1 8397
1 20052
1 11340
1 5049
1 10665
1 5832
1 3663
1 7560
1 5508
1 4941
1 6498
1 3726
1 10224
1 14805
1 12735
1 18252
1 7380
1 11592
1 8424
1 12303
1 10935
1 11394
1 11421
1 4545
1 12078
1 7713
1 5346
1 12483
1 13158
1 14301
1 12555
1 9423
1 11682
1 12294
1 5841
1 9171
1 8937
1 10845
1 8802
1 6327
1 8271
1 7920
1 18702
1 6498
1 11205
1 5715
1 7533
1 12582
1 13374
1 11934
1 10098
1 14301
1 7902
1 3879
1 5103
1 11682
1 5535
1 10719
1 11277
1 3240
1 8784
1 8181
1 19323
1 15498
1 6426
1 8460
1 12843
1 5778
1 10377
1 20259
1 10467
1 21573
1 15822
1 18441
1 8235
1 11610
1 5436
1 11952
1 17046
1 10530
1 9576
1 10800
1 11043
1 22563
1 6462
1 12411
1 3924
1 15597
1 5229
1 3420
1 10917
1 12564
1 7218
1 6525
1 6075
1 2943
1 15939
1 12150
1 9909
1 3213
1 12267
1 10161
1 13068
1 5355
1 7992
1 8064
1 9837
1 7551
1 15417
1 5598
1 4131
1 10476
1 18486
1 9414
1 8784
1 5715
1 9144
1 9927
1 6534
1 11133
1 8712
1 10188
1 4635
1 8946
1 5391
1 14679
1 19053
1 4833
1 5229
1 6804
1 2205
1 16767
1 9756
1 11250
1 9558
1 6831
1 8946
1 19917
1 9738
1 13248
1 7416
1 15525
1 11430
1 14085
1 9882
1 15093
1 12258
1 14310
1 8631
1 5598
1 3870
1 11664
1 7506
1 5922
1 14238
1 4023
1 7551
1 8883
1 7533
1 12249
1 10701
1 8631
1 10395
1 14373
1 4212
1 9621
1 11466
1 13419
1 4005
1 9036
1 10773
1 11376
1 11232
1 6822
1 9711
1 13680
1 19440
1 3699
1 13140
1 3078
1 11997
1 9711
1 10116
1 10701
1 10251
1 6552
1 4707
1 9927
1 8334
1 9612
1 4248
1 6741
1 7695
1 4455
1 8631
1 16425
1 4734
1 11511
1 10809
1 4914
1 12186
1 18396
1 10521
1 8442
1 18261
1 4806
1 11934
1 8775
1 11925
1 8703
1 7965
1 10530
1 13095
1 10944
1 2736
1 8433
1 10728
1 14841
1 10962
1 9936
1 8163
1 9126
1 16164
1 2106
1 13743
1 5400
1 11133
1 14625
1 4914
1 4059
1 13185
1 7830
1 5499
1 8145
1 11232
1 8748
1 15552
1 13032
1 6273
1 8568
1 15372
1 10431
1 10710
1 8541
1 10188
1 11439
1 6624
1 21078
1 12438
1 7452
1 8919
1 10314
1 16335
1 9108
1 14544
1 19575
1 9621
1 8820
1 24642
1 9486
1 11196
1 10260
1 5859
1 5760
1 10701
1 8154
1 9621
1 8838
1 13581
1 7956
1 14751
1 11700
1 15417
1 15552
1 15831
1 10818
1 15480
1 10737
1 2214
1 8631
1 3681
1 3375
1 14571
1 17226
1 3231
1 9333
1 7749
1 5355
1 26820
1 10899
1 9585
1 7452
1 10215
1 2988
1 7839
1 6678
1 7389
1 5868
1 6066
1 9171
1 5400
1 7281
1 8019
1 10323
1 9909
1 15840
1 15120
1 7434
1 13626
1 7398
1 6102
1 4248
1 11556
1 15480
1 3816
1 13968
1 6984
1 9702
1 11493
1 8406
1 6561
1 21591
1 8919
1 7128
1 6651
1 12267
1 4626
1 5994
1 15876
1 7722
1 10953
1 12060
1 7236
1 13608
1 7443
1 4428
1 17172
1 6804
1 9702
1 9288
1 12015
1 11160
1 9279
1 7767
1 13527
1 10269
1 12123
1 4437
1 6705
1 5337
1 18414
1 4005
1 8559
1 8658
1 7020
1 7155
1 5823
1 7236
1 7533
1 8523
1 8190
1 20799
1 3087
1 10827
1 9522
1 3006
1 10395
1 9081
1 5184
1 15318
1 8694
1 8181
1 22554
1 8118
1 7884
1 14220
1 9261
1 8487
1 5454
1 6228
1 7353
1 10809
1 4473
1 10278
1 10620
1 5103
1 7884
1 4185
1 4302
1 11448
1 10881
1 8478
1 9486
1 11439
1 18171
1 6183
1 12060
1 5346
1 7569
1 7029
1 12816
1 4806
1 6003
1 9126
1 4338
1 8523
1 16731
1 6552
1 10800
1 5751
1 10710
1 13068
1 11979
1 12780
1 8505
1 8856
1 11592
1 9315
1 5904
1 5472
1 13464
1 10305
1 9531
1 11277
1 10116
1 10989
1 14580
1 15795
1 15921
1 15408
1 4311
1 9945
1 9711
1 9576
1 14274
1 11628
1 12186
1 11178
1 5598
1 12087
1 11250
1 9630
1 7866
1 4563
1 11601
1 3294
1 2799
1 10359
1 5562
1 26064
1 6597
1 4626
1 8811
1 11421
1 20448
1 8703
1 13914
1 6867
1 5373
1 14175
1 1818
1 11664
1 15111
1 7542
1 18729
1 7704
1 10467
1 13482
1 4977
1 6615
1 6552
1 7353
1 5724
1 14346
1 11178
1 10620
1 12681
1 11988
1 7173
1 12330
1 5139
1 9027
1 10944
1 16632
1 6993
1 8136
1 10782
1 15579
1 13725
1 8118
1 8316
1 17829
1 6210
1 21501
1 14967
1 7326
1 28791
1 6147
1 10080
1 10854
1 19944
1 9675
1 14589
1 3924
1 16128
1 12906
1 10125
1 11520
1 7245
1 8964
1 10512
1 6858
1 4104
1 4509
1 10125
1 6534
1 16236
1 8109
1 8010
1 7389
1 16767
1 7002
1 8523
1 6534
1 9756
1 9828
1 7218
1 8163
1 12051
1 5346
1 17406
1 15849
1 18378
1 10440
1 16452
1 5769
1 8280
1 7731
1 12681
1 7938
1 10665
1 19989
1 8208
1 12906
1 12348
1 12186
1 10530
1 12789
1 16002
1 6039
1 7965
1 23382
1 17199
1 10971
1 9306
1 17847
1 4014
1 13347
1 5337
1 13932
1 6039
1 8001
1 18378
1 12087
1 8910
1 3861
1 7002
1 9585
1 9828
1 9135
1 8190
1 6579
1 15282
1 12222
1 4122
1 8982
1 7839
1 3024
1 11376
1 11934
1 12123
1 3159
1 3609
1 13131
1 14076
1 7218
1 12456
1 9504
1 9423
1 8280
1 13752
1 5652
1 21312
1 3825
1 8838
1 9225
1 6012
1 4788
1 4419
1 13815
1 6093
1 15813
1 9882
1 14013
1 20484
1 6336
1 5526
1 19062
1 11187
1 13869
1 11889
1 11358
1 6507
1 8937
1 8955
1 15768
1 10017
1 18567
1 5733
1 13383
1 6318
1 7002
1 14382
1 14886
1 9009
1 5661
1 11889
1 14895
1 8847
1 22977
1 16488
1 10521
1 17523
1 12249
1 3033
1 9540
1 13086
1 3663
1 9099
1 8892
1 11061
1 6093
1 4320
1 6003
1 21357
1 14490
1 12132
1 12564
1 5859
1 12168
1 7362
1 3726
1 9963
1 8532
1 4968
1 6543
1 9477
1 8190
1 6003
1 13059
1 3672
1 5679
1 8793
1 11826
1 14796
1 21024
1 8298
1 15183
1 9846
1 21114
1 10350
1 13329
1 5400
1 4428
1 8730
1 18423
1 8352
1 11034
1 14499
1 11493
1 3969
1 13455
1 11277
1 4338
1 12123
1 8577
1 4797
1 9765
1 10539
1 9396
1 4761
1 13959
1 12834
1 6939
1 7308
1 17244
1 10971
1 4995
1 7326
1 8523
1 5580
1 8577
1 15102
1 3735
1 15876
1 9459
1 9261
1 6777
1 13545
1 12852
1 6948
1 7839
1 9045
1 14868
1 10971
1 8523
1 10458
1 5346
1 5985
1 4383
1 11277
1 5535
1 7308
1 12528
1 16218
1 17361
1 7632
1 7083
1 5814
1 10026
1 11655
1 12645
1 7110
1 7722
1 5535
1 9135
1 9927
1 16407
1 4644
1 8820
1 10539
1 17874
1 18261
1 6363
1 22302
1 2907
1 11142
1 5814
1 11259
1 7074
1 9243
1 11799
1 12609
1 16974
1 21807
1 9531
1 5454
1 10476
1 15021
1 13194
1 10449
1 11430
1 4905
1 18000
1 19872
1 6111
1 6039
1 6093
1 6579
1 9333
1 12366
1 7929
1 11448
1 11727
1 12780
1 8667
1 7749
1 3366
1 14481
1 5472
1 11412
1 12303
1 4725
1 7056
1 5904
1 12924
1 3870
1 9432
1 12960
1 7749
1 10215
1 25209
1 3897
1 9657
1 16002
1 9918
1 15003
1 15822
1 9171
1 8181
1 16749
1 24705
1 4140
1 12492
1 9657
1 10728
1 13806
1 10746
1 7641
1 12789
1 8172
1 7146
1 10521
1 8226
1 5355
1 6975
1 11925
1 7794
1 7488
1 9891
1 8064
1 12078
1 12033
1 6390
1 6984
1 11808
1 11295
1 14868
1 23238
1 6579
1 9666
1 9333
1 14139
1 13644
1 8280
1 13680
1 9369
1 10827
1 13374
1 12069
1 13437
1 5346
1 6885
1 12105
1 7389
1 8082
1 7227
1 3402
1 9414
1 5733
1 5994
1 7794
1 8433
1 16731
1 9621
1 3735
1 20223
1 8064
1 7623
1 12627
1 10602
1 7965
1 5328
1 11610
1 8928
1 9243
1 5094
1 13671
1 5940
1 10710
1 7398
1 8541
1 15894
1 3978
1 4797
1 9873
1 11691
1 10620
1 12672
1 9252
1 6372
1 10647
1 5688
1 17883
1 4680
1 7308
1 5580
1 3312
1 11016
1 13095
1 14535
1 9243
1 7200
1 13500
1 8901
1 15777
1 8838
1 5679
1 9162
1 9117
1 5157
1 14049
1 11952
1 6057
1 12384
1 5868
1 5715
1 15777
1 19593
1 8325
1 13950
1 4482
1 9585
1 7299
1 16254
1 7893
1 7191
1 5607
1 8073
1 8874
1 7893
1 10971
1 17055
1 5751
1 10026
1 7200
1 11916
1 10260
1 5310
1 7938
1 15129
1 9585
1 14247
1 8748
1 7317
1 9918
1 9135
1 14418
1 2844
1 6678
1 8505
1 8082
1 6552
1 11898
1 4140
1 10098
1 9207
1 7911
1 9891
1 22770
1 8460
1 5877
1 11925
1 6597
1 15939
1 7263
1 16470
1 9936
1 7236
1 11079
1 17505
1 11556
1 19350
1 1818
1 4581
1 10224
1 8235
1 13383
1 10647
1 9324
1 12240
1 14193
1 12879
1 8379
1 11925
1 12861
1 6309
1 3591
1 3636
1 5643
1 7362
1 17775
1 10764
1 20088
1 18270
1 13257
1 11025
1 11565
1 8181
1 2331
1 11088
1 19404
1 2547
1 10962
1 14814
1 19287
1 4734
1 13536
1 4230
1 11565
1 6993
1 5445
1 9000
1 8622
1 6579
1 12051
1 16362
1 14634
1 7614
1 13248
1 6219
1 11709
1 10746
1 17811
1 7272
1 10080
1 2610
1 3951
1 2997
1 5220
1 6084
1 16695
1 12321
1 12042
1 4554
1 11439
1 5427
1 9243
1 11646
1 9585
1 11583
1 10044
1 5337
1 6363
1 8325
1 9765
1 9162
1 11646
1 7776
1 15291
1 3384
1 9261
1 6363
1 12735
1 15021
1 13590
1 9405
1 20061
1 12483
1 16272
1 9675
1 8721
1 6579
1 10233
1 9945
1 11376
1 12924
1 6075
1 8028
1 7020
1 7200
1 15093
1 12960
1 7344
1 4374
1 14049
1 9873
1 13041
1 10827
1 4239
1 10485
1 4014
1 13392
1 6768
1 5139
1 6804
1 6291
1 11214
1 7794
1 16209
1 7659
1 9387
1 4104
1 3519
1 3492
1 10008
1 15381
1 9999
1 5742
1 4410
1 7452
1 9963
1 5067
1 11349
1 5706
1 18513
1 14958
1 14040
1 6588
1 10242
1 6948
1 9036
1 5985
1 19278
1 7623
1 8559
1 13806
1 14202
1 12447
1 9306
1 5346
1 6003
1 5346
1 14814
1 13995
1 12474
1 7506
1 15903
1 13122
1 3852
1 10440
1 5571
1 14409
1 6993
1 9513
1 6984
1 6156
1 18423
1 10827
1 12141
1 11799
1 13716
1 6282
1 3465
1 5688
1 10782
1 1638
1 18864
1 16434
1 9369
1 7758
1 12033
1 22626
1 15408
1 14301
1 14058
1 3753
1 7488
1 10458
1 11916
1 8253
1 10161
1 5157
1 15093
1 5058
1 8757
1 7632
1 19530
1 14886
1 9423
1 5976
1 19917
1 6471
1 10647
1 7893
1 12186
1 5292
1 11061
1 7569
1 6597
1 18297
1 9846
1 10935
1 7821
1 15660
1 10125
1 9549
1 2286
1 6759
1 18819
1 10782
1 5193
1 6237
1 11745
1 10296
1 2880
1 8082
1 21366
1 9234
1 10395
1 13059
1 8559
1 7056
1 11106
1 10287
1 17334
1 10665
1 10017
1 13959
1 11034
1 5301
1 4059
1 10800
1 2907
1 6984
1 10305
1 4770
1 4374
1 19764
1 8406
1 12213
1 4842
1 10674
1 3870
1 10719
1 9603
1 7641
1 12483
1 15966
1 10503
1 20169
1 12654
1 15849
1 4689
1 7128
1 8559
1 19071
1 9207
1 13563
1 8676
1 13554
1 5310
1 9117
1 13779
1 10638
1 5364
1 5445
1 13059
1 16101
1 10098
1 9045
1 3780
1 5247
1 4149
1 5895
1 12096
1 11520
1 6111
1 19449
1 9216
1 10116
1 8172
1 14436
1 14787
1 12348
1 7803
1 6651
1 6327
1 8109
1 6831
1 8046
1 8559
1 23796
1 9603
1 4455
1 8046
1 6975
1 1854
1 15750
1 15633
1 7335
1 10962
1 7299
1 5355
1 11412
1 16479
1 11547
1 11700
1 10134
1 10089
1 10881
1 7560
1 8415
1 10809
1 9432
1 18891
1 12114
1 12555
1 11052
1 6210
1 14418
1 6282
1 7146
1 5976
1 9450
1 14301
1 12609
1 13968
1 7524
1 20655
1 11061
1 7029
1 14904
1 2925
1 8577
1 5733
1 10422
1 9828
1 10215
1 7839
1 5445
1 6093
1 8919
1 11394
1 7956
1 18279
1 20565
1 9108
1 13554
1 15498
1 14715
1 4491
1 6615
1 8334
1 11187
1 17757
1 9423
1 8694
1 5184
1 10116
1 4437
1 5094
1 11574
1 3978
1 7506
1 9936
1 7902
1 8145
1 14121
1 19656
1 6516
1 17046
1 12141
1 6957
1 9144
1 6363
1 9495
1 12195
1 11655
1 14922
1 6552
1 10575
1 15507
1 8235
1 14229
1 16173
1 36216
1 11718
1 5508
1 9963
1 8991
1 6327
1 6912
1 11871
1 17775
1 12897
1 3672
1 7758
1 5211
1 11574
1 9405
1 7641
1 4158
1 9540
1 5481
1 13311
1 9936
1 10062
1 10917
1 8964
1 13527
1 10422
1 23634
1 13923
1 13338
1 10746
1 17073
1 9684
1 13779
1 13536
1 12231
1 10107
1 8604
1 6588
1 12006
1 11277
1 9009
1 10116
1 12483
1 17577
1 7344
1 7551
1 4995
1 20430
1 6093
1 11799
1 16029
1 9198
1 4680
1 17658
1 7407
1 12357
1 8001
1 9657
1 7461
1 21114
1 5067
1 5067
1 9603
1 9396
1 3195
1 13212
1 12573
1 15102
1 9657
1 8343
1 7965
1 8352
1 18315
1 12402
1 7317
1 13149
1 7947
1 13608
1 7974
1 9270
1 7668
1 14256
1 10854
1 10593
1 8577
1 6030
1 10125
1 6507
1 19440
1 7632
1 6030
1 13068
1 7065
1 13716
1 9315
1 11664
1 10314
1 10170
1 11745
1 10926
1 11637
1 10350
1 10125
1 6237
1 15894
1 5886
1 9549
1 8388
1 8532
1 10341
1 15165
1 13338
1 11574
1 7272
1 10422
1 7470
1 9828
1 8856
1 4779
1 6624
1 8811
1 18531
1 14517
1 9756
1 11880
1 9000
1 2007
1 12240
1 18729
1 3690
1 4941
1 9450
1 9216
1 3780
1 25407
1 10440
1 9432
1 17685
1 7362
1 7020
1 13896
1 6336
1 12375
1 4878
1 11466
1 7722
1 22617
1 11007
1 13293
1 7236
1 8640
1 5337
1 7506
1 17865
1 16875
1 7677
1 7542
1 11250
1 8730
1 15858
1 2898
1 5742
1 11763
1 10224
1 11871
1 5400
1 7344
1 13329
1 9792
1 15777
1 20151
1 4050
1 10728
1 7956
1 5787
1 11511
1 10125
1 13455
1 19062
1 8613
1 13509
1 3447
1 10161
1 12114
1 6066
1 5751
1 11169
1 7830
1 5850
1 13374
1 5283
1 31932
1 4968
1 8217
1 14049
1 5562
1 7605
1 8100
1 19026
1 11043
1 9063
1 8145
1 10386
1 13779
1 1503
1 10710
1 11025
1 2790
1 8352
1 12906
1 11331
1 8307
1 8064
1 18702
1 7974
1 5472
1 6912
1 4923
1 9207
1 9189
1 6651
1 3618
1 13635
1 10701
1 20826
1 5049
1 16101
1 4545
1 11880
1 3969
1 10809
1 16389
1 6597
1 12195
1 10278
1 1890
1 8442
1 11637
1 11637
1 6660
1 7344
1 8442
1 14895
1 14733
1 4779
1 12357
1 6732
1 8019
1 9981
1 14886
1 7002
1 20808
1 9801
1 10782
1 4860
1 11052
1 8811
1 4086
1 7794
1 9369
1 2151
1 4896
1 12123
1 5373
1 12897
1 9846
1 13104
1 10989
1 4995
1 5886
1 10602
1 15012
1 4284
1 10134
1 9954
1 5859
1 11529
1 9252
1 17631
1 12348
1 8775
1 4995
1 13230
1 6948
1 7308
1 3366
1 11691
1 13482
1 12699
1 7776
1 5049
1 17370
1 4536
1 6948
1 7443
1 7344
1 13104
1 8451
1 18135
1 3456
1 7947
1 28872
1 13788
1 7920
1 8451
1 5391
1 5166
1 10863
1 10350
1 8001
1 17496
1 3168
1 10188
1 11709
1 14247
1 9936
1 8991
1 9108
1 7236
1 8775
1 12042
1 12924
1 8388
1 11367
1 6975
1 5283
1 4032
1 7569
1 7281
1 22941
1 8271
1 9639
1 10197
1 5931
1 7677
1 3123
1 7380
1 17028
1 5346
1 17910
1 12663
1 9954
1 7749
1 7479
1 4833
1 10161
1 8199
1 8568
1 13554
1 6975
1 7119
1 19368
1 6453
1 8307
1 5733
1 8874
1 10746
1 22302
1 6462
1 8127
1 14796
1 6435
1 4005
1 8163
1 2817
1 8892
1 9027
1 11178
1 4806
1 4806
1 11880
1 4059
1 13140
1 7614
1 10413
1 6453
1 11979
1 21852
1 9756
1 11340
1 8343
1 11997
1 7902
1 13968
1 9504
1 10359
1 11286
1 24003
1 7452
1 16281
1 16344
1 7047
1 6750
1 4671
1 12330
1 9846
1 11340
1 10773
1 9261
1 8478
1 2430
1 8928
1 9225
1 9243
1 27585
1 8298
1 12987
1 3690
1 15021
1 7623
1 8640
1 13320
1 18513
1 3321
1 10161
1 2475
1 8883
1 11169
1 29655
1 9162
1 8874
1 20718
1 5256
1 6606
1 12654
1 11313
1 6444
1 3996
1 5823
1 11637
1 11862
1 5733
1 10386
1 4779
1 4293
1 20547
1 10269
1 4968
1 3375
1 5157
1 3735
1 4392
1 10161
1 4473
1 15579
1 11664
1 21393
1 5949
1 14040
1 14427
1 11520
1 11448
1 8028
1 20340
1 9081
1 3312
1 10575
1 9144
1 9288
1 12627
1 7182
1 15876
1 4932
1 12060
1 9666
1 8199
1 4923
1 5895
1 11952
1 7560
1 4815
1 8793
1 10602
1 9927
1 13374
1 13464
1 9882
1 10044
1 3726
1 9972
1 11808
1 9585
1 11178
1 7902
1 9801
1 9288
1 5715
1 27396
1 21123
1 11718
1 4518
1 8919
1 8604
1 4644
1 3231
1 4959
1 11304
1 7830
1 7731
1 12303
1 10089
1 2529
1 16227
1 7659
1 13167
1 3555
1 7245
1 12465
1 10962
1 18837
1 4014
1 11547
1 16380
1 7632
1 20862
1 10449
1 7641
1 9819
1 7281
1 6912
1 13248
1 17451
1 7164
1 9270
1 8487
1 15867
1 8685
1 18945
1 14958
1 6084
1 4419
1 4167
1 5427
1 7407
1 12006
1 6084
1 10071
1 9684
1 1575
1 8577
1 13824
1 16002
1 3006
1 12303
1 10962
1 11673
1 11655
1 14697
1 9918
1 16497
1 17784
1 19728
1 6426
1 9315
1 9189
1 16344
1 7677
1 7938
1 13320
1 3987
1 10305
1 10413
1 13041
1 13698
1 7848
1 13149
1 7884
1 7263
1 8397
1 11304
1 5112
1 10251
1 20907
1 9018
1 6651
1 10818
1 14022
1 8019
1 8244
1 9108
1 11475
1 11349
1 11970
1 16119
1 14670
1 1242
1 6813
1 18027
1 8550
1 16074
1 12654
1 14157
1 14418
1 15795
1 4095
1 12618
1 7002
1 11394
1 9585
1 4158
1 15120
1 8244
1 16335
1 5400
1 11547
1 7038
1 9999
1 7254
1 6759
1 14472
1 5103
1 10503
1 8289
1 15462
1 2727
1 13671
1 7704
1 7317
1 26469
1 9522
1 12960
1 5499
1 10647
1 12051
1 4221
1 5499
1 8244
1 9099
1 7425
1 12825
1 12312
1 12465
1 8469
1 2691
1 12195
1 9180
1 10215
1 5814
1 6588
1 8244
1 10107
1 9927
1 14148
1 16641
1 15498
1 13464
1 7074
1 16668
1 3879
1 2943
1 9000
1 11232
1 20475
1 8991
1 9783
1 8343
1 12537
1 8874
1 14418
1 7578
1 9540
1 10701
1 11439
1 10332
1 10665
1 3330
1 6426
1 28629
1 14202
1 17721
1 10062
1 14517
1 6390
1 10665
1 6786
1 4230
1 3276
1 13689
1 7659
1 7974
1 11295
1 11079
1 3330
1 12195
1 12591
1 17766
1 10017
1 9378
1 6687
1 4374
1 12366
1 8901
1 11745
1 6462
1 12942
1 16956
1 17649
1 8496
1 10800
1 9468
1 6273
1 7245
1 3078
1 10458
1 2808
1 11340
1 5355
1 6408
1 14643
1 5922
1 8856
1 9846
1 6039
1 4077
1 15894
1 11502
1 16371
1 15120
1 4599
1 13581
1 13032
1 14013
1 5697
1 9927
1 15084
1 8505
1 7839
1 22806
1 10008
1 12438
1 11385
1 12654
1 17910
1 9090
1 10341
1 10809
1 8964
1 4581
1 3969
1 15948
1 10638
1 12537
1 12924
1 4725
1 12753
1 13455
1 9414
1 18018
1 14769
1 19179
1 3726
1 14067
1 11862
1 9936
1 8397
1 13167
1 5517
1 12465
1 8469
1 7983
1 10683
1 3537
1 7911
1 10143
1 8370
1 16506
1 7578
1 7173
1 11619
1 5427
1 3744
1 10431
1 12627
1 16416
1 4842
1 9990
1 14778
1 5292
1 3789
1 7344
1 12663
1 15939
1 11007
1 5445
1 15426
1 11745
1 8262
1 16479
1 4302
1 10539
1 7542
1 11628
1 9774
1 15732
1 7947
1 10188
1 9954
1 7380
1 6147
1 6651
1 16668
1 3654
1 10764
1 11106
1 11916
1 8046
1 11115
1 9693
1 14859
1 3393
1 6525
1 13572
1 14238
1 13320
1 8469
1 4077
1 8424
1 7632
1 8199
1 4347
1 13068
1 13860
1 16524
1 4365
1 16497
1 10485
1 12987
1 13752
1 18441
1 15948
1 10053
1 10116
1 5391
1 5364
1 7920
1 14247
1 13383
1 6381
1 13212
1 11061
1 17235
1 6561
1 7686
1 2115
1 7326
1 3402
1 16470
1 1503
1 24363
1 9864
1 24885
1 12573
1 13518
1 9810
1 4230
1 15453
1 9387
1 6804
1 17685
1 17613
1 9963
1 3564
1 6678
1 22014
1 15399
1 7848
1 9954
1 14805
1 11034
1 4500
1 14580
1 6624
1 8226
1 2673
1 5166
1 10953
1 24147
1 14589
1 12330
1 13608
1 8226
1 15381
1 6786
1 5508
1 6561
1 18468
1 8064
1 8388
1 15021
1 14616
1 5643
1 12420
1 10161
1 3681
1 12159
1 6444
1 6813
1 10989
1 7695
1 12519
1 13392
1 4392
1 11169
1 12438
1 12447
1 4113
1 11358
1 9531
1 9873
1 17451
1 5112
1 8658
1 6318
1 7524
1 9774
1 16542
1 9729
1 16488
1 11448
1 10089
1 9288
1 7740
1 6012
1 8289
1 12825
1 14355
1 4536
1 3501
1 8496
1 9720
1 7623
1 10350
1 13851
1 14022
1 6192
1 12609
1 4617
1 9405
1 2484
1 9225
1 6804
1 11430
1 7947
1 4482
1 10368
1 8604
1 10116
1 15939
1 23490
1 7569
1 9000
1 4509
1 12510
1 4698
1 3132
1 3672
1 6543
1 2214
1 16119
1 9027
1 16299
1 11124
1 6003
1 6615
1 12330
1 5472
1 9810
1 12393
1 5166
1 9036
1 3762
1 13464
1 7245
1 10116
1 6489
1 8001
1 11313
1 6300
1 6435
1 14166
1 9513
1 7002
1 12141
1 9576
1 3240
1 10197
1 11322
1 14337
1 11484
1 6273
1 16524
1 9792
1 6795
1 12348
1 11070
1 13428
1 13338
1 5103
1 8685
1 8847
1 9774
1 10719
1 13833
1 2799
1 8001
1 18441
1 16290
1 17829
1 4770
1 7560
1 9198
1 3591
1 11727
1 7875
1 8586
1 14922
1 14085
1 8343
1 18243
1 14562
1 16065
1 13590
1 14706
1 13077
1 13923
1 8883
1 4545
1 4500
1 7758
1 5436
1 7002
1 13932
1 11097
1 7749
1 11196
1 8460
1 16479
1 10800
1 17208
1 9072
1 8244
1 6300
1 15750
1 3861
1 15003
1 15723
1 4545
1 7893
1 10233
1 14229
1 13842
1 10089
1 5859
1 9720
1 17352
1 15948
1 11043
1 5562
1 15750
1 5463
1 16623
1 8379
1 11070
1 4158
1 13608
1 11097
1 13050
1 13347
1 8316
1 12573
1 1476
1 7227
1 2232
1 5895
1 15903
1 3897
1 14292
1 15507
1 10314
1 18063
1 9414
1 7533
1 10701
1 9594
1 7029
1 15966
1 9954
1 8730
1 14913
1 4383
1 2448
1 15696
1 6534
1 8478
1 15543
1 9945
1 12708
1 15507
1 7722
1 3852
1 5886
1 8874
1 5337
1 18999
1 7074
1 15012
1 13275
1 7056
1 3465
1 7380
1 7848
1 6408
1 10062
1 10647
1 1692
1 15462
1 8748
1 3042
1 10746
1 7299
1 16524
1 3537
1 2133
1 10476
1 20187
1 4158
1 7650
1 10602
1 9873
1 14499
1 6489
1 11799
1 11862
1 16362
1 8910
1 10863
1 7929
1 8919
1 17478
1 9099
1 8955
1 11385
1 9414
1 22401
1 11502
1 9576
1 9882
1 10377
1 8181
1 6921
1 7218
1 13932
1 9468
1 14022
1 5256
1 14103
1 6840
1 3420
1 10170
1 15435
1 9432
1 15570
1 14958
1 21204
1 6534
1 6012
1 11439
1 9594
1 7155
1 14067
1 16083
1 4320
1 11025
1 15669
1 13779
1 4086
1 9567
1 18009
1 7038
1 8892
1 5733
1 12402
1 5553
1 12249
1 15165
1 11304
1 5184
1 5472
1 22725
1 10422
1 6912
1 8721
1 11475
1 9747
1 7011
1 4968
1 8730
1 3996
1 12132
1 12258
1 6894
1 5571
1 14157
1 16875
1 16641
1 8577
1 10278
1 6237
1 6012
1 12924
1 12411
1 4644
1 14148
1 9252
1 10485
1 12159
1 8604
1 6921
1 11646
1 7821
1 4437
1 3618
1 17694
1 5706
1 11979
1 16776
1 3195
1 10485
1 6795
1 15336
1 9531
1 11583
1 9018
1 8658
1 5976
1 6642
1 4554
1 7614
1 11205
1 11385
1 13581
1 10656
1 10053
1 7101
1 6129
1 12708
1 6624
1 8577
1 9477
1 19188
1 15615
1 16128
1 6147
1 6462
1 8433
1 16767
1 13410
1 12735
1 4995
1 3204
1 5319
1 6066
1 3771
1 8208
1 4491
1 5751
1 11619
1 8874
1 8145
1 12015
1 3663
1 9162
1 13329
1 8091
1 9801
1 12492
1 13959
1 10917
1 9981
1 10242
1 9153
1 7884
1 6390
1 5679
1 17127
1 14661
1 7947
1 14328
1 18999
1 5436
1 9756
1 15561
1 15714
1 2556
1 17145
1 13815
1 4851
1 12276
1 7731
1 13248
1 19476
1 11367
1 9108
1 5895
1 11556
1 3411
1 14427
1 7371
1 12267
1 9567
1 5247
1 7785
1 7740
1 5922
1 30726
1 6327
1 8622
1 10881
1 20889
1 6624
1 11088
1 13842
1 10926
1 9162
1 11385
1 9972
1 7497
1 18648
1 5094
1 14958
1 15264
1 8865
1 13284
1 10890
1 6804
1 17289
1 5382
1 8901
1 15363
1 5148
1 8784
1 11277
1 3762
1 10071
1 3501
1 9666
1 10962
1 7074
1 6777
1 10422
1 9846
1 15174
1 16155
1 8316
1 6543
1 6039
1 2889
1 20403
1 16659
1 18513
1 8478
1 8928
1 3348
1 13680
1 5616
1 13257
1 9063
1 7587
1 8775
1 1989
1 11322
1 5049
1 9882
1 17244
1 12537
1 16146
1 14517
1 4320
1 7425
1 5976
1 6246
1 4896
1 16434
1 17793
1 8586
1 7803
1 7299
1 8271
1 7569
1 11547
1 7839
1 6858
1 8271
1 10962
1 11880
1 5571
1 19152
1 11061
1 6273
1 22509
1 15300
1 4959
1 11619
1 2601
1 7857
1 7236
1 4824
1 10665
1 4482
1 2988
1 7317
1 13050
1 13752
1 18504
1 12384
1 12006
1 13914
1 16191
1 8163
1 8415
1 4779
1 14562
1 10539
1 16398
1 11484
1 7767
1 9369
1 11700
1 17145
1 10899
1 10809
1 4032
1 9783
1 11106
1 7371
1 23670
1 9855
1 10809
1 7713
1 27288
1 12375
1 8235
1 6210
1 10494
1 9765
1 5517
1 8640
1 10467
1 12312
1 14895
1 4671
1 13257
1 20313
1 9702
1 13491
1 2844
1 9306
1 13311
1 3546
1 10026
1 10755
1 11583
1 8496
1 9189
1 1998
1 6894
1 11745
1 7911
1 17199
1 5814
1 23256
1 10629
1 5400
1 12744
1 12402
1 21717
1 12213
1 18108
1 6813
1 10161
1 17469
1 5508
1 12699
1 10593
1 11673
1 8874
1 10431
1 6255
1 9198
1 11790
1 13905
1 12960
1 1125
1 15291
1 18918
1 14787
1 11826
1 10872
1 6408
1 16074
1 10737
1 10989
1 14148
1 10818
1 7173
1 8649
1 11052
1 10503
1 6183
1 12609
1 16110
1 11385
1 18126
1 6579
1 4590
1 4842
1 7434
1 16632
1 3753
1 4878
1 12843
1 11115
1 16713
1 8442
1 6255
1 10890
1 11187
1 5580
1 5391
1 3609
1 9234
1 6570
1 17919
1 8379
1 24003
1 10683
1 17136
1 7299
1 8532
1 15030
1 13842
1 7749
1 8091
1 10926
1 5526
1 8865
1 12438
1 10170
1 3024
1 6732
1 16137
1 10098
1 11421
1 10557
1 9639
1 13176
1 14931
1 6336
1 10017
1 6543
1 10467
1 8667
1 7641
1 4113
1 15633
1 10611
1 12573
1 12969
1 7965
1 5571
1 21789
1 20259
1 5634
1 6498
1 7191
1 10656
1 18225
1 9747
1 11475
1 12186
1 11052
1 7920
1 14004
1 11421
1 6435
1 11475
1 7596
1 5832
1 23526
1 14814
1 7992
1 18864
1 11628
1 8307
1 7389
1 4824
1 7065
1 10134
1 15831
1 12618
1 4194
1 19377
1 11484
1 6777
1 12744
1 13077
1 14202
1 3366
1 12843
1 25443
1 17856
1 9054
1 7560
1 10872
1 12249
1 6885
1 16551
1 8253
1 6471
1 6390
1 5904
1 18873
1 14769
1 11538
1 24525
1 9684
1 22887
1 6030
1 5463
1 14382
1 7254
1 6102
1 5589
1 13914
1 13212
1 8820
1 11286
1 9441
1 10773
1 9936
1 12789
1 12483
1 6849
1 6183
1 7866
1 10287
1 5130
1 6804
1 6723
1 19485
1 8577
1 15021
1 18621
1 17622
1 7110
1 14355
1 5841
1 9234
1 6498
1 5589
1 7101
1 6120
1 10881
1 12222
1 9063
1 13473
1 7443
1 15012
1 5814
1 11043
1 2871
1 12321
1 6579
1 13122
1 7353
1 11934
1 4482
1 7713
1 8739
1 10044
1 14463
1 12528
1 8883
1 8361
1 16677
1 8217
1 6435
1 9882
1 4644
1 5796
1 9522
1 11979
1 10161
1 7857
1 20277
1 15867
1 8262
1 5508
1 7506
1 10872
1 13527
1 11565
1 18621
1 7686
1 9180
1 7488
1 3816
1 6732
1 13797
1 3798
1 14346
1 6912
1 9729
1 9621
1 17262
1 9306
1 11268
1 7083
1 1854
1 8478
1 15831
1 8550
1 9171
1 8757
1 7011
1 10467
1 8298
1 4365
1 9477
1 8541
1 13968
1 9945
1 10521
1 10359
1 5985
1 8109
1 10728
1 8784
1 6552
1 9459
1 8109
1 8631
1 3051
1 8541
1 7191
1 7524
1 9621
1 19152
1 3933
1 2700
1 5274
1 8487
1 7353
1 4887
1 18081
1 7839
1 19899
1 11898
1 18432
1 9945
1 13761
1 12708
1 7506
1 14526
1 21177
1 12033
1 10494
1 5877
1 8127
1 8010
1 12177
1 6318
1 17964
1 4131
1 11952
1 10800
1 17514
1 11484
1 15327
1 11601
1 6165
1 7155
1 7155
1 17595
1 9396
1 4122
1 10629
1 17874
1 2025
1 9207
1 3339
1 22149
1 8811
1 8469
1 11466
1 11988
1 16785
1 13815
1 15093
1 7218
1 18693
1 4050
1 6246
1 9747
1 6435
1 9864
1 7101
1 7092
1 10341
1 12375
1 14058
1 18090
1 13635
1 18648
1 4068
1 11358
1 19863
1 7884
1 7767
1 10179
1 15741
1 7128
1 6174
1 17811
1 12537
1 3402
1 6561
1 11646
1 4500
1 8559
1 7416
1 20142
1 6696
1 9135
1 5715
1 12483
1 11781
1 14373
1 8784
1 7290
1 3303
1 12645
1 4563
1 19170
1 5283
1 10503
1 10476
1 2763
1 20970
1 8829
1 10116
1 13185
1 16488
1 14940
1 15174
1 6408
1 7938
1 6480
1 4113
1 10350
1 4230
1 2124
1 7029
1 5616
1 7182
1 7407
1 11070
1 2448
1 5670
1 6957
1 12906
1 12681
1 16902
1 10998
1 6606
1 8622
1 23301
1 4842
1 18711
1 9414
1 13086
1 10062
1 11637
1 5562
1 9261
1 8541
1 8478
1 9900
1 6741
1 14913
1 10602
1 8910
1 2988
1 9522
1 9171
1 12060
1 20034
1 6705
1 25209
1 17073
1 8334
1 10071
1 4383
1 10674
1 3897
1 11034
1 8424
1 9486
1 6597
1 9693
1 9081
1 5355
1 14040
1 13572
1 8289
1 13788
1 7623
1 11079
1 13248
1 10863
1 4032
1 8064
1 12348
1 7614
1 5085
1 21609
1 7722
1 5634
1 5778
1 7389
1 3906
1 5436
1 7884
1 18630
1 8730
1 15768
1 6435
1 13851
1 9810
1 12456
1 6867
1 7758
1 14886
1 16677
1 7839
1 7497
1 7272
1 15192
1 4554
1 6561
1 9648
1 11691
1 10179
1 10062
1 9945
1 2655
1 12312
1 7605
1 13761
1 8928
1 6687
1 11943
1 12915
1 1035
1 20304
1 5076
1 7839
1 9108
1 11754
1 8955
1 6228
1 8316
1 5589
1 6300
1 8919
1 14751
1 14049
1 10377
1 13509
1 3870
1 17433
1 10971
1 13419
1 11799
1 9774
1 10602
1 17730
1 6957
1 10611
1 7965
1 14022
1 11952
1 6201
1 13293
1 10611
1 15993
1 6984
1 6327
1 6975
1 5166
1 10836
1 17136
1 9909
1 8928
1 14337
1 5796
1 13176
1 15579
1 7623
1 19089
1 13293
1 5220
1 9711
1 14796
1 16110
1 12051
1 14184
1 12807
1 9882
1 13077
1 5508
1 10719
1 12681
1 6876
1 15408
1 10260
1 18171
1 10944
1 10593
1 19053
1 14490
1 7992
1 7533
1 6381
1 15687
1 15768
1 11763
1 8748
1 10215
1 5391
1 7785
1 15408
1 5103
1 10188
1 8073
1 7479
1 10728
1 8694
1 25974
1 13437
1 9162
1 12645
1 17505
1 16740
1 12483
1 13284
1 3267
1 3348
1 15255
1 21906
1 6210
1 3690
1 13005
1 11655
1 18090
1 6939
1 13635
1 9468
1 10296
1 11889
1 6984
1 3555
1 11565
1 12726
1 12582
1 20592
1 14751
1 6525
1 11007
1 14022
1 23922
1 16749
1 14076
1 10422
1 8262
1 7650
1 7767
1 14877
1 13392
1 25659
1 8631
1 8046
1 3861
1 7362
1 14814
1 12573
1 10395
1 6534
1 8883
1 10557
1 11367
1 18000
1 4554
1 6417
1 19692
1 12870
1 12123
1 11043
1 13941
1 4716
1 4113
1 7785
1 9630
1 7470
1 13347
1 3735
1 7704
1 3582
1 19305
1 4626
1 8397
1 7632
1 3267
1 15543
1 22887
1 24993
1 8055
1 13275
1 17514
1 8865
1 24408
1 2727
1 10449
1 9909
1 12141
1 5472
1 24660
1 10053
1 8379
1 7992
1 12258
1 8064
1 12699
1 7695
1 3186
1 16389
1 27135
1 15633
1 9423
1 17775
1 12987
1 18945
1 2880
1 6525
1 9720
1 6210
1 6039
1 12762
1 7479
1 6129
1 3042
1 6642
1 10080
1 13545
1 6984
1 10260
1 16488
1 15453
1 19017
1 10584
1 7056
1 20106
1 3258
1 5040
1 9666
1 5076
1 19089
1 11664
1 19170
1 12771
1 8334
1 7659
1 10701
1 14454
1 5274
1 7497
1 7569
1 18855
1 5256
1 15102
1 15732
1 5913
1 5625
1 9594
1 14238
1 6381
1 19485
1 9117
1 9909
1 11457
1 21807
1 4878
1 8910
1 6786
1 6732
1 11475
1 12195
1 15147
1 9279
1 9801
1 9333
1 9666
1 14490
1 11277
1 14103
1 12879
1 10026
1 7308
1 5436
1 10899
1 8784
1 7686
1 18963
1 9009
1 3402
1 11313
1 6309
1 6381
1 21204
1 14922
1 10953
1 14463
1 13716
1 8901
1 17523
1 4905
1 14544
1 23238
1 13482
1 7659
1 9216
1 9954
1 4464
1 11988
1 9009
1 17343
1 14454
1 5841
1 11430
1 12816
1 3384
1 15894
1 11070
1 14850
1 10125
1 17145
1 4914
1 8955
1 7209
1 8829
1 14247
1 15966
1 14616
1 3978
1 17334
1 11961
1 7263
1 10890
1 15813
1 5940
1 10143
1 3645
1 5229
1 6471
1 16641
1 13239
1 6687
1 9054
1 9792
1 14067
1 13851
1 4995
1 10476
1 10161
1 14157
1 7803
1 5823
1 6075
1 13932
1 13833
1 2277
1 12195
1 3447
1 7092
1 5877
1 13230
1 11394
1 7389
1 16272
1 18423
1 5472
1 4104
1 7110
1 6165
1 11277
1 4428
1 4662
1 12042
1 9252
1 8370
1 6273
1 11871
1 9504
1 6156
1 10125
1 5967
1 9855
1 4095
1 19179
1 11826
1 4545
1 9090
1 7812
1 11880
1 20484
1 7362
1 7146
1 18225
1 8514
1 10710
1 5598
1 14031
1 8991
1 16758
1 10971
1 9756
1 10332
1 8028
1 10683
1 11124
1 4860
1 10332
1 10359
1 13356
1 13131
1 11187
1 8118
1 3726
1 24975
1 10701
1 6408
1 8388
1 10503
1 6318
1 8532
1 16641
1 15993
1 7299
1 7002
1 10881
1 3663
1 5589
1 4500
1 10683
1 4716
1 6462
1 10332
1 9369
1 12078
1 11844
1 11457
1 3960
1 9900
1 8406
1 15372
1 7677
1 12528
1 5148
1 15048
1 10026
1 8910
1 7677
1 14778
1 10611
1 7506
1 11808
1 9099
1 16524
1 11997
1 7128
1 9999
1 3771
1 9216
1 13356
1 9144
1 10746
1 6480
1 6354
1 7011
1 14508
1 5049
1 5202
1 6867
1 15624
1 11727
1 6120
1 6939
1 15327
1 6291
1 12546
1 9891
1 6804
1 13473
1 10845
1 5715
1 4491
1 15273
1 11088
1 6030
1 13563
1 10017
1 6822
1 13527
1 8073
1 21141
1 7011
1 10161
1 9882
1 10269
1 10728
1 10296
1 8172
1 18495
1 8307
1 11484
1 9369
1 4869
1 7470
1 10575
1 4302
1 19512
1 5121
1 5193
1 11934
1 6066
1 10098
1 5490
1 6309
1 7254
1 15039
1 9234
1 25893
1 10179
1 16830
1 3114
1 12807
1 8154
1 10773
1 11358
1 6678
1 9765
1 13860
1 5238
1 5931
1 19332
1 9261
1 13077
1 14382
1 10161
1 18468
1 4455
1 7695
1 12636
1 11133
1 7686
1 3222
1 11502
1 9522
1 12906
1 5436
1 19044
1 8442
1 16992
1 17181
1 6021
1 4617
1 10386
1 12303
1 11169
1 8991
1 5742
1 3366
1 13626
1 10476
1 11178
1 10242
1 9216
1 17937
1 7011
1 6057
1 13032
1 2916
1 6750
1 11295
1 8289
1 9549
1 12069
1 11556
1 7272
1 8766
1 5040
1 6705
1 6570
1 11691
1 9792
1 7632
1 14031
1 18522
1 7371
1 10935
1 4671
1 7074
1 4770
1 7245
1 4284
1 7614
1 12177
1 7848
1 7893
1 19089
1 8469
1 11169
1 15921
1 5877
1 10242
1 4752
1 18729
1 9090
1 8262
1 11214
1 8325
1 6480
1 18369
1 21708
1 11358
1 6768
1 10404
1 11511
1 10845
1 4509
1 5355
1 6165
1 13167
1 12780
1 12744
1 15390
1 22014
1 11646
1 6822
1 2043
1 11016
1 7938
1 10656
1 9711
1 10062
1 13212
1 6678
1 5580
1 5769
1 5040
1 12402
1 14274
1 17676
1 6075
1 14805
1 23220
1 6930
1 19188
1 5769
1 18630
1 4050
1 4761
1 9720
1 6210
1 10611
1 14454
1 12006
1 9738
1 3744
1 8793
1 13284
1 4806
1 10080
1 4527
1 13338
1 6147
1 8550
1 5274
1 8721
1 10062
1 12978
1 15741
1 3771
1 9585
1 7461
1 8370
1 9387
1 4500
1 4203
1 13113
1 2880
1 10179
1 10899
1 10233
1 8784
1 6300
1 8010
1 8190
1 11250
1 14976
1 8217
1 9081
1 9252
1 15867
1 10800
1 10512
1 9657
1 11232
1 14490
1 7740
1 7281
1 7821
1 5571
1 8820
1 6597
1 9405
1 13437
1 12834
1 7911
1 5634
1 9729
1 5139
1 5976
1 17802
1 6345
1 20169
1 12699
1 5418
1 10710
1 3510
1 11178
1 6381
1 13617
1 12276
1 8433
1 5139
1 6633
1 8793
1 14580
1 5760
1 6480
1 7119
1 7632
1 11592
1 4986
1 13581
1 7785
1 6768
1 17856
1 20718
1 3015
1 4734
1 10368
1 8829
1 11799
1 6102
1 13644
1 7947
1 18036
1 14418
1 8856
1 7209
1 10872
1 4743
1 4896
1 4410
1 7407
1 8712
1 6273
1 7803
1 8145
1 14157
1 12033
1 8397
1 4275
1 14688
1 21339
1 15651
1 20871
1 4014
1 3609
1 4950
1 9108
1 14427
1 7731
1 7938
1 8127
1 7740
1 5688
1 3753
1 11448
1 7506
1 7686
1 5922
1 16056
1 9666
1 18342
1 13158
1 7335
1 14121
1 4707
1 16038
1 7956
1 8370
1 6129
1 11016
1 11889
1 11664
1 10827
1 7893
1 8325
1 1836
1 24066
1 12897
1 12015
1 20718
1 18459
1 18774
1 18459
1 12213
1 5562
1 8055
1 10035
1 6624
1 7335
1 6561
1 7254
1 10260
1 11601
1 12672
1 17262
1 18522
1 10971
1 14634
1 9162
1 11322
1 19458
1 14175
1 5535
1 10710
1 8145
1 6768
1 29133
1 13149
1 9819
1 14292
1 12078
1 13824
1 9054
1 10170
1 10251
1 15282
1 13635
1 7632
1 6822
1 13383
1 5832
1 4374
1 7479
1 10359
1 7443
1 6525
1 5598
1 14346
1 5553
1 19143
1 4725
1 12996
1 12681
1 8253
1 9108
1 11412
1 13149
1 11115
1 10800
1 5643
1 17109
1 8532
1 6885
1 7398
1 11178
1 11016
1 10503
1 15165
1 14796
1 5670
1 5859
1 7254
1 1971
1 13194
1 12771
1 13581
1 15345
1 7335
1 5940
1 15120
1 14472
1 8127
1 12465
1 10647
1 7290
1 8046
1 16785
1 3843
1 5958
1 12375
1 2898
1 15849
1 4617
1 10584
1 10836
1 11430
1 8451
1 14688
1 12690
1 4887
1 15183
1 7587
1 10413
1 17694
1 7227
1 10395
1 15057
1 9630
1 4176
1 14733
1 17118
1 14670
1 8604
1 3771
1 6435
1 10674
1 9639
1 6768
1 14148
1 13617
1 4527
1 9954
1 7101
1 10089
1 11700
1 13662
1 7803
1 11250
1 11637
1 7740
1 8604
1 6129
1 3132
1 13311
1 5589
1 12555
1 11358
1 15741
1 11601
1 22536
1 12087
1 7560
1 10926
1 14733
1 11025
1 9090
1 13149
1 9198
1 6543
1 2961
1 15471
1 16191
1 20358
1 6939
1 5121
1 13527
1 11169
1 9549
1 12645
1 9747
1 3510
1 13617
1 9126
1 6813
1 25965
1 14697
1 5058
1 6120
1 14355
1 20718
1 5022
1 18081
1 9198
1 12618
1 6219
1 10530
1 9171
1 9792
1 9225
1 12123
1 11871
1 12294
1 3825
1 13761
1 6669
1 15687
1 16461
1 12573
1 13500
1 8856
1 8316
1 7254
1 14121
1 5544
1 6345
1 6363
1 4014
1 4320
1 6597
1 7596
1 10602
1 23292
1 6273
1 8568
1 9279
1 3438
1 7515
1 8532
1 5733
1 7578
1 9333
1 6525
1 9468
1 6993
1 3357
1 5526
1 6642
1 7821
1 12564
1 3060
1 19395
1 16749
1 9315
1 12024
1 14913
1 9630
1 9864
1 6057
1 5382
1 11340
1 3573
1 7020
1 11727
1 7992
1 11898
1 11484
1 6714
1 11907
1 5058
1 5022
1 11655
1 16416
1 6723
1 23400
1 14373
1 16344
1 2844
1 10647
1 5823
1 5400
1 9531
1 7362
1 7875
1 6939
1 6264
1 6813
1 11385
1 15345
1 13005
1 3186
1 3654
1 13608
1 18117
1 11907
1 7164
1 15723
1 9207
1 8649
1 6471
1 4878
1 7704
1 5895
1 8856
1 10539
1 13293
1 8073
1 9837
1 12285
1 7803
1 5742
1 13059
1 15372
1 12942
1 9747
1 20016
1 7776
1 7398
1 8109
1 9630
1 7173
1 17892
1 27234
1 13410
1 5985
1 12897
1 9891
1 12150
1 7038
1 6372
1 10728
1 16794
1 7875
1 7317
1 8991
1 14148
1 12555
1 3366
1 17811
1 12168
1 11322
1 10917
1 12699
1 4392
1 12483
1 13428
1 5139
1 6273
1 5850
1 12132
1 20475
1 16344
1 16425
1 13086
1 12294
1 11313
1 15624
1 10287
1 10602
1 20529
1 4383
1 14364
1 15543
1 10692
1 9018
1 19467
1 7425
1 10818
1 7677
1 7380
1 10206
1 5877
1 8370
1 6579
1 8811
1 10503
1 7866
1 13986
1 8406
1 6876
1 5832
1 5949
1 12033
1 5697
1 6795
1 12942
1 8190
1 8910
1 5535
1 6903
1 19683
1 10206
1 9549
1 17640
1 13140
1 5130
1 12924
1 16893
1 13338
1 9135
1 9450
1 6282
1 4203
1 9927
1 6300
1 7866
1 8406
1 12699
1 12663
1 10467
1 8046
1 8667
1 6534
1 8910
1 13383
1 8550
1 8289
1 13266
1 18324
1 7848
1 12294
1 10278
1 8064
1 6516
1 19683
1 7281
1 5121
1 9054
1 6570
1 14508
1 4122
1 8235
1 7407
1 14355
1 10584
1 8712
1 6057
1 3870
1 17073
1 7272
1 6471
1 13140
1 4086
1 12519
1 8424
1 8163
1 15660
1 9828
1 4014
1 8010
1 14103
1 8415
1 18144
1 2772
1 6192
1 6417
1 14589
1 4401
1 19017
1 10539
1 6723
1 13293
1 6039
1 16515
1 8505
1 13068
1 7956
1 8829
1 11574
1 16398
1 7605
1 3960
1 16344
1 21672
1 4635
1 18927
1 5742
1 11511
1 6741
1 8532
1 7929
1 7434
1 12114
1 9540
1 14679
1 16461
1 4257
1 6516
1 15246
1 14022
1 8478
1 7821
1 14616
1 9135
1 9648
1 15273
1 9981
1 5832
1 12726
1 14247
1 13374
1 15579
1 8937
1 7173
1 7083
1 9486
1 11043
1 5931
1 8901
1 7281
1 7326
1 12474
1 15219
1 8784
1 9036
1 6318
1 7119
1 18369
1 7263
1 5274
1 6498
1 8172
1 7461
1 13896
1 8829
1 9684
1 19575
1 7974
1 14355
1 9027
1 15759
1 9720
1 7605
1 5148
1 14265
1 3132
1 7380
1 10755
1 12663
1 8442
1 14895
1 6084
1 9756
1 13428
1 6669
1 7569
1 5202
1 5733
1 3960
1 8424
1 4617
1 11916
1 9603
1 9324
1 16515
1 20070
1 5211
1 8586
1 18828
1 18585
1 8505
1 3843
1 13068
1 12672
1 11655
1 14004
1 15687
1 11844
1 5733
1 8910
1 10953
1 19548
1 7551
1 8343
1 13536
1 5436
1 11106
1 9801
1 4419
1 8496
1 9522
1 4059
1 5904
1 8514
1 6408
1 13608
1 12627
1 10224
1 8226
1 15381
1 6363
1 13230
1 3483
1 15885
1 17307
1 3186
1 6048
1 13743
1 3609
1 11583
1 15588
1 11394
1 22032
1 10026
1 11142
1 9423
1 17460
1 6084
1 15525
1 4635
1 27765
1 7461
1 18720
1 10827
1 9558
1 10845
1 13887
1 9909
1 10935
1 4374
1 13455
1 14004
1 8739
1 6165
1 8892
1 6714
1 20637
1 16002
1 17676
1 17820
1 14472
1 24759
1 11907
1 12006
1 9063
1 11250
1 6678
1 3402
1 5076
1 12312
1 4932
1 10458
1 10467
1 13968
1 18801
1 8523
1 11232
1 4428
1 4914
1 9171
1 13536
1 12879
1 9540
1 8388
1 5364
1 9108
1 8829
1 18990
1 11295
1 9441
1 5004
1 9018
1 10089
1 13581
1 7992
1 5949
1 11565
1 13275
1 5058
1 9963
1 6354
1 10935
1 14427
1 11898
1 7938
1 10287
1 13347
1 6570
1 10872
1 11547
1 6327
1 5670
1 10341
1 12204
1 6174
1 10701
1 9972
1 9306
1 5427
1 3150
1 13320
1 25272
1 11160
1 7920
1 8136
1 19386
1 9702
1 10728
1 7173
1 8550
1 21717
1 9450
1 9000
1 11997
1 12033
1 11736
1 11250
1 10665
1 11565
1 2592
1 11889
1 15984
1 18009
1 8181
1 2700
1 5229
1 21564
1 9099
1 4491
1 23139
1 15615
1 14607
1 13950
1 4320
1 8136
1 8847
1 15219
1 10521
1 11736
1 11898
1 11556
1 14904
1 8316
1 7146
1 8343
1 3915
1 10044
1 15273
1 5130
1 7596
1 4545
1 9783
1 7695
1 10809
1 7965
1 14967
1 8199
1 10062
1 14985
1 3825
1 6345
1 15453
1 12312
1 12546
1 19557
1 4833
1 10368
1 12006
1 6282
1 7614
1 14310
1 24732
1 18396
1 5760
1 14292
1 9036
1 13275
1 9495
1 17829
1 9126
1 16056
1 11817
1 10566
1 12006
1 10530
1 16992
1 6579
1 5220
1 10233
1 6831
1 8091
1 7938
1 7236
1 20250
1 10287
1 10683
1 13041
1 23526
1 11961
1 17208
1 9261
1 9279
1 11160
1 13950
1 13455
1 7488
1 3258
1 11331
1 11916
1 9477
1 9522
1 13635
1 14508
1 5805
1 18558
1 8910
1 8037
1 8460
1 8847
1 10935
1 16533
1 6984
1 6741
1 4482
1 24435
1 8721
1 9342
1 5328
1 12708
1 6975
1 5949
1 8145
1 19440
1 15525
1 19278
1 9153
