1 16344
1 9225
1 3960
1 9216
1 16362
1 19962
1 11844
1 6768
1 3501
1 10368
1 20493
1 10224
1 14256
1 10206
1 18504
1 11844
1 13905
1 10818
1 7704
1 8460
1 6993
1 17307
1 23994
1 11718
1 9225
1 10368
1 14616
1 8460
1 33651
1 4644
1 7911
1 11961
1 9963
1 28395
1 16623
1 3420
1 9810
1 10863
1 17433
1 12636
1 14256
1 10368
1 7425
1 11718
1 8883
1 8460
1 5877
1 7830
1 21510
1 12663
1 7911
1 10818
1 7200
1 5202
1 5508
1 7866
1 8127
1 7191
1 8910
1 9738
1 12708
1 6768
1 7353
1 15660
1 9918
1 9783
1 14571
1 12501
1 7425
1 15714
1 9180
1 3735
1 7713
1 10791
1 19800
1 14571
1 17730
1 7821
1 18369
1 9216
1 10908
1 6291
1 18531
1 23121
1 5814
1 7911
1 3114
1 7866
1 12501
1 5364
1 6723
1 7911
1 10818
1 19602
1 7821
1 6723
1 6723
1 10908
1 16776
1 5283
1 7821
1 15660
1 17262
1 7245
1 4158
1 11196
1 16344
1 9810
1 7425
1 9810
1 10287
1 16362
1 5553
1 11844
1 11961
1 15660
1 17532
1 15714
1 9180
1 9783
1 9900
1 15300
1 6291
1 10908
1 10953
1 7866
1 9180
1 5364
1 14616
1 3501
1 20493
1 7929
1 18504
1 6768
1 27045
1 7353
1 9810
1 6768
1 7425
1 13905
1 3429
1 24021
1 10368
1 6633
1 16371
1 6669
1 6768
1 7704
1 17829
1 16371
1 11043
1 3690
1 14076
1 14589
1 6345
1 5769
1 5553
1 15813
1 7353
1 9918
1 10368
1 15183
1 7866
1 15660
1 7218
1 14211
1 4644
1 9216
1 12636
1 29178
1 7353
1 5364
1 11016
1 16443
1 16776
1 17757
1 4482
1 5157
1 9738
1 5994
1 16443
1 7173
1 5202
1 11880
1 9531
1 9180
1 11016
1 6345
1 17217
1 12501
1 2511
1 10368
1 9531
1 24390
1 6723
1 11394
1 17307
1 7911
1 3933
1 18324
1 9882
1 5877
1 4905
1 5553
1 8190
1 17262
1 14364
1 26730
1 4599
1 11349
1 5553
1 7713
1 15678
1 9216
1 6993
1 7353
1 10809
1 23121
1 5202
1 19602
1 18324
1 9216
1 6345
1 6678
1 6723
1 16731
1 8847
1 3933
1 4644
1 12636
1 9180
1 7425
1 5202
1 3690
1 6669
1 7704
1 7434
1 5283
1 17433
1 14931
1 10800
1 20493
1 9180
1 7704
1 9531
1 13950
1 12330
1 14310
1 3942
1 7911
1 9783
1 16731
1 4689
1 15678
1 12330
1 10818
1 7353
1 4554
1 16227
1 5283
1 14616
1 12663
1 5202
1 6678
1 4689
1 5364
1 8127
1 21366
1 9180
1 6633
1 11718
1 14301
1 3933
1 8190
1 12726
1 26730
1 7245
1 17982
1 14301
1 10908
1 9783
1 9918
1 5508
1 7821
1 18531
1 17262
1 16344
1 18774
1 7830
1 11961
1 17730
1 20088
1 9216
1 16731
1 14256
1 14301
1 6345
1 9765
1 11016
1 11925
1 8829
1 7353
1 3501
1 14571
1 5247
1 7425
1 10224
1 6345
1 6345
1 6768
1 3609
1 5364
1 19485
1 6633
1 3978
1 8883
1 4599
1 8190
1 6768
1 18819
1 20709
1 7911
1 5508
1 8883
1 24498
1 20493
1 6678
1 9783
1 6948
1 5364
1 7353
1 11889
1 3780
1 11196
1 16371
1 19737
1 14571
1 18360
1 5247
1 10863
1 10908
1 6669
1 5202
1 6768
1 15696
1 9531
1 9531
1 5769
1 3879
1 11718
1 26019
1 8190
1 5364
1 10368
1 6147
1 12501
1 15183
1 23832
1 6723
1 12330
1 16983
1 9531
1 7911
1 5364
1 17730
1 7353
1 5922
1 17334
1 15876
1 23373
1 5742
1 17334
1 16245
1 7821
1 12681
1 21510
1 15759
1 15219
1 3690
1 7434
1 9828
1 9810
1 4158
1 9918
1 4644
1 27612
1 7866
1 9225
1 7425
1 20493
1 6768
1 9531
1 17730
1 10818
1 22203
1 5364
1 16443
1 17730
1 5364
1 6633
1 7911
1 5769
1 4644
1 5202
1 9234
1 18504
1 5553
1 8883
1 7911
1 11961
1 6723
1 10809
1 4599
1 6948
1 7425
1 3933
1 8937
1 9180
1 11718
1 10908
1 17541
1 3942
1 15678
1 5553
1 5283
1 7353
1 7821
1 6768
1 9783
1 10773
1 12330
1 6345
1 16992
1 16605
1 6345
1 5553
1 5553
1 6345
1 3735
1 11889
1 4905
1 4689
1 7911
1 10935
1 7200
1 4356
1 5283
1 22239
1 8685
1 17568
1 9918
1 12726
1 11196
1 9180
1 7821
1 15660
1 9738
1 7911
1 6678
1 9810
1 16605
1 4023
1 7704
1 5508
1 15381
1 10224
1 10863
1 3933
1 9783
1 5994
1 14616
1 11088
1 10224
1 26181
1 15723
1 3960
1 14616
1 6669
1 3942
1 15660
1 5175
1 19557
1 6723
1 4905
1 9531
1 9918
1 17568
1 7911
1 7191
1 10368
1 8847
1 13905
1 6345
1 31689
1 19602
1 7200
1 2889
1 8046
1 15660
1 4599
1 9261
1 11889
1 7821
1 9180
1 16371
1 11880
1 6669
1 7353
1 9810
1 19737
1 18279
1 5769
1 4905
1 3501
1 16605
1 15300
1 7245
1 10908
1 6768
1 9180
1 8550
1 9270
1 6723
1 29304
1 24930
1 23814
1 6768
1 3879
1 10485
1 11889
1 5949
1 4761
1 16992
1 9225
1 27873
1 11196
1 5553
1 9216
1 11889
1 6345
1 9180
1 6678
1 23814
1 11673
1 5247
1 9180
1 21366
1 9918
1 17334
1 4599
1 12726
1 9810
1 14571
1 11925
1 5760
1 17757
1 8946
1 10818
1 9783
1 5247
1 16992
1 11628
1 6768
1 11889
1 4644
1 14301
1 11844
1 11880
1 5508
1 15876
1 9531
1 10953
1 11718
1 14076
1 9810
1 3537
1 16992
1 9531
1 18180
1 10935
1 17730
1 4599
1 4599
1 17568
1 9810
1 10908
1 16983
1 6678
1 7929
1 5508
1 14616
1 5508
1 5553
1 14571
1 6345
1 9180
1 9531
1 7821
1 7425
1 9180
1 18504
1 5868
1 24543
1 7866
1 5364
1 12501
1 6993
1 4599
1 11196
1 14571
1 5364
1 7218
1 12636
1 13266
1 18324
1 5508
1 9216
1 8082
1 9738
1 9234
1 6147
1 17541
1 9783
1 3384
1 23787
1 5283
1 10368
1 17829
1 10935
1 10908
1 14364
1 6948
1 4401
1 17262
1 5616
1 6678
1 6993
1 11718
1 7353
1 5949
1 10935
1 4644
1 5769
1 3501
1 16992
1 7218
1 7353
1 18279
1 6768
1 7911
1 12636
1 19674
1 24498
1 9180
1 17307
1 7749
1 8883
1 10206
1 25578
1 5364
1 10206
1 16326
1 11016
1 3114
1 5616
1 9882
1 18657
1 4950
1 12348
1 6345
1 6678
1 7353
1 10935
1 4644
1 4689
1 12681
1 7929
1 16992
1 9828
1 10908
1 9855
1 18531
1 6723
1 9180
1 11844
1 7218
1 7911
1 12726
1 5175
1 16983
1 14571
1 5283
1 12726
1 14229
1 16227
1 16605
1 12681
1 5508
1 14931
1 6768
1 19737
1 16371
1 11043
1 3933
1 10908
1 8946
1 5634
1 14211
1 16605
1 23814
1 11889
1 13905
1 6345
1 18693
1 9144
1 16983
1 10206
1 11016
1 23994
1 5283
1 6723
1 7830
1 6345
1 4482
1 12501
1 16443
1 15660
1 35199
1 10368
1 17262
1 5553
1 12897
1 9783
1 41886
1 9531
1 16326
1 15228
1 16326
1 34551
1 9531
1 17694
1 8460
1 3879
1 11844
1 9531
1 7830
1 7200
1 12501
1 18531
1 7173
1 11718
1 25632
1 9531
1 11718
1 3546
1 9738
1 20493
1 9234
1 8892
1 19962
1 9216
1 18531
1 5508
1 8829
1 23931
1 16344
1 5247
1 16371
1 5202
1 14931
1 4374
1 6948
1 10287
1 4644
1 17262
1 5247
1 14589
1 23418
1 10980
1 9531
1 7218
1 12726
1 10791
1 10206
1 17874
1 7821
1 17757
1 18324
1 7632
1 9720
1 12636
1 9810
1 2979
1 17775
1 11466
1 9810
1 9180
1 9810
1 6345
1 9783
1 9180
1 14301
1 21510
1 3501
1 8127
1 17730
1 18324
1 9810
1 7425
1 7353
1 9234
1 4644
1 18504
1 9531
1 9531
1 7911
1 23787
1 15381
1 3933
1 17541
1 3429
1 12726
1 4905
1 3933
1 5202
1 9855
1 3690
1 15660
1 5202
1 5958
1 9810
1 4644
1 4554
1 6345
1 5994
1 14301
1 16425
1 4644
1 8829
1 7911
1 4554
1 7704
1 10224
1 9234
1 11961
1 5346
1 3933
1 11718
1 6669
1 19602
1 5364
1 4644
1 7353
1 7425
1 9738
1 15012
1 11718
1 9531
1 5247
1 9180
1 23931
1 6768
1 16488
1 2601
1 17730
1 11925
1 5202
1 6633
1 4689
1 9738
1 14166
1 24453
1 10224
1 6948
1 14256
1 6678
1 5877
1 5508
1 12348
1 9216
1 5283
1 12726
1 12708
1 4689
1 11889
1 11889
1 18324
1 7713
1 17217
1 6633
1 3690
1 17730
1 12681
1 11844
1 11421
1 4644
1 12636
1 5553
1 9900
1 10908
1 5202
1 6948
1 16992
1 7821
1 5508
1 12348
1 3942
1 5508
1 9531
1 12753
1 4689
1 6678
1 14301
1 10908
1 5913
1 12501
1 9900
1 15678
1 23994
1 16443
1 9738
1 4689
1 14256
1 32778
1 16416
1 10935
1 16245
1 18279
1 10224
1 6345
1 15714
1 19602
1 18504
1 7911
1 15795
1 23670
1 7821
1 12726
1 7200
1 12501
1 7551
1 11718
1 6723
1 12501
1 3933
1 7911
1 7209
1 14211
1 3978
1 16443
1 9810
1 7911
1 5877
1 7911
1 9783
1 23229
1 10908
1 5364
1 3609
1 9783
1 16992
1 4482
1 5202
1 12681
1 5013
1 23436
1 5283
1 14589
1 19602
1 12501
1 4689
1 7353
1 10908
1 7218
1 9180
1 4599
1 6948
1 10368
1 5760
1 7713
1 16443
1 11016
1 9531
1 9531
1 16227
1 7506
1 6768
1 18369
1 9432
1 7713
1 5013
1 2448
1 11043
1 11718
1 9855
1 7911
1 10908
1 18693
1 11421
1 6669
1 3933
1 11043
1 14364
1 5760
1 23274
1 6678
1 10368
1 4905
1 18531
1 6948
1 4482
1 3501
1 17757
1 17730
1 7911
1 5202
1 7425
1 7173
1 7713
1 12501
1 4689
1 9531
1 4482
1 4482
1 5508
1 6768
1 6678
1 10368
1 6768
1 10206
1 12348
1 9225
1 6345
1 17541
1 8829
1 7821
1 15678
1 4905
1 4599
1 10368
1 17307
1 7929
1 9810
1 16731
1 7218
1 9216
1 7425
1 5508
1 9180
1 9216
1 7632
1 7191
1 16371
1 6345
1 7713
1 12501
1 12726
1 7749
1 7821
1 6768
1 18531
1 9738
1 11196
1 6669
1 7911
1 17829
1 17253
1 23310
1 6606
1 7245
1 9828
1 4599
1 11016
1 16371
1 6669
1 12501
1 16776
1 9531
1 21510
1 5175
1 5742
1 12501
1 29340
1 7425
1 5283
1 8883
1 23787
1 10368
1 5814
1 9882
1 13905
1 5616
1 17757
1 20160
1 17730
1 9783
1 5922
1 6345
1 9180
1 16227
1 7173
1 16443
1 17730
1 3546
1 19737
1 25560
1 11889
1 5175
1 7911
1 5247
1 11196
1 13266
1 13950
1 14301
1 6948
1 7929
1 9531
1 19737
1 8127
1 14589
1 6669
1 9900
1 16443
1 13905
1 5364
1 9783
1 23976
1 11889
1 9180
1 8829
1 6768
1 9216
1 5202
1 21510
1 6948
1 7911
1 14211
1 5553
1 5364
1 11925
1 5769
1 5202
1 14616
1 9531
1 3645
1 11718
1 5508
1 5202
1 5157
1 13266
1 9531
1 3978
1 4689
1 6345
1 10908
1 4410
1 3933
1 5202
1 10863
1 18369
1 19044
1 10368
1 7929
1 7713
1 16443
1 10908
1 18324
1 23832
1 18279
1 10224
1 17478
1 14211
1 23931
1 11043
1 7821
1 3429
1 16371
1 9180
1 9531
1 14589
1 17730
1 7866
1 7353
1 10818
1 16362
1 10224
1 6345
1 7911
1 12681
1 16776
1 7218
1 7353
1 3933
1 10818
1 17541
1 12501
1 7911
1 9225
1 21735
1 13905
1 3933
1 5994
1 8829
1 15390
1 12348
1 8280
1 11700
1 22284
1 14256
1 4023
1 23373
1 14301
1 16344
1 12501
1 6345
1 9810
1 18504
1 18504
1 4689
1 9738
1 5508
1 6669
1 5202
1 3267
1 18369
1 8127
1 17730
1 4599
1 4482
1 7713
1 7911
1 3933
1 6948
1 11043
1 6948
1 14571
1 20493
1 6345
1 16983
1 15300
1 7425
1 4158
1 15723
1 5949
1 14571
1 10206
1 10908
1 14616
1 15876
1 19737
1 10818
1 5508
1 18324
1 14886
1 18774
1 9531
1 9180
1 11043
1 4599
1 10368
1 16983
1 25434
1 9531
1 9180
1 5769
1 15381
1 6345
1 6678
1 16443
1 5247
1 15678
1 4689
1 16731
1 6345
1 9738
1 3267
1 10908
1 7434
1 13491
1 4923
1 10368
1 7821
1 16488
1 6678
1 7821
1 10224
1 10818
1 7866
1 11241
1 9531
1 9180
1 22230
1 3645
1 17433
1 10269
1 14301
1 14616
1 6993
1 34434
1 6345
1 5283
1 19737
1 14211
1 6678
1 9180
1 7425
1 14571
1 16605
1 6768
1 9783
1 5814
1 7866
1 3645
1 14589
1 25506
1 17829
1 6678
1 17541
1 2439
1 16371
1 8946
1 16605
1 15660
1 4905
1 9810
1 19719
1 5994
1 8829
1 9900
1 20493
1 5742
1 4689
1 5994
1 16992
1 16371
1 7821
1 9531
1 16227
1 21366
1 8883
1 18531
1 10368
1 5553
1 6345
1 10224
1 6678
1 10206
1 17541
1 9783
1 14256
1 8235
1 9738
1 5202
1 13905
1 16362
1 9531
1 27540
1 12726
1 8910
1 16983
1 15678
1 6678
1 9180
1 15840
1 9783
1 23688
1 10908
1 9810
1 7425
1 5202
1 9180
1 9918
1 16164
1 18279
1 6678
1 9531
1 7353
1 15813
1 19602
1 10287
1 10935
1 17730
1 13878
1 15381
1 19359
1 20493
1 4644
1 13266
1 5247
1 5508
1 10818
1 10179
1 7911
1 5742
1 5949
1 14301
1 9738
1 34848
1 6345
1 16209
1 5769
1 16371
1 13950
1 18279
1 6723
1 6768
1 20493
1 11016
1 11718
1 15759
1 8829
1 14931
1 23643
1 16371
1 16488
1 8091
1 19962
1 18279
1 12348
1 10980
1 3609
1 8550
1 5508
1 11016
1 15759
1 9180
1 11016
1 14931
1 9783
1 7911
1 6606
1 4482
1 12501
1 16443
1 4689
1 14571
1 6768
1 3546
1 5994
1 6723
1 9180
1 23391
1 24021
1 10224
1 6723
1 7866
1 10368
1 6768
1 12501
1 14256
1 18531
1 17388
1 6768
1 14301
1 9180
1 4644
1 5634
1 11016
1 17568
1 11718
1 9900
1 18369
1 9531
1 11016
1 14301
1 8883
1 9180
1 7911
1 9810
1 3114
1 9180
1 9531
1 7821
1 7821
1 18819
1 9810
1 29304
1 15660
1 8082
1 15660
1 27513
1 23121
1 5247
1 7245
1 5994
1 4689
1 6948
1 4689
1 4482
1 5283
1 7911
1 14301
1 15660
1 29385
1 15183
1 10908
1 8091
1 14166
1 7209
1 7713
1 11961
1 12681
1 4689
1 4905
1 20493
1 5247
1 15678
1 5769
1 24453
1 17730
1 15660
1 12636
1 8046
1 19674
1 15759
1 14256
1 17829
1 9837
1 6678
1 9810
1 14571
1 5283
1 9783
1 13950
1 8091
1 17568
1 9810
1 15381
1 15759
1 9225
1 6723
1 5508
1 11718
1 8946
1 16605
1 19602
1 6093
1 7506
1 11673
1 10935
1 12753
1 9144
1 9918
1 6345
1 15678
1 7425
1 5508
1 5202
1 6678
1 9180
1 11718
1 8550
1 10908
1 10773
1 6147
1 5202
1 16443
1 5202
1 7704
1 7425
1 8910
1 9531
1 6345
1 6723
1 4599
1 5553
1 9738
1 16443
1 9810
1 6768
1 11196
1 7425
1 9855
1 8037
1 15651
1 11718
1 9963
1 5553
1 18279
1 5364
1 6669
1 8883
1 23994
1 24930
1 10206
1 6993
1 16731
1 24498
1 10908
1 15759
1 5508
1 12348
1 9918
1 6606
1 6633
1 5202
1 7173
1 9810
1 23229
1 7929
1 7713
1 11961
1 7218
1 9531
1 9531
1 25848
1 14328
1 14166
1 5742
1 36720
1 12330
1 3690
1 16344
1 6723
1 5553
1 17568
1 6723
1 11511
1 5508
1 24102
1 6345
1 10368
1 19800
1 17829
1 16731
1 12726
1 9738
1 18549
1 7911
1 3429
1 11673
1 5616
1 6723
1 6948
1 5364
1 24102
1 3312
1 5202
1 5175
1 13266
1 14589
1 7353
1 5508
1 7866
1 12501
1 11961
1 12636
1 16227
1 5508
1 7929
1 6768
1 13950
1 4734
1 9810
1 5769
1 5922
1 3645
1 6768
1 22284
1 15381
1 7353
1 14256
1 3933
1 7911
1 8235
1 5769
1 11961
1 5202
1 4689
1 6669
1 9531
1 9738
1 9225
1 6345
1 15678
1 11961
1 4689
1 5553
1 9783
1 13905
1 17262
1 3690
1 18324
1 17829
1 14571
1 4644
1 6633
1 8892
1 8892
1 5769
1 16227
1 19719
1 10368
1 11016
1 17829
1 5202
1 18531
1 22239
1 19737
1 9900
1 10224
1 5922
1 7911
1 18774
1 6678
1 9738
1 9738
1 15813
1 10908
1 6678
1 16731
1 6345
1 5202
1 7821
1 21510
1 12681
1 11844
1 9531
1 6633
1 7425
1 7425
1 14949
1 9288
1 23994
1 15660
1 4599
1 9855
1 10206
1 4482
1 6669
1 7353
1 12708
1 14571
1 6345
1 18531
1 11718
1 16245
1 5508
1 10980
1 13950
1 8046
1 12330
1 5769
1 5994
1 5994
1 6723
1 7218
1 10368
1 10935
1 3420
1 26910
1 18693
1 15381
1 7353
1 17757
1 6768
1 5508
1 9963
1 10224
1 6948
1 6723
1 9855
1 5508
1 11718
1 9810
1 13905
1 10269
1 5202
1 5364
1 14211
1 9918
1 16983
1 5283
1 20151
1 6768
1 7164
1 10908
1 7353
1 15660
1 10791
1 24930
1 5769
1 15723
1 11961
1 11961
1 31230
1 14571
1 14256
1 11673
1 17433
1 9738
1 7353
1 14211
1 9855
1 5958
1 12726
1 9738
1 15660
1 10224
1 4968
1 12753
1 12681
1 7821
1 4734
1 4599
1 5508
1 9180
1 18558
1 9531
1 7353
1 5949
1 14589
1 12348
1 16326
1 14076
1 10206
1 7353
1 8046
1 17262
1 25254
1 9225
1 9180
1 4032
1 12348
1 5553
1 19674
1 20493
1 14931
1 16092
1 17433
1 18693
1 24975
1 20151
1 3780
1 7821
1 8505
1 5508
1 6723
1 13266
1 3384
1 5769
1 5202
1 10908
1 11124
1 5553
1 15714
1 7713
1 23994
1 7506
1 23589
1 24543
1 13851
1 17541
1 24498
1 27513
1 5994
1 5508
1 15876
1 4599
1 9216
1 8883
1 9531
1 11844
1 12285
1 17694
1 9180
1 4401
1 6678
1 4644
1 7353
1 4644
1 5508
1 14328
1 10206
1 6669
1 11718
1 6948
1 9180
1 3780
1 3501
1 14616
1 7209
1 9918
1 3501
1 7200
1 6723
1 5202
1 11880
1 11844
1 21366
1 12681
1 14589
1 5202
1 24561
1 18324
1 12708
1 7416
1 10368
1 21510
1 19134
1 9810
1 7911
1 6669
1 11718
1 7245
1 17730
1 9216
1 11241
1 7353
1 6678
1 11043
1 3267
1 9180
1 13878
1 7713
1 12501
1 9855
1 17541
1 7218
1 4410
1 12348
1 7911
1 7425
1 6606
1 12330
1 14589
1 9531
1 9738
1 15876
1 7821
1 5202
1 7353
1 17217
1 5202
1 9783
1 8460
1 11718
1 12501
1 5283
1 17541
1 14589
1 10368
1 5364
1 17307
1 5508
1 3546
1 9216
1 6768
1 7353
1 18324
1 3609
1 15678
1 24975
1 7911
1 7218
1 14571
1 7632
1 8046
1 4644
1 13266
1 6723
1 3933
1 7929
1 16344
1 15714
1 16605
1 10260
1 9180
1 3933
1 15651
1 10368
1 22185
1 5949
1 11961
1 6768
1 7353
1 7704
1 17433
1 3978
1 10287
1 21510
1 6669
1 5013
1 12681
1 9180
1 5760
1 7821
1 18369
1 14931
1 17253
1 6768
1 16776
1 16983
1 25254
1 13014
1 14211
1 11844
1 10179
1 6345
1 10368
1 3114
1 5508
1 11844
1 8847
1 20088
1 17568
1 24102
1 7911
1 5364
1 6768
1 11718
1 9216
1 14211
1 5814
1 4905
1 10908
1 3978
1 10368
1 23787
1 4113
1 16209
1 9918
1 7749
1 11466
1 10413
1 7425
1 5202
1 4599
1 14571
1 2979
1 18324
1 16488
1 7929
1 9180
1 24102
1 19674
1 6678
1 9810
1 16416
1 5283
1 23580
1 12501
1 14571
1 10206
1 19737
1 7821
1 16731
1 8946
1 12501
1 6678
1 10818
1 9810
1 4599
1 11673
1 9180
1 15885
1 8883
1 4905
1 17730
1 15876
1 7200
1 9531
1 4401
1 9180
1 11718
1 15705
1 10368
1 9531
1 20088
1 21366
1 19044
1 25866
1 10863
1 15660
1 9180
1 4023
1 7191
1 20763
1 8091
1 11016
1 9963
1 5202
1 11016
1 6948
1 9918
1 15174
1 6291
1 6948
1 3942
1 3933
1 14121
1 10818
1 14256
1 16443
1 11889
1 2601
1 16443
1 4905
1 14301
1 19044
1 5508
1 5949
1 16443
1 4689
1 11016
1 9261
1 3546
1 18369
1 7911
1 12726
1 4644
1 17541
1 11196
1 23589
1 9180
1 23373
1 12330
1 6147
1 6723
1 6768
1 9963
1 12636
1 18369
1 8937
1 23121
1 6345
1 5202
1 3546
1 5202
1 9783
1 7254
1 11718
1 5922
1 3933
1 7821
1 16731
1 23994
1 14256
1 4644
1 10368
1 15381
1 17829
1 11673
1 3501
1 9810
1 11889
1 22365
1 7353
1 15876
1 16605
1 10359
1 6723
1 6345
1 9216
1 7353
1 9531
1 5247
1 6723
1 6606
1 6768
1 16731
1 8883
1 6948
1 6723
1 9225
1 4644
1 16983
1 4644
1 22284
1 23589
1 6669
1 7506
1 6678
1 12348
1 8883
1 7911
1 14616
1 14256
1 3690
1 9900
1 23787
1 4599
1 5283
1 5949
1 11718
1 7749
1 7821
1 7353
1 10368
1 16344
1 15300
1 17307
1 19602
1 21510
1 10287
1 3690
1 9180
1 18324
1 16443
1 5508
1 5202
1 5877
1 16992
1 16488
1 5922
1 10818
1 8883
1 5508
1 7200
1 11718
1 13266
1 5013
1 9531
1 17262
1 3780
1 16983
1 6723
1 9900
1 7821
1 11016
1 7353
1 6147
1 4302
1 5346
1 10368
1 11673
1 8829
1 6345
1 17757
1 8091
1 17433
1 22185
1 12330
1 11961
1 21510
1 5364
1 12726
1 10908
1 9180
1 12501
1 24543
1 10935
1 23832
1 17541
1 3645
1 5742
1 18279
1 8460
1 10368
1 9261
1 7749
1 6633
1 7425
1 10368
1 12726
1 3546
1 7749
1 5553
1 6345
1 12501
1 9783
1 10863
1 9216
1 7551
1 11718
1 14211
1 18504
1 25641
1 17433
1 7911
1 14301
1 4689
1 14301
1 12348
1 7866
1 9810
1 7821
1 11043
1 6948
1 16992
1 5508
1 7821
1 15876
1 11880
1 7821
1 5553
1 14301
1 6723
1 4689
1 10908
1 7425
1 4905
1 10953
1 23589
1 3609
1 10206
1 17568
1 5958
1 6345
1 4905
1 9900
1 4905
1 7425
1 4410
1 7353
1 10368
1 5553
1 16605
1 11961
1 9783
1 17730
1 15678
1 10368
1 5922
1 12726
1 14301
1 10206
1 10368
1 12681
1 7173
1 4599
1 17829
1 10908
1 26604
1 11718
1 5202
1 16371
1 10908
1 7713
1 7218
1 9963
1 9216
1 9810
1 16488
1 3501
1 16992
1 23274
1 13905
1 11574
1 23787
1 16371
1 11880
1 14931
1 7911
1 16344
1 7353
1 12285
1 18324
1 11043
1 4644
1 18324
1 13905
1 19737
1 12726
1 5508
1 15183
1 4644
1 10908
1 11718
1 8046
1 9738
1 7821
1 9918
1 16605
1 5769
1 7353
1 9180
1 7929
1 18369
1 4356
1 9882
1 7911
1 9234
1 5949
1 7425
1 6345
1 9180
1 16983
1 5553
1 15255
1 14589
1 6768
1 10359
1 5553
1 26910
1 17730
1 3609
1 4158
1 6678
1 9531
1 2160
1 8136
1 14571
1 5814
1 8091
1 7704
1 5364
1 8127
1 17541
1 5364
1 24435
1 5508
1 7434
1 9738
1 4410
1 21510
1 7830
1 9738
1 20493
1 4644
1 7713
1 3609
1 8829
1 9738
1 5202
1 16443
1 5247
1 18531
1 13851
1 9927
1 17730
1 10908
1 11016
1 11196
1 12726
1 16992
1 7911
1 9180
1 9900
1 20808
1 11016
1 24003
1 10359
1 7353
1 14616
1 22203
1 6678
1 17694
1 15255
1 7200
1 5508
1 7911
1 9531
1 11718
1 16227
1 25560
1 5202
1 7506
1 5553
1 10980
1 5283
1 16371
1 7506
1 7200
1 15678
1 5202
1 18324
1 10206
1 4032
1 11718
1 7200
1 11961
1 10224
1 6399
1 10818
1 23814
1 14616
1 7911
1 9900
1 9810
1 5013
1 16443
1 14256
1 9180
1 4905
1 7425
1 8829
1 7218
1 2160
1 7425
1 10224
1 21159
1 16992
1 7353
1 5346
1 19674
1 9180
1 20709
1 4158
1 6606
1 9900
1 7704
1 8190
1 16371
1 3933
1 7425
1 12663
1 7173
1 5364
1 24102
1 10908
1 15660
1 11844
1 9810
1 11016
1 10818
1 14211
1 4734
1 7425
1 18819
1 15660
1 6723
1 5508
1 6768
1 9216
1 5769
1 16371
1 7704
1 7353
1 14067
1 9810
1 14616
1 18369
1 6345
1 3942
1 17730
1 11043
1 9738
1 4644
1 10863
1 20493
1 9738
1 6345
1 6768
1 19359
1 6768
1 7254
1 23976
1 3645
1 9810
1 5508
1 24102
1 11718
1 12285
1 1872
1 11718
1 10368
1 21366
1 22266
1 9180
1 22239
1 6147
1 7425
1 18531
1 6633
1 5283
1 4482
1 9180
1 20493
1 15660
1 17433
1 17433
1 10908
1 7929
1 11673
1 9738
1 9180
1 5634
1 11016
1 4158
1 14589
1 6723
1 9882
1 15381
1 7209
1 9738
1 15885
1 20160
1 25578
1 5958
1 4923
1 8550
1 12726
1 9180
1 8883
1 14571
1 23589
1 17541
1 7911
1 11925
1 6345
1 27540
1 23589
1 7245
1 7929
1 17433
1 5508
1 11925
1 17262
1 10368
1 9810
1 6633
1 17982
1 6669
1 5508
1 11718
1 6948
1 4599
1 11196
1 4689
1 11961
1 9810
1 16416
1 11016
1 3609
1 7911
1 9225
1 4905
1 9180
1 3501
1 5742
1 15660
1 15678
1 8091
1 7911
1 6345
1 16416
1 9783
1 5283
1 10179
1 7749
1 5769
1 9738
1 11880
1 15660
1 16992
1 6723
1 9531
1 9531
1 14256
1 18504
1 5553
1 9855
1 3267
1 7353
1 9963
1 16992
1 9810
1 14571
1 5364
1 14256
1 5949
1 10935
1 13905
1 10908
1 12501
1 16362
1 19674
1 7353
1 5364
1 8091
1 16992
1 6948
1 5553
1 9531
1 10935
1 6723
1 9531
1 9882
1 6948
1 14256
1 10935
1 14616
1 11925
1 6723
1 9225
1 17730
1 3780
1 9180
1 5364
1 7866
1 16443
1 10908
1 14256
1 5508
1 9180
1 6633
1 6669
1 8091
1 9855
1 15840
1 16605
1 7821
1 5949
1 11196
1 6768
1 8955
1 9225
1 5508
1 9783
1 11466
1 8910
1 4905
1 19737
1 9531
1 12636
1 5769
1 9918
1 22239
1 20259
1 16488
1 12897
1 17757
1 15876
1 16983
1 4833
1 3933
1 11961
1 20259
1 15813
1 6345
1 6768
1 19602
1 7173
1 9783
1 9810
1 3780
1 23580
1 19746
1 9531
1 23310
1 15759
1 20763
1 7911
1 3312
1 5913
1 14616
1 4554
1 4482
1 16929
1 5949
1 4644
1 10368
1 17730
1 5508
1 11889
1 9738
1 16362
1 16371
1 14301
1 5814
1 8550
1 5877
1 5949
1 18324
1 16443
1 9180
1 10908
1 14256
1 11889
1 11394
1 16362
1 7704
1 16344
1 8550
1 5364
1 9531
1 22239
1 10908
1 18180
1 4599
1 4599
1 2889
1 23643
1 4905
1 7911
1 5706
1 7425
1 10863
1 3933
1 6723
1 19359
1 10908
1 14301
1 10368
1 5283
1 18693
1 4644
1 5202
1 11016
1 3645
1 16992
1 9783
1 9900
1 9225
1 20151
1 18279
1 5994
1 6345
1 7353
1 17829
1 24543
1 5760
1 17730
1 10935
1 11421
1 4869
1 7821
1 25866
1 16731
1 3429
1 11718
1 9837
1 27738
1 3933
1 9180
1 23229
1 15876
1 7353
1 7821
1 6678
1 5508
1 16227
1 4599
1 5247
1 18324
1 9783
1 5949
1 5364
1 9774
1 17730
1 15831
1 4689
1 11844
1 7254
1 18324
1 9900
1 10908
1 11961
1 7713
1 13905
1 5508
1 8829
1 5202
1 5814
1 4554
1 7929
1 9963
1 9738
1 7173
1 10818
1 11961
1 12501
1 9180
1 5553
1 3933
1 10224
1 11718
1 10314
1 7866
1 5634
1 7911
1 18693
1 11718
1 11961
1 7218
1 11196
1 11718
1 17307
1 7173
1 11718
1 17217
1 14301
1 9225
1 7821
1 3429
1 16605
1 14256
1 7434
1 6948
1 15723
1 12726
1 12636
1 10287
1 16992
1 4302
1 15660
1 5364
1 6723
1 12501
1 24102
1 7929
1 7425
1 4599
1 13950
1 5364
1 15300
1 12501
1 6345
1 21510
1 10368
1 6345
1 11718
1 7245
1 10935
1 5364
1 9180
1 10908
1 14256
1 5247
1 10368
1 10746
1 14256
1 9531
1 22284
1 3267
1 16416
1 7425
1 5616
1 7353
1 6669
1 7425
1 4689
1 13266
1 16992
1 13905
1 17433
1 6147
1 7866
1 6345
1 14571
1 11421
1 11673
1 11718
1 7866
1 10368
1 4689
1 15678
1 6678
1 9180
1 5508
1 11718
1 18531
1 12726
1 5508
1 1998
1 23787
1 8937
1 9963
1 9531
1 5769
1 23229
1 15831
1 5742
1 5553
1 9783
1 5202
1 5202
1 7911
1 21510
1 12501
1 12636
1 14931
1 8046
1 6768
1 4482
1 6993
1 17757
1 7929
1 33696
1 23976
1 18279
1 14571
1 6948
1 17829
1 12726
1 15813
1 4599
1 22284
1 17262
1 5742
1 9900
1 8307
1 19602
1 9900
1 10287
1 18774
1 11016
1 17433
1 4644
1 20493
1 4644
1 24651
1 6723
1 2025
1 16983
1 22365
1 4788
1 15651
1 9738
1 10368
1 5616
1 7425
1 8460
1 5553
1 17307
1 10224
1 11196
1 16992
1 15678
1 7821
1 24597
1 7866
1 16605
1 10953
1 15759
1 7353
1 31698
1 7713
1 18360
1 6768
1 10935
1 17757
1 7911
1 12663
1 15714
1 7245
1 6723
1 7911
1 11961
1 11952
1 7866
1 21366
1 16983
1 8253
1 19602
1 15813
1 8091
1 8037
1 14571
1 18504
1 19962
1 11718
1 11016
1 10368
1 6345
1 11889
1 7821
1 12501
1 3429
1 16992
1 35712
1 3933
1 16605
1 4905
1 6633
1 17217
1 10224
1 23688
1 19602
1 3546
1 15660
1 6723
1 5769
1 17433
1 15759
1 21366
1 10368
1 3384
1 8847
1 6948
1 5553
1 8037
1 18738
1 14589
1 14589
1 5283
1 5364
1 9783
1 5202
1 16371
1 17541
1 9531
1 5283
1 7821
1 11718
1 3933
1 5346
1 17253
1 20493
1 6606
1 20493
1 4302
1 13662
1 11016
1 14301
1 3933
1 25254
1 9180
1 6606
1 12501
1 11043
1 17262
1 5364
1 21366
1 7911
1 10368
1 11016
1 19602
1 14364
1 12330
1 9918
1 6633
1 5553
1 20763
1 5508
1 12501
1 2889
1 11511
1 5202
1 10206
1 17568
1 16992
1 17568
1 10980
1 6948
1 5922
1 16371
1 7425
1 5760
1 10368
1 9882
1 8883
1 7506
1 6723
1 7911
1 24021
1 17874
1 25470
1 14310
1 17829
1 5616
1 9531
1 7173
1 16488
1 12330
1 18549
1 9180
1 9783
1 7911
1 7353
1 19602
1 10224
1 4482
1 7245
1 7353
1 6723
1 9531
1 10935
1 3780
1 9531
1 6948
1 8829
1 5202
1 17253
1 5922
1 6723
1 9225
1 10368
1 9810
1 15381
1 4644
1 20160
1 7830
1 15831
1 7173
1 5769
1 10305
1 5616
1 11718
1 16983
1 5508
1 6768
1 6678
1 7821
1 10818
1 9810
1 15381
1 7911
1 4599
1 8046
1 9225
1 18504
1 15759
1 5202
1 5634
1 12636
1 19737
1 7911
1 16992
1 17757
1 16344
1 12501
1 15714
1 8046
1 5553
1 6219
1 16443
1 14211
1 6678
1 3942
1 16605
1 11043
1 9738
1 17829
1 9531
1 18324
1 14571
1 4644
1 16992
1 4599
1 10980
1 5553
1 11016
1 7911
1 9810
1 9810
1 4905
1 15381
1 9963
1 14571
1 8829
1 5553
1 21411
1 5769
1 9225
1 3429
1 15813
1 7353
1 6768
1 18531
1 5760
1 16992
1 12501
1 17829
1 7425
1 16371
1 5769
1 17541
1 7830
1 3933
1 16992
1 18279
1 7353
1 5247
1 17730
1 5508
1 7866
1 5769
1 3546
1 6093
1 11016
1 7866
1 7425
1 7713
1 22347
1 5202
1 12348
1 5814
1 4905
1 10224
1 17217
1 5346
1 14616
1 4482
1 9855
1 4905
1 3645
1 14589
1 9180
1 14310
1 14931
1 10935
1 14301
1 17730
1 9225
1 26604
1 9783
1 10935
1 6678
1 7911
1 6678
1 3933
1 10908
1 5553
1 16425
1 15678
1 5364
1 10818
1 5247
1 5508
1 7911
1 6345
1 8127
1 6345
1 10206
1 19485
1 4644
1 4644
1 7911
1 5508
1 4599
1 10368
1 4482
1 3546
1 4689
1 11844
1 7353
1 17829
1 18324
1 11745
1 18738
1 11016
1 3933
1 6768
1 17217
1 5553
1 5202
1 16344
1 11718
1 21366
1 6723
1 7353
1 3654
1 7173
1 18279
1 3690
1 5508
1 4302
1 6768
1 7704
1 9531
1 16227
1 5769
1 11844
1 14256
1 5283
1 18108
1 14571
1 10224
1 7488
1 9216
1 9531
1 6768
1 6678
1 11961
1 5283
1 7353
1 18549
1 8883
1 10953
1 5922
1 11718
1 10908
1 5553
1 14301
1 5508
1 9738
1 16443
1 5247
1 14616
1 5553
1 12636
1 9702
1 15714
1 5175
1 14256
1 7911
1 25254
1 5508
1 5769
1 2160
1 11718
1 5553
1 18504
1 9531
1 16488
1 9180
1 5283
1 17874
1 4644
1 9531
1 5553
1 10224
1 12330
1 9738
1 7425
1 16443
1 9810
1 13950
1 16443
1 5508
1 16605
1 7911
1 15831
1 5958
1 11016
1 17433
1 10368
1 5364
1 13770
1 11043
1 22374
1 6948
1 9180
1 9738
1 6768
1 8910
1 18324
1 6678
1 17217
1 5949
1 3312
1 3942
1 6768
1 6768
1 11043
1 5553
1 4689
1 15678
1 5922
1 12681
1 12636
1 7506
1 19359
1 7506
1 10179
1 7218
1 5994
1 16371
1 8910
1 5283
1 5877
1 23436
1 6345
1 11349
1 10368
1 16605
1 9810
1 11673
1 20160
1 17730
1 12636
1 18369
1 17757
1 10368
1 19674
1 18693
1 2979
1 5994
1 4158
1 18324
1 14364
1 14589
1 2979
1 24543
1 3546
1 11961
1 5508
1 5283
1 28197
1 14301
1 9432
1 15300
1 5283
1 7704
1 10305
1 11196
1 16605
1 14886
1 5508
1 16983
1 9180
1 23310
1 3933
1 6633
1 5553
1 8010
1 10935
1 7173
1 5283
1 14571
1 30510
1 20493
1 3546
1 18369
1 7425
1 3546
1 18774
1 5553
1 9882
1 11889
1 6669
1 6606
1 6345
1 16992
1 17874
1 9180
1 7173
1 8091
1 3645
1 5949
1 11016
1 16443
1 7425
1 5508
1 10935
1 28341
1 13905
1 7353
1 16443
1 9783
1 16245
1 14616
1 12726
1 10206
1 15381
1 5508
1 9180
1 5364
1 10359
1 9531
1 9963
1 11961
1 5553
1 17541
1 7425
1 7353
1 6993
1 9810
1 5202
1 14589
1 14256
1 5508
1 7353
1 10935
1 6345
1 7866
1 25236
1 17541
1 17334
1 25623
1 7353
1 4599
1 9180
1 10908
1 10773
1 16425
1 5508
1 5508
1 5994
1 23814
1 7353
1 6633
1 9855
1 5634
1 14256
1 5949
1 10908
1 9810
1 9810
1 3978
1 7425
1 23976
1 10908
1 9783
1 7821
1 5553
1 9531
1 6948
1 17730
1 7713
1 15813
1 24498
1 10908
1 9531
1 28899
1 8883
1 11718
1 24021
1 17262
1 17919
1 15759
1 11844
1 14616
1 14301
1 11043
1 9783
1 20493
1 7911
1 10908
1 16992
1 8037
1 5283
1 8280
1 10368
1 7353
1 15660
1 5769
1 24390
1 7218
1 9810
1 7425
1 23814
1 3537
1 16371
1 4599
1 7353
1 14616
1 21366
1 9225
1 5994
1 13950
1 30465
1 9180
1 6291
1 3501
1 25776
1 7425
1 24930
1 7821
1 15660
1 5508
1 3501
1 7929
1 15831
1 3429
1 18279
1 12726
1 10863
1 6768
1 7425
1 10980
1 18108
1 7173
1 25425
1 11718
1 9180
1 6345
1 6948
1 20493
1 6768
1 4644
1 4023
1 12348
1 4644
1 10368
1 16992
1 3879
1 5508
1 10908
1 3879
1 5508
1 8127
1 22887
1 9810
1 8235
1 17433
1 5958
1 23535
1 6768
1 5553
1 9783
1 11016
1 26604
1 10287
1 6948
1 7704
1 5346
1 6345
1 7911
1 9900
1 14256
1 16992
1 17829
1 7929
1 6768
1 22365
1 14571
1 15876
1 7866
1 5769
1 16371
1 11673
1 15606
1 7245
1 16344
1 10908
1 19728
1 7173
1 9225
1 14949
1 9810
1 24021
1 5346
1 6723
1 6633
1 16983
1 23787
1 12636
1 8127
1 5922
1 7929
1 7353
1 5364
1 3942
1 16443
1 17874
1 7713
1 5364
1 5013
1 6345
1 15678
1 6345
1 9918
1 12285
1 14256
1 6345
1 5157
1 11718
1 9216
1 14886
1 14256
1 5202
1 15660
1 24021
1 6993
1 13266
1 14211
1 11718
1 6948
1 24543
1 6948
1 14256
1 4905
1 10908
1 6345
1 5364
1 7911
1 4599
1 7218
1 18369
1 7425
1 9225
1 10908
1 23310
1 4905
1 23787
1 24453
1 6723
1 21897
1 11718
1 14211
1 9180
1 21672
1 16326
1 10206
1 14571
1 5508
1 18648
1 3933
1 5742
1 7425
1 14301
1 5202
1 9531
1 5553
1 17541
1 9531
1 5247
1 10368
1 9783
1 16371
1 5346
1 6678
1 17829
1 7353
1 9738
1 3978
1 12636
1 5346
1 5508
1 5508
1 2403
1 2889
1 10368
1 9180
1 14301
1 5553
1 8046
1 5508
1 10206
1 7506
1 11196
1 13266
1 9234
1 7245
1 10008
1 13950
1 6723
1 9963
1 4905
1 7911
1 8946
1 17694
1 14589
1 4644
1 7911
1 16605
1 16344
1 9783
1 10368
1 9783
1 23832
1 3645
1 11718
1 18324
1 4095
1 4905
1 16371
1 18324
1 8235
1 5364
1 11016
1 9531
1 16488
1 4158
1 15651
1 5175
1 6723
1 7911
1 11241
1 5769
1 17829
1 10908
1 6345
1 9738
1 13905
1 7911
1 17874
1 16443
1 6768
1 9216
1 8766
1 11718
1 9216
1 5202
1 19962
1 17730
1 3879
1 5175
1 10206
1 6768
1 12285
1 6768
1 5553
1 9180
1 14886
1 14256
1 5553
1 9531
1 9783
1 8127
1 11718
1 4905
1 8910
1 6768
1 10368
1 9216
1 5346
1 11043
1 7425
1 7866
1 9216
1 16020
1 14301
1 14256
1 15831
1 11961
1 5508
1 7245
1 7911
1 6606
1 27513
1 8460
1 11718
1 5283
1 14211
1 8883
1 7821
1 3933
1 7911
1 5769
1 10773
1 14301
1 12636
1 11016
1 25578
1 8883
1 7353
1 14589
1 7254
1 7425
1 10206
1 12348
1 11718
1 14571
1 9180
1 7425
1 5553
1 5202
1 9810
1 18369
1 7353
1 7911
1 7929
1 9531
1 7425
1 5508
1 23787
1 6678
1 15660
1 4689
1 1422
1 24498
1 3501
1 10224
1 9738
1 17829
1 3933
1 10368
1 5364
1 4356
1 10935
1 9855
1 7713
1 15813
1 7353
1 9738
1 9216
1 10935
1 5742
1 5202
1 8010
1 9810
1 14301
1 5958
1 9783
1 9810
1 7173
1 11889
1 9216
1 14571
1 6345
1 8910
1 6606
1 6993
1 7191
1 6147
1 5949
1 3942
1 5814
1 9531
1 10908
1 10998
1 7911
1 5634
1 9900
1 10908
1 6678
1 4950
1 5283
1 5508
1 2403
1 14616
1 24831
1 6948
1 9225
1 5346
1 3546
1 7173
1 17874
1 5922
1 6678
1 6723
1 20493
1 28854
1 5760
1 18369
1 18369
1 5247
1 5742
1 7425
1 15723
1 10818
1 17541
1 19728
1 6768
1 7929
1 12726
1 7713
1 16344
1 7821
1 16371
1 16488
1 7353
1 8829
1 7353
1 15813
1 15381
1 17262
1 10206
1 19962
1 3960
1 1917
1 23310
1 7713
1 15759
1 9783
1 17694
1 15651
1 11889
1 24597
1 9882
1 7866
1 16416
1 10368
1 10935
1 16992
1 20160
1 6678
1 8910
1 20160
1 9738
1 17541
1 7173
1 7425
1 9738
1 5508
1 4905
1 4599
1 3942
1 7434
1 5202
1 14571
1 12681
1 9531
1 5553
1 25623
1 15885
1 16227
1 16416
1 9531
1 6723
1 7173
1 14328
1 9225
1 14571
1 3609
1 15876
1 16245
1 5634
1 11889
1 14571
1 7353
1 21411
1 9783
1 7254
1 5013
1 7704
1 10224
1 10818
1 17262
1 24768
1 7749
1 11961
1 4599
1 3942
1 17253
1 9738
1 9999
1 11016
1 6345
1 11961
1 4599
1 4905
1 14850
1 21510
1 6606
1 7200
1 7218
1 9531
1 5202
1 9180
1 7353
1 7929
1 12330
1 4905
1 10368
1 2025
1 3933
1 12726
1 3879
1 9216
1 14931
1 7911
1 24543
1 9783
1 6948
1 7506
1 13878
1 5202
1 9216
1 6606
1 5202
1 6723
1 4689
1 17478
1 16344
1 7353
1 9531
1 9783
1 15831
1 9900
1 17874
1 5508
1 20151
1 6633
1 9810
1 10818
1 9810
1 9810
1 8910
1 3978
1 16992
1 5508
1 6606
1 9738
1 11196
1 8910
1 4689
1 2115
1 14571
1 5922
1 11196
1 9774
1 18369
1 9225
1 4158
1 11718
1 9783
1 7425
1 14256
1 16992
1 17541
1 18360
1 2160
1 7713
1 5202
1 11349
1 5877
1 7821
1 7713
1 7425
1 9531
1 9180
1 9738
1 5742
1 17541
1 10908
1 11673
1 16371
1 5202
1 9738
1 7713
1 5247
1 10818
1 6768
1 3735
1 16371
1 9180
1 10368
1 16344
1 9531
1 11718
1 6768
1 7353
1 23229
1 9963
1 10908
1 7713
1 4644
1 3987
1 9531
1 7866
1 9180
1 16605
1 29340
1 14589
1 12636
1 5958
1 4599
1 25578
1 9225
1 10818
1 11016
1 14571
1 7245
1 7866
1 9531
1 8829
1 12636
1 4689
1 19737
1 3987
1 14076
1 16344
1 19737
1 9774
1 17541
1 5202
1 20763
1 3645
1 13905
1 4689
1 7425
1 9225
1 5508
1 20961
1 6345
1 18108
1 4689
1 7713
1 9882
1 11718
1 5283
1 15660
1 21789
1 22284
1 5283
1 4905
1 5508
1 9261
1 16443
1 9900
1 7425
1 9225
1 9918
1 8091
1 5364
1 7353
1 15714
1 15255
1 7830
1 6093
1 6345
1 18279
1 14256
1 4599
1 9738
1 10206
1 3933
1 4599
1 12663
1 24498
1 5922
1 6768
1 16605
1 5508
1 7506
1 16983
1 9963
1 5769
1 18504
1 5508
1 9531
1 6633
1 10746
1 10908
1 5508
1 9783
1 18360
1 25560
1 6993
1 14589
1 17829
1 4599
1 5283
1 5769
1 6723
1 14256
1 14256
1 9531
1 3978
1 5508
1 12285
1 11925
1 16443
1 12501
1 4644
1 11718
1 16992
1 12708
1 16776
1 12501
1 9810
1 7425
1 10863
1 4644
1 9180
1 11196
1 15381
1 20160
1 18369
1 12708
1 11196
1 7911
1 5202
1 15183
1 6723
1 7353
1 7713
1 5877
1 16425
1 4644
1 8883
1 10935
1 7353
1 11673
1 4689
1 16992
1 15876
1 6147
1 11196
1 16209
1 23580
1 9900
1 11718
1 5994
1 17217
1 9810
1 23931
1 10773
1 17541
1 11718
1 7911
1 15381
1 3933
1 12636
1 11718
1 11466
1 6768
1 6345
1 11241
1 11844
1 9783
1 9783
1 12501
1 10368
1 14571
1 5364
1 5742
1 5202
1 3978
1 8883
1 24543
1 11961
1 5364
1 10980
1 13950
1 8829
1 6768
1 15759
1 15354
1 8883
1 3942
1 7911
1 11718
1 6606
1 17568
1 14571
1 15660
1 14589
1 9135
1 5202
1 5760
1 4905
1 1872
1 17253
1 12726
1 11196
1 12636
1 10908
1 6345
1 3933
1 6345
1 7218
1 16992
1 5283
1 15381
1 9180
1 11961
1 3429
1 9783
1 7749
1 10368
1 11043
1 9738
1 5553
1 13950
1 11880
1 12726
1 9810
1 5247
1 11889
1 6606
1 9783
1 8883
1 14256
1 9783
1 15660
1 4905
1 5364
1 18324
1 9234
1 10224
1 10206
1 7704
1 25425
1 16227
1 17982
1 5508
1 5616
1 7911
1 9180
1 9216
1 14931
1 11718
1 2979
1 12330
1 8829
1 7353
1 17307
1 7425
1 6345
1 3609
1 11889
1 7425
1 11961
1 17433
1 10224
1 5949
1 9531
1 7911
1 6345
1 17757
1 20493
1 3609
1 4401
1 7425
1 27225
1 12501
1 9783
1 10206
1 8046
1 4302
1 6723
1 6768
1 9783
1 12501
1 3933
1 10935
1 5877
1 13905
1 11673
1 12618
1 6345
1 10908
1 12636
1 23310
1 7425
1 7866
1 15714
1 6669
1 14238
1 10368
1 16983
1 4689
1 24228
1 11889
1 9783
1 7911
1 6723
1 16371
1 17757
1 6678
1 3609
1 18504
1 10818
1 15660
1 7911
1 7245
1 12762
1 5508
1 14256
1 15696
1 9180
1 6723
1 14571
1 6345
1 5508
1 14571
1 9180
1 9963
1 7425
1 12285
1 6723
1 17433
1 9225
1 3690
1 7353
1 5616
1 12501
1 17829
1 11961
1 17262
1 10908
1 4905
1 3690
1 6768
1 17829
1 16371
1 11844
1 5202
1 11718
1 3933
1 9225
1 7506
1 9531
1 3960
1 10908
1 11970
1 14589
1 17262
1 6948
1 5508
1 19737
1 10206
1 16416
1 6723
1 13905
1 5247
1 6723
1 15255
1 9720
1 8235
1 13950
1 9225
1 23373
1 6993
1 10863
1 5634
1 12285
1 18324
1 7245
1 20538
1 8127
1 4734
1 9180
1 7353
1 6948
1 7173
1 5283
1 7821
1 9180
1 14616
1 5769
1 8046
1 5769
1 25434
1 12330
1 11718
1 12726
1 9180
1 6948
1 9783
1 9783
1 12330
1 12330
1 10935
1 15660
1 3780
1 6345
1 5922
1 5508
1 9576
1 17568
1 5814
1 30510
1 17262
1 9531
1 7704
1 29484
1 16425
1 8883
1 15660
1 17433
1 11016
1 16371
1 12726
1 7911
1 12348
1 4689
1 9810
1 17730
1 25074
1 12636
1 6345
1 12501
1 17757
1 4734
1 6948
1 4599
1 5202
1 18279
1 6948
1 9810
1 8910
1 5508
1 6678
1 16344
1 4401
1 9882
1 5508
1 17874
1 6723
1 16371
1 11241
1 18531
1 5616
1 10863
1 7173
1 11844
1 9225
1 10269
1 7218
1 5553
1 4482
1 5508
1 16371
1 16344
1 11043
1 12708
1 10368
1 9810
1 20538
1 10368
1 6633
1 12663
1 17730
1 10773
1 6723
1 9810
1 25434
1 12726
1 5283
1 10368
1 22365
1 7353
1 16443
1 7821
1 11718
1 12348
1 9531
1 8046
1 11511
1 11196
1 6768
1 8091
1 6345
1 3960
1 3501
1 16344
1 19062
1 16443
1 10818
1 5202
1 5283
1 14589
1 23580
1 22158
1 22860
1 5364
1 9531
1 5508
1 16992
1 8046
1 16371
1 6723
1 5049
1 7704
1 7749
1 7911
1 7704
1 17829
1 19737
1 14571
1 9738
1 6723
1 17262
1 9180
1 4905
1 5994
1 4644
1 12501
1 7425
1 14571
1 6678
1 12501
1 11196
1 6633
1 7713
1 5202
1 7902
1 6669
1 5310
1 5202
1 16776
1 14256
1 5553
1 7911
1 7425
1 5283
1 3546
1 5346
1 11844
1 6345
1 7218
1 6768
1 11673
1 7353
1 23580
1 7821
1 9531
1 7353
1 12726
1 4032
1 6768
1 9180
1 4905
1 14166
1 12726
1 9180
1 3978
1 5049
1 11196
1 16488
1 14571
1 5391
1 9783
1 7911
1 11718
1 7353
1 7911
1 16983
1 9738
1 14076
1 7425
1 5175
1 9180
1 16371
1 16605
1 12726
1 5958
1 9225
1 5616
1 7218
1 10368
1 32778
1 18108
1 9810
1 5202
1 5283
1 14571
1 9180
1 17253
1 3933
1 12636
1 9225
1 10224
1 6633
1 8091
1 6345
1 7425
1 11718
1 7173
1 10908
1 23310
1 3501
1 9720
1 5877
1 11241
1 6768
1 16983
1 16992
1 7713
1 5553
1 14616
1 14256
1 5760
1 15381
1 19728
1 5283
1 7821
1 29340
1 14310
1 6768
1 6723
1 9900
1 5364
1 6948
1 9810
1 9531
1 11043
1 7821
1 20493
1 5742
1 17730
1 11016
1 9180
1 20763
1 18369
1 5175
1 6633
1 17541
1 7353
1 7218
1 3735
1 6768
1 5364
1 12501
1 4905
1 18531
1 7911
1 9180
1 5508
1 16416
1 16992
1 3690
1 5247
1 8883
1 18360
1 14301
1 9234
1 6633
1 6345
1 10368
1 7911
1 7911
1 5283
1 8460
1 7749
1 9180
1 13950
1 5508
1 7713
1 18513
1 12501
1 10818
1 7425
1 17694
1 15381
1 28413
1 16344
1 9225
1 6948
1 9180
1 6768
1 16443
1 6345
1 3942
1 15759
1 10224
1 9783
1 3546
1 5769
1 16344
1 10368
1 3942
1 5508
1 9783
1 16605
1 19602
1 9531
1 12348
1 1917
1 16605
1 17757
1 13905
1 13905
1 17307
1 6723
1 11889
1 25434
1 16272
1 7929
1 3942
1 7911
1 10818
1 4599
1 17829
1 5634
1 7911
1 11466
1 15381
1 8091
1 10818
1 17541
1 9783
1 9783
1 25119
1 26910
1 5202
1 7425
1 9180
1 16992
1 14571
1 15660
1 18324
1 5508
1 5283
1 10206
1 6345
1 13950
1 4644
1 11196
1 9180
1 7911
1 4644
1 4599
1 10908
1 11961
1 16344
1 7506
1 7866
1 9783
1 15831
1 10908
1 11718
1 20808
1 9738
1 17262
1 6345
1 5553
1 17568
1 6723
1 12681
1 8046
1 8091
1 9810
1 13950
1 4482
1 9855
1 16344
1 17874
1 19602
1 7173
1 7749
1 3942
1 10224
1 17829
1 4599
1 5994
1 5202
1 10224
1 4401
1 6633
1 14256
1 17388
1 15561
1 5508
1 4905
1 6768
1 5508
1 14301
1 6633
1 6678
1 10368
1 9900
1 11016
1 6948
1 12681
1 6345
1 8883
1 6678
1 7425
1 3501
1 7425
1 6345
1 9531
1 4554
1 16488
1 7353
1 7353
1 7425
1 18369
1 4905
1 5283
1 4950
1 7353
1 7929
1 7821
1 9180
1 9918
1 9900
1 9234
1 16371
1 7866
1 7425
1 4644
1 10206
1 5364
1 11889
1 15876
1 7218
1 17433
1 6993
1 6723
1 5949
1 21672
1 5364
1 16776
1 10935
1 20493
1 14616
1 8037
1 6723
1 11889
1 4644
1 6768
1 6723
1 9180
1 7353
1 7218
1 6948
1 15759
1 6723
1 14589
1 12636
1 8883
1 9783
1 11196
1 8550
1 6948
1 17829
1 4734
1 11196
1 25641
1 8883
1 7353
1 23328
1 9531
1 3735
1 6633
1 11889
1 19557
1 11718
1 4923
1 16272
1 9180
1 3609
1 23355
1 7353
1 7911
1 10368
1 5508
1 25434
1 14301
1 16245
1 14931
1 14571
1 6768
1 10368
1 9261
1 7911
1 5508
1 18369
1 9810
1 8892
1 11016
1 7713
1 9720
1 7353
1 18324
1 6345
1 7245
1 4689
1 7245
1 4689
1 26775
1 14301
1 3879
1 2484
1 6723
1 10368
1 11421
1 12501
1 8883
1 9810
1 26559
1 5508
1 8829
1 10809
1 9180
1 5769
1 6723
1 10935
1 4644
1 10287
1 23310
1 7218
1 7911
1 17433
1 5553
1 3978
1 7911
1 13851
1 3978
1 8415
1 7353
1 2511
1 9900
1 23580
1 15714
1 10206
1 9180
1 5508
1 9180
1 16344
1 14571
1 3420
1 4644
1 12501
1 14256
1 5247
1 16371
1 12573
1 23994
1 15723
1 2160
1 7911
1 9783
1 16371
1 9810
1 5508
1 25515
1 23373
1 16605
1 8235
1 7425
1 18324
1 5769
1 17541
1 16983
1 6345
1 7425
1 9900
1 7353
1 7191
1 17829
1 14301
1 6768
1 10773
1 14616
1 7911
1 7218
1 4644
1 18657
1 6723
1 6768
1 24102
1 11016
1 16227
1 4302
1 12762
1 11889
1 9531
1 4644
1 10206
1 20259
1 9837
1 15876
1 16992
1 5508
1 9810
1 10368
1 6345
1 5346
1 5553
1 17541
1 14571
1 7425
1 26910
1 23373
1 9900
1 10908
1 16371
1 13266
1 23580
1 24003
1 6768
1 3609
1 3546
1 24021
1 12501
1 5175
1 16227
1 14571
1 15678
1 17262
1 7245
1 9216
1 17757
1 6093
1 17919
1 16371
1 16992
1 11880
1 19602
1 16371
1 7245
1 10953
1 10818
1 9225
1 6714
1 5553
1 8649
1 22140
1 7821
1 15876
1 15714
1 9432
1 23391
1 11925
1 14571
1 9918
1 5634
1 3780
1 8883
1 15381
1 27612
1 9531
1 6678
1 7425
1 6723
1 4905
1 6723
1 24651
1 7911
1 5508
1 11961
1 18819
1 5760
1 22887
1 4905
1 24930
1 7425
1 17829
1 17874
1 11718
1 6093
1 4644
1 9234
1 14571
1 8829
1 5508
1 23310
1 3501
1 23310
1 6147
1 23121
1 7425
1 5742
1 5634
1 10908
1 7353
1 10359
1 14589
1 5202
1 6678
1 16983
1 6768
1 5994
1 11718
1 4905
1 5508
1 6723
1 7353
1 9531
1 6723
1 6948
1 9531
1 18369
1 6723
1 14571
1 16371
1 6345
1 9531
1 9180
1 16443
1 9828
1 9180
1 9180
1 3978
1 18738
1 23994
1 9225
1 10935
1 5553
1 10935
1 5553
1 5202
1 7506
1 6768
1 6948
1 5994
1 14589
1 1701
1 16983
1 17919
1 7218
1 5202
1 9810
1 5634
1 7821
1 7866
1 6948
1 7353
1 9783
1 4644
1 7911
1 6723
1 9531
1 16983
1 5769
1 14256
1 11511
1 17829
1 16362
1 6768
1 8298
1 8910
1 17433
1 6723
1 11961
1 9180
1 6723
1 18369
1 7425
1 6948
1 5202
1 6768
1 9783
1 10179
1 14589
1 7425
1 6345
1 11088
1 9180
1 10773
1 4599
1 5508
1 3609
1 20808
1 14616
1 5553
1 9810
1 11889
1 17307
1 5202
1 9738
1 14886
1 3609
1 9855
1 5949
1 11196
1 19737
1 17694
1 7911
1 5553
1 23832
1 9900
1 6768
1 4644
1 5805
1 6678
1 18369
1 5553
1 9180
1 12348
1 10368
1 16938
1 9963
1 5769
1 17433
1 18531
1 7713
1 4905
1 7425
1 15381
1 11196
1 9783
1 9783
1 14589
1 3987
1 15381
1 7911
1 9180
1 7425
1 7425
1 11961
1 19485
1 3537
1 12681
1 25434
1 9855
1 9738
1 7821
1 9531
1 11718
1 20493
1 11043
1 7353
1 3420
1 19044
1 7911
1 3267
1 10224
1 23355
1 7713
1 4644
1 9234
1 11016
1 11844
1 7704
1 9531
1 5508
1 6723
1 5346
1 18504
1 15759
1 9963
1 12897
1 12681
1 5949
1 9180
1 5949
1 9180
1 7200
1 16992
1 16344
1 5949
1 9918
1 11718
1 12501
1 3987
1 18693
1 11844
1 7425
1 7902
1 9783
1 16443
1 7749
1 10908
1 3735
1 9180
1 14571
1 9810
1 9783
1 5202
1 10287
1 7353
1 15660
1 7821
1 7911
1 17829
1 11088
1 23373
1 15723
1 16992
1 17568
1 12726
1 9738
1 4599
1 11043
1 9738
1 7821
1 7866
1 9738
1 5508
1 9900
1 11880
1 7434
1 5364
1 6723
1 5769
1 3933
1 7911
1 7911
1 9531
1 6345
1 7911
1 21510
1 9963
1 10206
1 19800
1 3978
1 7821
1 3933
1 7821
1 14256
1 7911
1 3780
1 5202
1 4905
1 7911
1 19674
1 6345
1 9810
1 6669
1 25866
1 4905
1 7425
1 10863
1 12501
1 7866
1 6345
1 9531
1 19737
1 26910
1 3978
1 23391
1 10206
1 12636
1 21789
1 3708
1 11961
1 5283
1 24543
1 7866
1 5742
1 8910
1 14211
1 14589
1 18324
1 5994
1 11745
1 10206
1 9180
1 5553
1 15678
1 5814
1 18324
1 10908
1 11196
1 7911
1 16731
1 10863
1 14076
1 5877
1 18504
1 9855
1 26604
1 15678
1 23814
1 18324
1 7704
1 9738
1 9531
1 11961
1 7506
1 7245
1 11961
1 7911
1 9738
1 9738
1 5202
1 4644
1 6723
1 9738
1 6147
1 23589
1 16443
1 6948
1 5157
1 11718
1 3609
1 6768
1 11169
1 24021
1 3978
1 9531
1 5202
1 7821
1 16992
1 23787
1 14616
1 16371
1 15714
1 4689
1 6678
1 5877
1 5508
1 13626
1 5013
1 7218
1 14589
1 15651
1 12726
1 6768
1 6723
1 11241
1 5553
1 10773
1 4554
1 21897
1 15660
1 6606
1 20493
1 14301
1 5769
1 17568
1 4644
1 25470
1 6723
1 7821
1 7866
1 11016
1 11970
1 5769
1 9963
1 11016
1 6678
1 13950
1 16983
1 16362
1 7425
1 14616
1 13950
1 19737
1 16344
1 3933
1 5508
1 7218
1 9810
1 21636
1 11718
1 12726
1 18180
1 6669
1 9234
1 25047
1 14589
1 13905
1 6291
1 7425
1 5553
1 7173
1 9225
1 17829
1 3897
1 6633
1 7353
1 11016
1 10368
1 6345
1 4644
1 16983
1 5949
1 16344
1 7911
1 11016
1 17829
1 10206
1 19728
1 14616
1 5202
1 3933
1 18108
1 3879
1 6948
1 16992
1 7911
1 7353
1 9738
1 9216
1 7911
1 9531
1 12681
1 7911
1 7749
1 14364
1 4599
1 3429
1 7218
1 28620
1 6345
1 14571
1 9225
1 11196
1 6345
1 16731
1 16443
1 3987
1 8136
1 20763
1 9738
1 5283
1 6723
1 5364
1 9180
1 10008
1 18504
1 14211
1 24624
1 20997
1 10368
1 7353
1 5877
1 11718
1 5922
1 6723
1 10368
1 14616
1 10908
1 11016
1 6813
1 3933
1 7821
1 3978
1 4689
1 9738
1 9180
1 9738
1 15876
1 15759
1 7353
1 3537
1 8235
1 7911
1 23688
1 9810
1 5247
1 9531
1 25434
1 4689
1 6345
1 5553
1 15660
1 6723
1 11016
1 15300
1 3501
1 5364
1 14256
1 9225
1 11718
1 11880
1 8091
1 6633
1 9738
1 5202
1 10206
1 9180
1 12348
1 9234
1 17568
1 3501
1 7200
1 15723
1 6723
1 7353
1 11466
1 25434
1 4905
1 13266
1 24642
1 5949
1 11961
1 5580
1 6993
1 22239
1 18324
1 3546
1 16371
1 17730
1 11016
1 16344
1 20160
1 4689
1 13905
1 21510
1 18324
1 14571
1 5994
1 5364
1 17541
1 5247
1 13905
1 9531
1 16992
1 16443
1 6768
1 6633
1 17730
1 16371
1 7506
1 23310
1 7353
1 24651
1 6606
1 7425
1 10908
1 5823
1 27513
1 7929
1 6345
1 10206
1 13905
1 11043
1 19962
1 23931
1 11718
1 5202
1 7425
1 17433
1 18693
1 14301
1 6345
1 14256
1 13905
1 5508
1 3933
1 7425
1 7830
1 11718
1 15723
1 6678
1 9900
1 20493
1 17433
1 14571
1 9783
1 3609
1 20160
1 15759
1 7209
1 5283
1 18324
1 24831
1 16209
1 9738
1 13851
1 10908
1 9216
1 12726
1 11718
1 5202
1 19602
1 16992
1 10908
1 11844
1 11016
1 17757
1 11466
1 7821
1 18531
1 5922
1 11844
1 5202
1 24498
1 11196
1 9855
1 7353
1 9180
1 11016
1 7866
1 18531
1 6723
1 7011
1 7929
1 5508
1 9900
1 11844
1 13905
1 6768
1 9180
1 17730
1 3978
1 7704
1 18693
1 15381
1 11673
1 3645
1 5283
1 9783
1 7425
1 5769
1 7821
1 6948
1 6723
1 16992
1 5751
1 3933
1 6606
1 7929
1 14301
1 7749
1 13950
1 9225
1 18279
1 3942
1 5994
1 3942
1 24930
1 7218
1 14256
1 31689
1 14211
1 9774
1 5346
1 17433
1 11718
1 24039
1 10287
1 10953
1 5742
1 14616
1 6948
1 5553
1 9783
1 5202
1 16443
1 5202
1 20763
1 11673
1 13905
1 12726
1 10791
1 3933
1 5346
1 12501
1 7911
1 11718
1 15714
1 9738
1 9531
1 11016
1 9783
1 10935
1 17541
1 17757
1 7866
1 3501
1 12726
1 17757
1 6768
1 6768
1 20493
1 15696
1 7821
1 7821
1 12708
1 11016
1 12330
1 11016
1 16668
1 14301
1 16416
1 14589
1 25578
1 10224
1 6723
1 20709
1 3987
1 6768
1 15813
1 7821
1 7218
1 13905
1 8091
1 9738
1 14301
1 3267
1 9180
1 7200
1 14931
1 7218
1 11043
1 15714
1 7245
1 5175
1 13707
1 4599
1 12726
1 7911
1 9531
1 13905
1 6633
1 7245
1 14256
1 5553
1 11889
1 6345
1 12501
1 4905
1 7911
1 15219
1 14076
1 6606
1 6768
1 4905
1 9918
1 9531
1 7425
1 7353
1 15363
1 8847
1 7425
1 3960
1 15678
1 11961
1 7425
1 19737
1 10224
1 5283
1 13878
1 14931
1 10908
1 7434
1 11043
1 11844
1 11016
1 16731
1 7425
1 16371
1 12681
1 9180
1 8550
1 6768
1 11016
1 5508
1 5769
1 7218
1 9216
1 6345
1 10287
1 5364
1 5364
1 5508
1 16416
1 4158
1 6669
1 5553
1 5364
1 10368
1 15723
1 3546
1 18324
1 5553
1 10206
1 16686
1 11718
1 15660
1 4644
1 8946
1 6948
1 9234
1 9180
1 7200
1 3933
1 11043
1 7254
1 16371
1 17433
1 7353
1 4689
1 3933
1 9855
1 10908
1 23976
1 4689
1 4689
1 9783
1 10863
1 4599
1 4905
1 9270
1 6345
1 6723
1 9873
1 18693
1 7353
1 7704
1 5553
1 18279
1 16731
1 11718
1 5994
1 10908
1 7929
1 5742
1 17829
1 9531
1 23373
1 5508
1 9531
1 7929
1 16443
1 14229
1 9783
1 10368
1 18531
1 14616
1 11718
1 5508
1 4905
1 6669
1 5814
1 16020
1 7353
1 7209
1 10224
1 16731
1 6723
1 4689
1 9216
1 9531
1 20997
1 11961
1 5508
1 6768
1 6345
1 9261
1 4482
1 11718
1 8910
1 11016
1 8091
1 6723
1 14571
1 14589
1 11718
1 11889
1 20493
1 11196
1 16425
1 4482
1 15660
1 3978
1 16416
1 11961
1 8883
1 23976
1 9180
1 5283
1 16605
1 7191
1 9855
1 17730
1 5508
1 16371
1 11511
1 6723
1 18108
1 16983
1 25641
1 16992
1 23832
1 14589
1 13950
1 5949
1 11718
1 6768
1 7425
1 10368
1 3546
1 16983
1 13266
1 11016
1 18360
1 5553
1 15759
1 8550
1 5994
1 9531
1 24309
1 14256
1 3879
1 3609
1 10908
1 9531
1 8046
1 7353
1 11016
1 12348
1 6723
1 10287
1 14310
1 17874
1 7218
1 7911
1 9855
1 5247
1 9531
1 18369
1 10224
1 16605
1 4644
1 11196
1 6948
1 10368
1 3429
1 7353
1 9216
1 5508
1 4644
1 4734
1 9180
1 16371
1 9225
1 3114
1 7713
1 13266
1 13851
1 7353
1 10224
1 11718
1 9783
1 5949
1 17730
1 18504
1 12753
1 17730
1 4689
1 7551
1 6633
1 9225
1 8235
1 4689
1 16605
1 5949
1 15714
1 14571
1 23886
1 9810
1 10818
1 17757
1 11196
1 5202
1 7353
1 12681
1 16227
1 18774
1 22140
1 7866
1 10818
1 11844
1 14256
1 9180
1 4599
1 4644
1 14841
1 10368
1 9531
1 10908
1 24930
1 21510
1 7173
1 4482
1 12681
1 17757
1 3978
1 10368
1 6948
1 15714
1 9783
1 4599
1 2511
1 4599
1 11241
1 9918
1 10935
1 9783
1 8127
1 13266
1 6633
1 6633
1 9963
1 7353
1 10368
1 4644
1 7245
1 7821
1 5364
1 10206
1 7425
1 17730
1 15831
1 11241
1 4644
1 4032
1 15660
1 6633
1 10818
1 12501
1 10368
1 7713
1 10818
1 7911
1 16371
1 7173
1 5814
1 7173
1 4734
1 5364
1 5553
1 10773
1 10368
1 3978
1 6768
1 8847
1 11718
1 4689
1 12501
1 7425
1 31707
1 5742
1 3780
1 7425
1 9900
1 9783
1 14571
1 10935
1 7245
1 15660
1 14571
1 17433
1 7425
1 4482
1 5553
1 9738
1 18774
1 8046
1 7434
1 4032
1 18360
1 7821
1 16209
1 16425
1 5553
1 9738
1 9180
1 5814
1 7821
1 24453
1 14571
1 15714
1 11925
1 11925
1 7911
1 3501
1 10368
1 5508
1 12348
1 7353
1 8046
1 6633
1 6768
1 5175
1 9261
1 16992
1 21510
1 16668
1 9783
1 7353
1 10791
1 5202
1 21510
1 5202
1 11196
1 23931
1 7164
1 6948
1 18108
1 6723
1 12330
1 8235
1 6606
1 5364
1 11718
1 5283
1 7821
1 14589
1 11844
1 17541
1 11016
1 10953
1 12726
1 11844
1 11718
1 10818
1 11889
1 3780
1 15660
1 8460
1 13905
1 6948
1 4644
1 2403
1 9738
1 16605
1 7488
1 17730
1 7929
1 15831
1 9216
1 20538
1 4905
1 17433
1 16605
1 16209
1 5922
1 11016
1 12348
1 4644
1 17775
1 6768
1 23580
1 3609
1 9180
1 15651
1 16344
1 10008
1 7911
1 8883
1 18108
1 15606
1 11961
1 3879
1 5508
1 16992
1 13266
1 6678
1 14616
1 6606
1 15714
1 7425
1 27612
1 11196
1 10368
1 7353
1 6768
1 22887
1 25254
1 5283
1 10908
1 7830
1 14571
1 12348
1 12726
1 16443
1 4023
1 17874
1 14256
1 9810
1 11718
1 5283
1 17874
1 10206
1 9918
1 11880
1 3609
1 16992
1 6345
1 16983
1 11196
1 6768
1 12501
1 16443
1 7353
1 23436
1 3384
1 15831
1 7353
1 8091
1 8127
1 22203
1 5994
1 9531
1 4599
1 7245
1 9531
1 4644
1 7425
1 5247
1 10368
1 10224
1 4689
1 6345
1 9783
1 7353
1 11043
1 11016
1 3690
1 7902
1 7218
1 6768
1 5508
1 24390
1 14211
1 10368
1 14589
1 9180
1 7200
1 10206
1 7911
1 18279
1 17874
1 12681
1 14256
1 8253
1 11043
1 10206
1 9531
1 16425
1 15714
1 10908
1 14256
1 11844
1 18369
1 12726
1 9531
1 23994
1 12285
1 7929
1 10791
1 4482
1 5553
1 16605
1 9900
1 19602
1 6633
1 5553
1 4599
1 5877
1 11196
1 9963
1 5175
1 17568
1 7911
1 5949
1 19602
1 12726
1 11241
1 17433
1 17982
1 12636
1 14301
1 14256
1 11016
1 7353
1 9180
1 4644
1 7929
1 7425
1 9288
1 8829
1 18279
1 14571
1 22185
1 17874
1 17874
1 5553
1 4644
1 13905
1 5769
1 12501
1 9531
1 18531
1 5508
1 7911
1 5769
1 17433
1 5553
1 7173
1 6768
1 10908
1 5364
1 23931
1 4302
1 3429
1 14256
1 9180
1 24021
1 9810
1 2484
1 6948
1 23994
1 3609
1 4599
1 15759
1 9225
1 24975
1 18108
1 7866
1 7704
1 11016
1 19098
1 9900
1 8136
1 16488
1 9531
1 7713
1 32571
1 10908
1 8460
1 3879
1 5508
1 7353
1 17433
1 9810
1 9738
1 11880
1 6606
1 28017
1 4032
1 15660
1 13878
1 6768
1 5922
1 7200
1 16425
1 5949
1 17262
1 21672
1 17262
1 7425
1 10980
1 4599
1 6723
1 8829
1 10818
1 23976
1 14589
1 24453
1 5247
1 14589
1 7749
1 11196
1 14256
1 16344
1 10368
1 7218
1 20493
1 18324
1 8091
1 5364
1 9180
1 12636
1 7353
1 28341
1 14256
1 9180
1 15723
1 4644
1 6993
1 11016
1 9180
1 7866
1 15759
1 7218
1 3501
1 4905
1 4644
1 5994
1 7749
1 12636
1 8829
1 7749
1 11889
1 9180
1 13707
1 24975
1 4968
1 11196
1 7821
1 13905
1 6723
1 13950
1 16326
1 6678
1 9531
1 2115
1 6768
1 18531
1 11889
1 7911
1 4644
1 10980
1 17874
1 6669
1 15174
1 9225
1 5742
1 10206
1 10368
1 4689
1 18279
1 7353
1 10935
1 6768
1 9738
1 7038
1 11718
1 5508
1 7713
1 11043
1 11196
1 9180
1 5553
1 15768
1 5202
1 5922
1 7425
1 23373
1 7911
1 10179
1 15768
1 10935
1 5508
1 5814
1 6192
1 8091
1 12681
1 17217
1 5283
1 6948
1 7353
1 16227
1 18693
1 7353
1 11016
1 6948
1 3942
1 10818
1 24390
1 3933
1 12501
1 10368
1 5814
1 11961
1 11016
1 22365
1 7173
1 9225
1 13905
1 16983
1 3933
1 6345
1 9216
1 18774
1 16992
1 11016
1 14301
1 14301
1 5769
1 3978
1 7425
1 7353
1 24930
1 6633
1 5364
1 6993
1 23715
1 8550
1 11016
1 9531
1 14931
1 5994
1 17730
1 12726
1 6633
1 5634
1 6345
1 8550
1 11718
1 4644
1 9180
1 11889
1 5364
1 4689
1 2934
1 9810
1 5364
1 5283
1 16371
1 4689
1 7218
1 9531
1 7911
1 6723
1 10935
1 10224
1 5508
1 9828
1 9531
1 8946
1 14301
1 4482
1 5202
1 11925
1 19602
1 5958
1 3942
1 17217
1 7353
1 9180
1 20160
1 7425
1 4905
1 10908
1 5877
1 5994
1 12681
1 12330
1 17757
1 17730
1 7713
1 14265
1 7353
1 17919
1 18531
1 5283
1 16605
1 3114
1 4410
1 17217
1 3645
1 9531
1 15813
1 7254
1 6669
1 7911
1 5922
1 9180
1 9531
1 22329
1 17730
1 25254
1 7911
1 9900
1 11718
1 9531
1 23310
1 6633
1 15660
1 15678
1 11718
1 9180
1 17730
1 17874
1 3942
1 9180
1 5364
1 10935
1 17433
1 11016
1 10368
1 10224
1 10368
1 5202
1 11673
1 15381
1 16371
1 11043
1 3384
1 10206
1 5994
1 10359
1 15300
1 4599
1 4689
1 4482
1 6345
1 15390
1 6345
1 8829
1 24102
1 17307
1 11880
1 17730
1 14571
1 9279
1 10224
1 9738
1 8883
1 20160
1 26649
1 7425
1 6345
1 14589
1 10818
1 5283
1 5994
1 4644
1 5247
1 11016
1 7866
1 12753
1 4644
1 11961
1 10818
1 17568
1 6768
1 8946
1 10206
1 5553
1 10953
1 6993
1 7425
1 5202
1 16371
1 8127
1 9855
1 18693
1 17757
1 7866
1 15660
1 10935
1 7821
1 17334
1 4644
1 2448
1 14256
1 14571
1 16992
1 4599
1 5364
1 5283
1 6993
1 18774
1 5742
1 6768
1 25560
1 14931
1 6678
1 10863
1 9738
1 7713
1 14850
1 24021
1 5508
1 14589
1 9180
1 5202
1 10368
1 10368
1 2448
1 6345
1 17217
1 10908
1 7911
1 6768
1 5553
1 9999
1 3942
1 10224
1 14589
1 5994
1 10224
1 14256
1 10368
1 16443
1 10368
1 19602
1 5247
1 16245
1 19602
1 10980
1 9738
1 9531
1 14589
1 25623
1 5760
1 4734
1 14076
1 7929
1 5202
1 5508
1 7353
1 5508
1 17217
1 9810
1 5202
1 10818
1 9738
1 4644
1 16209
1 5769
1 10368
1 7425
1 15660
1 5814
1 19719
1 11889
1 12726
1 7200
1 7425
1 25623
1 7821
1 9216
1 9261
1 9288
1 18693
1 8883
1 12348
1 9900
1 6723
1 23121
1 5283
1 7929
1 5508
1 15381
1 16317
1 5202
1 8829
1 5949
1 9738
1 7200
1 9738
1 13851
1 21789
1 13905
1 6093
1 6147
1 7911
1 20493
1 7425
1 7245
1 12348
1 5553
1 3546
1 9810
1 10908
1 3978
1 11196
1 5508
1 10818
1 25434
1 16371
1 8883
1 8091
1 14616
1 7425
1 9180
1 15300
1 6345
1 7245
1 18369
1 9810
1 6606
1 11718
1 7911
1 9531
1 7218
1 7353
1 4644
1 6669
1 23580
1 9918
1 9531
1 3429
1 5553
1 9180
1 14589
1 4158
1 9288
1 21510
1 9531
1 16443
1 4554
1 12726
1 17433
1 4023
1 9180
1 5553
1 6678
1 8136
1 15759
1 16371
1 12330
1 3690
1 21366
1 5769
1 9855
1 7911
1 9783
1 16362
1 4905
1 17829
1 18774
1 3546
1 18279
1 9738
1 20493
1 8829
1 5346
1 6768
1 14301
1 1629
1 3933
1 16992
1 6183
1 14850
1 5508
1 16605
1 11016
1 7911
1 12726
1 4482
1 15660
1 7911
1 10206
1 7254
1 16344
1 6768
1 12636
1 23310
1 5994
1 7713
1 6678
1 9180
1 15381
1 8550
1 8829
1 9738
1 7434
1 9225
1 11844
1 7200
1 14301
1 6345
1 6768
1 5508
1 11844
1 3645
1 9855
1 9225
1 19602
1 7353
1 17730
1 7911
1 5202
1 9738
1 6723
1 17433
1 11043
1 14589
1 12681
1 16344
1 5247
1 3114
1 7425
1 10980
1 7911
1 9180
1 4689
1 9531
1 11961
1 5553
1 23787
1 9900
1 9810
1 8082
1 9963
1 4689
1 16443
1 7353
1 8091
1 7218
1 15714
1 6948
1 5508
1 9900
1 7425
1 9810
1 7425
1 21366
1 9225
1 5922
1 18531
1 8091
1 12726
1 17262
1 14301
1 7911
1 23787
1 12726
1 2529
1 12726
1 5877
1 9225
1 12285
1 5994
1 11718
1 5769
1 29394
1 6633
1 7875
1 15831
1 11718
1 9180
1 5616
1 7425
1 14571
1 5283
1 14256
1 9531
1 9738
1 5814
1 12636
1 18819
1 7425
1 6768
1 10224
1 7911
1 7353
1 3933
1 6768
1 5346
1 14931
1 5949
1 5553
1 16344
1 12285
1 7929
1 9873
1 4689
1 12501
1 7911
1 5202
1 10368
1 5814
1 9531
1 6768
1 6633
1 7911
1 15678
1 17541
1 5508
1 17730
1 4905
1 7929
1 9783
1 16992
1 7353
1 9531
1 7353
1 7866
1 7200
1 9225
1 11961
1 6345
1 11016
1 24543
1 20493
1 14265
1 4689
1 17541
1 5508
1 4905
1 6345
1 18774
1 9216
1 5247
1 6768
1 18657
1 10908
1 9225
1 17829
1 5049
1 14850
1 11196
1 7353
1 7200
1 13905
1 6633
1 3546
1 10368
1 17541
1 9216
1 10908
1 5157
1 17388
1 6723
1 10368
1 2025
1 5202
1 18774
1 9531
1 6723
1 14256
1 16245
1 10998
1 6678
1 18531
1 12726
1 5508
1 6678
1 9531
1 3933
1 14616
1 7245
1 15381
1 5922
1 4599
1 15660
1 9738
1 6948
1 16983
1 11718
1 10935
1 14301
1 3933
1 3879
1 17829
1 14571
1 6345
1 6723
1 16317
1 15660
1 10206
1 5364
1 5553
1 7911
1 4905
1 5877
1 14211
1 17307
1 5283
1 16992
1 3690
1 18504
1 9261
1 8946
1 3735
1 19737
1 5508
1 18369
1 20160
1 15660
1 18324
1 16344
1 17433
1 5553
1 15381
1 22284
1 10908
1 3429
1 16227
1 9531
1 9297
1 29340
1 16488
1 21366
1 6633
1 3546
1 5508
1 26019
1 13950
1 5769
1 9720
1 5553
1 7353
1 23814
1 7911
1 6768
1 9783
1 9783
1 23787
1 3933
1 15876
1 6723
1 6768
1 24831
1 18108
1 7425
1 9783
1 4689
1 16605
1 5949
1 3933
1 7911
1 6768
1 18207
1 7353
1 5283
1 12726
1 17568
1 7821
1 14301
1 17307
1 9180
1 11196
1 5364
1 3987
1 18693
1 23373
1 14886
1 16443
1 6948
1 7218
1 21411
1 17730
1 7911
1 18360
1 23814
1 16983
1 16371
1 5283
1 9837
1 10368
1 11718
1 15759
1 6723
1 2484
1 5283
1 8235
1 9783
1 6606
1 4689
1 1944
1 12636
1 16209
1 10206
1 11961
1 24651
1 5508
1 6345
1 7425
1 12681
1 8829
1 17433
1 14256
1 7749
1 15300
1 28278
1 11880
1 3501
1 17829
1 4644
1 25641
1 4077
1 13905
1 9783
1 8181
1 7821
1 17730
1 4599
1 6723
1 16209
1 5616
1 7821
1 13275
1 13950
1 7218
1 9180
1 7911
1 10224
1 5769
1 15759
1 5949
1 5814
1 12501
1 9531
1 14076
1 11961
1 23391
1 3501
1 7353
1 5553
1 11961
1 16992
1 10908
1 9783
1 11889
1 4923
1 15381
1 16443
1 5283
1 9531
1 5922
1 9738
1 7425
1 4905
1 14211
1 6723
1 7353
1 3879
1 7425
1 7866
1 6768
1 24930
1 7911
1 14589
1 15660
1 3501
1 16605
1 6345
1 4644
1 9738
1 4401
1 5553
1 8091
1 11043
1 32778
1 9738
1 12681
1 9531
1 5202
1 9738
1 10773
1 27225
1 17433
1 9810
1 17388
1 5247
1 14571
1 16344
1 5508
1 15345
1 7245
1 14301
1 9918
1 4689
1 24435
1 5202
1 15723
1 4905
1 16983
1 9531
1 17730
1 6723
1 14616
1 9531
1 7254
1 18360
1 4599
1 10908
1 6669
1 7911
1 23994
1 15759
1 7911
1 9531
1 18324
1 18324
1 7911
1 9774
1 9531
1 6345
1 9216
1 3942
1 7749
1 4599
1 7200
1 6399
1 14211
1 17217
1 13905
1 15678
1 9783
1 6768
1 18279
1 6345
1 11718
1 9900
1 14571
1 8550
1 14571
1 12501
1 10908
1 22185
1 7353
1 9180
1 14301
1 12501
1 15714
1 5958
1 10368
1 4599
1 24453
1 13950
1 5553
1 18549
1 7911
1 4905
1 5922
1 7713
1 5949
1 14571
1 9900
1 7911
1 4689
1 3420
1 3609
1 7749
1 19962
1 5769
1 9216
1 7704
1 3933
1 9918
1 1872
1 9531
1 5508
1 3501
1 4356
1 8460
1 11043
1 10224
1 5508
1 6669
1 9810
1 9531
1 9783
1 9855
1 11718
1 6399
1 15876
1 5823
1 9180
1 9531
1 10224
1 6768
1 20160
1 9738
1 11961
1 9216
1 10980
1 10368
1 5508
1 14256
1 19602
1 11718
1 8190
1 5769
1 20655
1 17730
1 32652
1 11196
1 12330
1 17874
1 16776
1 10908
1 1917
1 3978
1 7425
1 14931
1 21366
1 9225
1 3780
1 4599
1 12726
1 23787
1 11718
1 9810
1 9261
1 12501
1 10287
1 9738
1 4905
1 16371
1 8091
1 7353
1 23310
1 9810
1 4644
1 9855
1 5553
1 7911
1 9855
1 7749
1 5634
1 17433
1 7353
1 5949
1 9180
1 5994
1 13266
1 27225
1 7821
1 18324
1 3960
1 21366
1 7353
1 16443
1 15255
1 5508
1 5247
1 6345
1 4644
1 5922
1 16443
1 9180
1 16983
1 14229
1 13950
1 11718
1 12726
1 6345
1 19602
1 14256
1 3501
1 14256
1 7218
1 7713
1 16983
1 5346
1 16605
1 12636
1 10980
1 5769
1 11961
1 15876
1 5994
1 3978
1 7821
1 11016
1 9180
1 21006
1 7353
1 3780
1 7425
1 14589
1 8910
1 6993
1 7866
1 29223
1 9216
1 9288
1 5508
1 5508
1 5508
1 25560
1 5661
1 6948
1 10368
1 23229
1 6948
1 5202
1 12636
1 14301
1 7749
1 11196
1 24975
1 4599
1 13851
1 6723
1 6669
1 4599
1 10368
1 5742
1 5508
1 14616
1 21510
1 9234
1 14886
1 17829
1 10908
1 16443
1 16326
1 16992
1 16371
1 9783
1 5553
1 7425
1 16884
1 7353
1 10224
1 23310
1 16731
1 23832
1 8829
1 11016
1 18369
1 4905
1 9531
1 4158
1 7425
1 9531
1 6723
1 16668
1 19044
1 5814
1 5508
1 6948
1 5247
1 13905
1 6678
1 6345
1 3546
1 10224
1 4644
1 23310
1 9738
1 5283
1 10980
1 3933
1 3987
1 3978
1 5922
1 6723
1 10368
1 18774
1 13851
1 13266
1 7911
1 16344
1 10773
1 9225
1 19719
1 16371
1 16227
1 19962
1 4905
1 12681
1 3690
1 9810
1 7911
1 16992
1 10908
1 17253
1 7425
1 10935
1 3546
1 7425
1 7911
1 9783
1 9837
1 6678
1 6471
1 5508
1 7425
1 24597
1 7911
1 7821
1 6669
1 18324
1 24498
1 16992
1 11925
1 9531
1 21636
1 5616
1 25641
1 10359
1 5202
1 10368
1 7911
1 15381
1 10935
1 10791
1 8136
1 29484
1 3609
1 9180
1 6948
1 6345
1 18513
1 9828
1 19737
1 10224
1 14841
1 17730
1 10206
1 18369
1 14364
1 11925
1 24930
1 10224
1 7713
1 14589
1 23787
1 17433
1 7713
1 9216
1 7353
1 6093
1 5202
1 7353
1 12285
1 24543
1 4599
1 7353
1 6768
1 23373
1 3546
1 14571
1 14931
1 7911
1 7425
1 16371
1 3645
1 15876
1 9531
1 7425
1 23310
1 24021
1 7353
1 27783
1 10818
1 19557
1 5202
1 4689
1 6669
1 23328
1 7425
1 13950
1 5283
1 16443
1 1872
1 10791
1 7218
1 6768
1 12681
1 13950
1 5922
1 7704
1 10368
1 3978
1 8046
1 10818
1 23121
1 6345
1 2601
1 7911
1 11718
1 14931
1 10206
1 5922
1 5202
1 7164
1 12636
1 4905
1 7488
1 3978
1 5364
1 8127
1 14256
1 14571
1 17874
1 6345
1 17829
1 13905
1 4905
1 7425
1 9810
1 13266
1 17757
1 21906
1 5508
1 5247
1 15660
1 4599
1 10908
1 9531
1 5508
1 5769
1 24651
1 17568
1 11241
1 16344
1 14301
1 3933
1 9783
1 12636
1 15660
1 10908
1 10368
1 6768
1 19602
1 11889
1 9234
1 14589
1 7821
1 17730
1 9963
1 5994
1 10206
1 11889
1 3501
1 12501
1 6948
1 7704
1 9531
1 8838
1 14301
1 7911
1 21411
1 23229
1 6768
1 4905
1 8136
1 3933
1 11718
1 25560
1 10773
1 11844
1 7173
1 11844
1 5202
1 6768
1 16443
1 14301
1 7929
1 22887
1 9810
1 7245
1 22347
1 7713
1 3609
1 11961
1 5742
1 6633
1 5580
1 11961
1 9180
1 16443
1 5364
1 9810
1 7713
1 11718
1 16992
1 14571
1 5202
1 7911
1 6723
1 17307
1 11889
1 16731
1 16992
1 4482
1 7425
1 5508
1 18324
1 11718
1 9180
1 5877
1 7821
1 7911
1 9531
1 18693
1 6345
1 9810
1 5508
1 5994
1 9180
1 9180
1 9531
1 19359
1 14850
1 10368
1 26910
1 7866
1 11196
1 16443
1 18504
1 15813
1 6768
1 12501
1 9783
1 5769
1 7911
1 10908
1 11673
1 16668
1 7353
1 14301
1 6678
1 17730
1 5922
1 20160
1 5202
1 9180
1 11016
1 29484
1 16245
1 4905
1 18324
1 14589
1 24102
1 6345
1 11925
1 14571
1 7353
1 11196
1 5247
1 8910
1 16371
1 25866
1 12501
1 10368
1 7173
1 11016
1 7173
1 10935
1 14616
1 5769
1 16776
1 4905
1 2403
1 12330
1 5949
1 7911
1 9432
1 14301
1 6948
1 5508
1 18324
1 10368
1 11718
1 10368
1 10287
1 7821
1 5508
1 6606
1 16344
1 5769
1 17730
1 3429
1 10818
1 6345
1 10368
1 10368
1 5994
1 11241
1 7425
1 8235
1 15714
1 5508
1 9783
1 7353
1 11961
1 12006
1 11016
1 17874
1 7434
1 9180
1 11421
1 6723
1 20493
1 10908
1 11718
1 10224
1 11196
1 9225
1 14571
1 11718
1 16416
1 5508
1 4032
1 11718
1 20493
1 15759
1 17829
1 14301
1 9180
1 15660
1 5949
1 16668
1 5742
1 20493
1 19728
1 7821
1 5202
1 10368
1 16362
1 21006
1 4644
1 23580
1 6147
1 9531
1 15678
1 11016
1 23121
1 14571
1 6948
1 11016
1 25848
1 6948
1 16992
1 14211
1 9855
1 16443
1 11718
1 6993
1 20808
1 14616
1 6768
1 12267
1 9810
1 5949
1 7821
1 10368
1 7353
1 3690
1 5508
1 3645
1 16731
1 6633
1 10368
1 14256
1 16443
1 9531
1 4482
1 23931
1 1872
1 4482
1 3933
1 17730
1 10368
1 10206
1 23787
1 16605
1 3915
1 7218
1 13266
1 15678
1 14616
1 7245
1 8460
1 11196
1 24975
1 9531
1 11718
1 4482
1 5634
1 6345
1 17982
1 3978
1 15660
1 9738
1 10206
1 16992
1 9531
1 5364
1 9180
1 9180
1 13221
1 15660
1 11961
1 18369
1 4644
1 9180
1 17757
1 12636
1 9855
1 15813
1 3114
1 14616
1 7200
1 5202
1 5508
1 5247
1 7911
1 11961
1 11961
1 9180
1 23310
1 7425
1 5202
1 16245
1 7353
1 14589
1 7704
1 7353
1 15651
1 9810
1 6768
1 7866
1 16443
1 8883
1 16371
1 15354
1 7713
1 3501
1 5364
1 14256
1 9738
1 14931
1 7821
1 9738
1 12285
1 11889
1 9810
1 16992
1 6345
1 7353
1 11043
1 14571
1 14328
1 6678
1 7821
1 3933
1 6723
1 23580
1 14211
1 9531
1 5994
1 11196
1 14256
1 15669
1 18693
1 6948
1 21366
1 24102
1 21510
1 11844
1 9747
1 5958
1 3267
1 9180
1 9855
1 6345
1 10224
1 9855
1 11961
1 9810
1 2979
1 6768
1 15831
1 5364
1 23832
1 9738
1 15678
1 9783
1 3933
1 7434
1 5949
1 7506
1 5769
1 6768
1 7830
1 14076
1 11961
1 9738
1 5175
1 16344
1 7425
1 23229
1 4599
1 5949
1 13950
1 13266
1 9531
1 10206
1 3690
1 11016
1 7353
1 10908
1 25425
1 14256
1 16227
1 11196
1 6723
1 6768
1 7173
1 11529
1 5922
1 16983
1 7911
1 21366
1 7749
1 7425
1 5508
1 18531
1 6768
1 12726
1 6633
1 16371
1 9783
1 9783
1 17874
1 5202
1 10206
1 18279
1 16443
1 8460
1 7911
1 9810
1 6345
1 9900
1 6345
1 5769
1 10791
1 7218
1 16443
1 7911
1 6768
1 5553
1 15759
1 6669
1 9531
1 6768
1 3735
1 4689
1 16227
1 5283
1 14589
1 16731
1 14571
1 10206
1 5508
1 13905
1 6606
1 14211
1 5283
1 3735
1 10368
1 5247
1 14256
1 4689
1 11718
1 9180
1 15660
1 11961
1 11196
1 3501
1 10908
1 8829
1 9180
1 6723
1 18819
1 5508
1 9810
1 6948
1 3546
1 12681
1 9180
1 20493
1 5877
1 4905
1 4644
1 16443
1 14211
1 6948
1 19719
1 14571
1 9738
1 15183
1 15660
1 12681
1 14301
1 8883
1 5202
1 4644
1 11196
1 14571
1 4689
1 10863
1 17874
1 9180
1 7821
1 4158
1 9738
1 6768
1 7425
1 5994
1 9216
1 4599
1 6678
1 5949
1 9810
1 14301
1 6768
1 11196
1 8946
1 9900
1 24039
1 12348
1 3978
1 9531
1 5553
1 5508
1 7353
1 16443
1 6678
1 14616
1 5553
1 5202
1 15300
1 3645
1 7245
1 10206
1 31401
1 23355
1 15660
1 14301
1 5508
1 10287
1 12330
1 6768
1 23787
1 24021
1 7425
1 9738
1 4689
1 9225
1 5202
1 6345
1 3942
1 5553
1 10368
1 11511
1 8091
1 9810
1 5508
1 20493
1 8883
1 10908
1 5553
1 9783
1 11718
1 5553
1 16344
1 14211
1 22365
1 18504
1 9810
1 7911
1 5202
1 5283
1 9783
1 11889
1 4401
1 15228
1 14301
1 6678
1 7821
1 9216
1 17262
1 5553
1 4644
1 5742
1 8136
1 9810
1 9531
1 3501
1 6471
1 5769
1 9180
1 7713
1 10791
1 14616
1 6768
1 5994
1 21321
1 6768
1 9180
1 15660
1 9531
1 4905
1 10206
1 20961
1 4644
1 7353
1 9531
1 10908
1 9216
1 9180
1 14949
1 3933
1 3690
1 7821
1 5202
1 10908
1 11961
1 16992
1 16416
1 9828
1 12681
1 7218
1 12501
1 9180
1 15228
1 7425
1 3690
1 7821
1 6948
1 15768
1 5508
1 13905
1 15660
1 18369
1 5922
1 15660
1 9738
1 9963
1 18324
1 11961
1 14931
1 10908
1 12501
1 3546
1 14571
1 5922
1 14589
1 13905
1 16605
1 12726
1 9810
1 10224
1 9225
1 3501
1 28899
1 16983
1 10908
1 23787
1 12330
1 15759
1 4752
1 7821
1 2160
1 16488
1 7200
1 9180
1 7911
1 26820
1 7245
1 7425
1 12285
1 9783
1 5949
1 2529
1 5247
1 23121
1 5508
1 9180
1 17757
1 9225
1 15759
1 11718
1 9810
1 27612
1 5553
1 15660
1 9180
1 14571
1 8910
1 3960
1 5922
1 10224
1 15381
1 9810
1 7173
1 12285
1 14616
1 16443
1 7506
1 15228
1 4599
1 18504
1 20088
1 19602
1 11574
1 9738
1 6345
1 11241
1 15876
1 3546
1 7866
1 22554
1 15651
1 5580
1 9288
1 10908
1 7218
1 14571
1 9531
1 1917
1 21510
1 2601
1 5949
1 11718
1 7353
1 8460
1 5202
1 9531
1 24930
1 15660
1 18324
1 9900
1 16605
1 6723
1 9225
1 10368
1 9180
1 3384
1 9261
1 15660
1 5994
1 10206
1 7713
1 9180
1 17217
1 8127
1 22428
1 8235
1 6678
1 6345
1 6768
1 14589
1 7713
1 6345
1 10908
1 9531
1 15354
1 6345
1 5949
1 7353
1 5616
1 8127
1 9180
1 7353
1 5769
1 20493
1 17730
1 9531
1 23589
1 5634
1 7821
1 15678
1 6948
1 12636
1 11016
1 6345
1 17433
1 10206
1 10818
1 7911
1 7353
1 19602
1 16605
1 7821
1 11196
1 5247
1 11844
1 7353
1 11043
1 10368
1 14571
1 9900
1 26865
1 9783
1 21510
1 7911
1 9783
1 14256
1 10863
1 18324
1 17307
1 5814
1 14949
1 14571
1 8235
1 9423
1 3501
1 11925
1 10863
1 6606
1 10935
1 7218
1 7353
1 15759
1 9900
1 9180
1 9738
1 6345
1 15813
1 7821
1 7200
1 11889
1 5553
1 3942
1 15678
1 17307
1 5742
1 15651
1 9531
1 10980
1 11241
1 8910
1 9810
1 9531
1 5508
1 7866
1 5283
1 5364
1 8046
1 3960
1 3933
1 5769
1 14949
1 5364
1 7245
1 5769
1 23589
1 10206
1 3429
1 7929
1 7425
1 20493
1 10179
1 6345
1 9882
1 9531
1 5364
1 9531
1 10791
1 3690
1 10368
1 6948
1 5553
1 5616
1 16992
1 6633
1 7713
1 5202
1 14211
1 11718
1 15300
1 9216
1 3609
1 6633
1 17730
1 14571
1 6723
1 10368
1 5202
1 7245
1 5202
1 18819
1 15714
1 11961
1 4599
1 4644
1 3501
1 9810
1 17262
1 10998
1 6345
1 16344
1 9180
1 22266
1 5508
1 9531
1 14616
1 7911
1 14616
1 14616
1 23580
1 11718
1 9531
1 10908
1 5994
1 5508
1 8550
1 5634
1 5202
1 3690
1 7425
1 4644
1 9783
1 5769
1 27567
1 9738
1 16245
1 6948
1 11718
1 8883
1 5202
1 4986
1 7749
1 6768
1 7425
1 15660
1 9963
1 4689
1 14571
1 6147
1 5202
1 4689
1 7911
1 10935
1 6948
1 5553
1 11889
1 3690
1 7749
1 8883
1 9531
1 12501
1 5949
1 20538
1 5949
1 5994
1 10818
1 21510
1 2115
1 3609
1 22365
1 7830
1 15660
1 7866
1 12330
1 11043
1 11718
1 15660
1 7353
1 25848
1 14571
1 5364
1 4689
1 7713
1 5364
1 6345
1 5508
1 10224
1 18531
1 15255
1 14589
1 7353
1 11718
1 23787
1 10773
1 4734
1 8127
1 16371
1 5247
1 7245
1 8046
1 2979
1 9900
1 3978
1 20493
1 14211
1 9783
1 8082
1 7425
1 11745
1 7713
1 11889
1 7245
1 8046
1 4644
1 9783
1 7353
1 13905
1 11961
1 16344
1 3114
1 11889
1 11043
1 14589
1 6948
1 9234
1 16209
1 5769
1 14571
1 11961
1 13851
1 7425
1 20493
1 6606
1 14166
1 7713
1 15831
1 5877
1 9531
1 10206
1 6345
1 7911
1 6723
1 28179
1 6678
1 3501
1 13905
1 22185
1 17730
1 4968
1 14301
1 11961
1 16362
1 9432
1 16668
1 10935
1 5202
1 14571
1 9531
1 16443
1 5508
1 5508
1 6669
1 23310
1 12501
1 6345
1 7425
1 5283
1 11745
1 10935
1 6948
1 8235
1 17433
1 10863
1 7245
1 11925
1 6723
1 7929
1 9810
1 5013
1 16443
1 3933
1 7911
1 12762
1 7911
1 22365
1 18324
1 8883
1 15876
1 15723
1 5742
1 5364
1 16416
1 23373
1 5202
1 6678
1 4023
1 10368
1 5922
1 9531
1 5508
1 11961
1 23589
1 23229
1 10368
1 7164
1 15381
1 15660
1 5364
1 17730
1 5949
1 23814
1 19719
1 8046
1 16344
1 3942
1 11673
1 9531
1 12636
1 23589
1 10224
1 5508
1 17433
1 18531
1 12636
1 14256
1 7821
1 17730
1 10818
1 12681
1 4905
1 8460
1 9783
1 7506
1 16209
1 16443
1 7929
1 6219
1 7866
1 5994
1 3501
1 9531
1 14589
1 12726
1 7821
1 23418
1 9783
1 19737
1 13950
1 13905
1 10818
1 8037
1 4689
1 5958
1 7821
1 5553
1 11718
1 9234
1 10368
1 7911
1 6678
1 4644
1 4689
1 5994
1 5616
1 5202
1 5508
1 9738
1 4644
1 27540
1 5508
1 4599
1 11889
1 11844
1 9810
1 4599
1 24543
1 3645
1 11925
1 5769
1 8082
1 3267
1 6633
1 9810
1 9810
1 6948
1 9738
1 14256
1 11673
1 17874
1 3933
1 7173
1 6768
1 15813
1 15660
1 13185
1 10773
1 23373
1 11745
1 7353
1 22887
1 14256
1 11718
1 13239
1 5958
1 16344
1 5949
1 11844
1 3609
1 5364
1 24975
1 7911
1 20160
1 15228
1 5769
1 11961
1 9216
1 11961
1 12330
1 9900
1 9180
1 9918
1 20493
1 6723
1 6948
1 7353
1 11718
1 5553
1 9531
1 11961
1 14301
1 9180
1 23931
1 11016
1 12636
1 10206
1 16731
1 17262
1 7821
1 6345
1 18369
1 9180
1 7749
1 9882
1 9180
1 12681
1 4599
1 4734
1 18504
1 9531
1 16443
1 10206
1 11673
1 11718
1 6723
1 9225
1 9783
1 6345
1 8190
1 19602
1 9810
1 3879
1 9810
1 6345
1 20259
1 21510
1 10206
1 6948
1 3501
1 15345
1 23310
1 8091
1 9810
1 10368
1 9918
1 6345
1 16416
1 5769
1 20151
1 8829
1 17568
1 10368
1 6345
1 13266
1 10368
1 9738
1 6633
1 20160
1 25641
1 9270
1 7218
1 9810
1 19737
1 5553
1 11043
1 6669
1 17307
1 10368
1 4023
1 14571
1 15813
1 14589
1 3690
1 11718
1 10206
1 11889
1 9531
1 15795
1 10908
1 3978
1 5508
1 7434
1 17433
1 26865
1 7434
1 7821
1 3933
1 3501
1 9855
1 5247
1 11961
1 14589
1 19737
1 15660
1 22140
1 9531
1 26649
1 15381
1 16209
1 7713
1 22536
1 16443
1 7929
1 14571
1 4644
1 11673
1 16443
1 10368
1 14589
1 9738
1 14211
1 16209
1 6768
1 14616
1 7866
1 9810
1 9225
1 16992
1 5769
1 18324
1 9225
1 7353
1 9216
1 12708
1 9180
1 3942
1 5553
1 16992
1 14571
1 11241
1 13905
1 20493
1 6723
1 7173
1 3960
1 5634
1 8046
1 6723
1 9216
1 5553
1 3978
1 4689
1 9531
1 19737
1 10269
1 3978
1 7425
1 13950
1 15678
1 9918
1 9738
1 3780
1 6345
1 14256
1 10935
1 24543
1 7173
1 16731
1 10368
1 6723
1 11961
1 7866
1 9855
1 6345
1 23832
1 5634
1 16992
1 15300
1 10791
1 16443
1 9180
1 11961
1 11718
1 8136
1 16362
1 9738
1 11889
1 12726
1 6723
1 9180
1 5508
1 12681
1 19134
1 14229
1 5202
1 6723
1 18369
1 12501
1 11196
1 19935
1 23436
1 29223
1 9225
1 15714
1 16731
1 7506
1 3879
1 15660
1 11961
1 6633
1 19674
1 11718
1 3312
1 16227
1 3933
1 11241
1 17874
1 7506
1 5157
1 5742
1 5553
1 7353
1 23832
1 8829
1 16245
1 7866
1 17433
1 3420
1 8046
1 11718
1 10935
1 5508
1 7821
1 9810
1 15381
1 14571
1 16983
1 10206
1 18657
1 18360
1 5994
1 10908
1 9225
1 9900
1 7173
1 14931
1 14211
1 7506
1 6678
1 19359
1 9180
1 7353
1 11718
1 4644
1 9225
1 9531
1 9783
1 7749
1 5769
1 5364
1 6723
1 26019
1 3537
1 13905
1 7866
1 5634
1 14211
1 14211
1 7713
1 13275
1 21510
1 7911
1 11961
1 5553
1 5310
1 3384
1 8649
1 14256
1 23994
1 9531
1 6345
1 3879
1 9900
1 3546
1 9783
1 14256
1 9810
1 3429
1 7425
1 12330
1 8649
1 5508
1 10206
1 16371
1 9810
1 18360
1 8883
1 6768
1 6345
1 8091
1 8091
1 18531
1 11241
1 5202
1 7704
1 7911
1 3942
1 5202
1 7254
1 5202
1 6606
1 10224
1 6345
1 6768
1 16983
1 10206
1 7245
1 5508
1 9225
1 9783
1 11196
1 12636
1 14301
1 14328
1 10980
1 18369
1 11718
1 7821
1 5949
1 4905
1 3645
1 15606
1 16344
1 6345
1 22374
1 3879
1 25623
1 9810
1 6768
1 9225
1 6768
1 5769
1 14931
1 6345
1 5247
1 5508
1 4482
1 10368
1 15381
1 9783
1 4356
1 7353
1 23310
1 6768
1 6723
1 4905
1 9810
1 7821
1 3357
1 5202
1 7929
1 12681
1 7911
1 12348
1 10206
1 4356
1 6813
1 27612
1 5202
1 12330
1 7929
1 12636
1 9918
1 3933
1 6723
1 9225
1 3933
1 16983
1 16227
1 5283
1 7353
1 11718
1 11196
1 5202
1 9918
1 19719
1 14886
1 6345
1 23121
1 7353
1 11961
1 20160
1 17757
1 5949
1 10224
1 16443
1 5202
1 5364
1 14256
1 5508
1 11718
1 3933
1 11043
1 11880
1 5760
1 16983
1 23886
1 15300
1 7245
1 11718
1 5751
1 5553
1 5202
1 15714
1 4482
1 5508
1 8946
1 14616
1 17541
1 19737
1 3960
1 10224
1 5508
1 7425
1 5814
1 16443
1 20151
1 9180
1 9531
1 16983
1 4401
1 17829
1 11016
1 10206
1 17217
1 5202
1 17829
1 9531
1 3384
1 7353
1 24642
1 8550
1 19737
1 15660
1 21366
1 6345
1 11961
1 8838
1 8946
1 9180
1 23832
1 12501
1 9810
1 18693
1 5364
1 26604
1 5994
1 7353
1 9783
1 9531
1 7353
1 6768
1 20493
1 11718
1 5769
1 11889
1 23814
1 3933
1 11844
1 9216
1 9225
1 15255
1 4644
1 12501
1 7911
1 4923
1 7218
1 17829
1 14301
1 10935
1 5175
1 11844
1 9900
1 13905
1 10206
1 3429
1 17829
1 4554
1 11961
1 17568
1 3933
1 8946
1 18693
1 4599
1 7911
1 7821
1 18369
1 7164
1 7434
1 5202
1 21510
1 14211
1 16443
1 14211
1 16344
1 5508
1 11043
1 16731
1 3546
1 6723
1 7551
1 8037
1 14310
1 23121
1 14616
1 21006
1 3267
1 17730
1 3609
1 9810
1 5949
1 14265
1 14211
1 9738
1 6678
1 11718
1 17541
1 18531
1 12636
1 16371
1 5283
1 6768
1 16371
1 10287
1 7911
1 16326
1 17829
1 15300
1 19737
1 9180
1 6723
1 5364
1 14931
1 17757
1 11718
1 9531
1 5949
1 11718
1 13905
1 4689
1 14301
1 9180
1 9531
1 6345
1 5553
1 7200
1 7911
1 6678
1 10935
1 10368
1 18819
1 11016
1 12348
1 27540
1 6678
1 24102
1 18324
1 3645
1 9531
1 9180
1 7866
1 16488
1 8550
1 11718
1 14301
1 7713
1 16344
1 7425
1 7704
1 6723
1 4644
1 3933
1 9216
1 7704
1 9180
1 14931
1 6345
1 7911
1 9531
1 10908
1 11718
1 12285
1 7821
1 7911
1 20160
1 9531
1 7353
1 7173
1 5283
1 18693
1 5949
1 5283
1 6633
1 11844
1 7245
1 14616
1 16983
1 10368
1 14355
1 5922
1 7425
1 6345
1 11925
1 15876
1 20160
1 5508
1 16992
1 14616
1 4689
1 12348
1 29484
1 16344
1 11961
1 16443
1 12285
1 6768
1 7911
1 11241
1 4905
1 11016
1 12708
1 9531
1 8190
1 10368
1 9810
1 7713
1 11718
1 12636
1 6768
1 26865
1 2601
1 3933
1 6948
1 17829
1 9900
1 18324
1 16416
1 10818
1 20808
1 6345
1 5508
1 13266
1 7353
1 5760
1 6678
1 11961
1 6723
1 14589
1 10206
1 11961
1 17307
1 14256
1 6768
1 3609
1 5742
1 5202
1 10206
1 21510
1 14616
1 9783
1 8460
1 6948
1 6678
1 10908
1 5283
1 9900
1 5364
1 9180
1 6768
1 14616
1 11961
1 23580
1 23787
1 3609
1 6723
1 16245
1 9180
1 9900
1 9810
1 5508
1 5283
1 5553
1 9180
1 7245
1 7254
1 17433
1 10206
1 14301
1 5949
1 8235
1 9882
1 12348
1 9783
1 4905
1 12501
1 14301
1 3933
1 5508
1 23589
1 9531
1 6345
1 5769
1 7911
1 16443
1 4689
1 9738
1 7425
1 15876
1 5994
1 5247
1 7911
1 36909
1 10980
1 17730
1 10773
1 4032
1 9702
1 8127
1 12348
1 6768
1 7353
1 15678
1 12348
1 13878
1 5202
1 3735
1 9225
1 23994
1 5949
1 14931
1 8829
1 7353
1 10368
1 6993
1 7245
1 9810
1 11043
1 6345
1 15723
1 11016
1 15300
1 11718
1 11043
1 15660
1 22140
1 23436
1 3609
1 7353
1 8865
1 23436
1 9180
1 11196
1 10206
1 14256
1 24021
1 8046
1 18756
1 6768
1 9261
1 12897
1 23373
1 9855
1 10206
1 7713
1 9810
1 8910
1 7209
1 6768
1 5508
1 6345
1 3780
1 12501
1 10206
1 3879
1 4905
1 14256
1 17433
1 9918
1 6345
1 18324
1 9180
1 9180
1 7353
1 10206
1 16992
1 12501
1 14211
1 5553
1 17757
1 4401
1 8253
1 18279
1 7434
1 16443
1 4644
1 7821
1 9225
1 9531
1 5508
1 9225
1 7353
1 18369
1 5553
1 10863
1 19737
1 5553
1 7425
1 14616
