1 13563
1 12888
1 16290
1 5346
1 13680
1 14625
1 12978
1 9045
1 14328
1 8892
1 8640
1 4941
1 5247
1 14463
1 6210
1 14526
1 13608
1 10926
1 16308
1 12987
1 10539
1 18369
1 15525
1 10620
1 9864
1 6237
1 14193
1 5877
1 10530
1 10278
1 12330
1 9288
1 8730
1 11430
1 12159
1 10368
1 5976
1 11394
1 10017
1 8388
1 11745
1 16830
1 10638
1 9342
1 10170
1 11160
1 8496
1 9135
1 12015
1 3348
1 2439
1 11061
1 19899
1 12717
1 9153
1 11673
1 9207
1 5625
1 6327
1 3042
1 8487
1 14049
1 8001
1 16812
1 15372
1 3807
1 7074
1 6174
1 14112
1 6885
1 8361
1 16479
1 4167
1 16533
1 2817
1 16236
1 9225
1 6858
1 7866
1 13374
1 4077
1 7344
1 10701
1 7884
1 13959
1 11574
1 9054
1 12528
1 6462
1 2358
1 14004
1 4158
1 6174
1 11088
1 9603
1 15165
1 7389
1 10773
1 9990
1 9342
1 6975
1 10440
1 24822
1 2367
1 16605
1 9792
1 7101
1 6471
1 10269
1 9585
1 5283
1 10386
1 17739
1 7749
1 5625
1 10566
1 3762
1 19683
1 7038
1 3816
1 14490
1 6705
1 15048
1 3969
1 20448
1 7749
1 5940
1 15345
1 6462
1 14022
1 9621
1 18792
1 16884
1 17991
1 12294
1 9000
1 19017
1 9783
1 4167
1 17955
1 11628
1 16128
1 19107
1 5976
1 8028
1 7056
1 13122
1 25542
1 7803
1 12078
1 15669
1 7848
1 9936
1 6570
1 10152
1 13590
1 9324
1 11196
1 12798
1 14022
1 9099
1 15669
1 20358
1 12024
1 8775
1 11124
1 11304
1 7245
1 5562
1 17019
1 14364
1 10620
1 4896
1 5895
1 10467
1 12024
1 4995
1 8811
1 12447
1 16020
1 20376
1 18054
1 15003
1 7137
1 6399
1 7506
1 10818
1 7947
1 10080
1 8892
1 10665
1 12402
1 10548
1 7605
1 16038
1 10269
1 7542
1 21339
1 9882
1 8145
1 15633
1 13374
1 12339
1 3987
1 5535
1 15516
1 3843
1 13383
1 11421
1 10629
1 4716
1 8964
1 13554
1 15399
1 12564
1 14589
1 14436
1 9648
1 8694
1 16641
1 16902
1 8703
1 9468
1 8631
1 21735
1 6732
1 5418
1 12195
1 14085
1 13392
1 14247
1 23769
1 7704
1 8064
1 12969
1 5418
1 8478
1 17541
1 8739
1 20727
1 5715
1 7803
1 11070
1 14895
1 8919
1 11178
1 3771
1 5688
1 8460
1 17784
1 6129
1 10620
1 6714
1 8784
1 3744
1 7839
1 15633
1 16884
1 9828
1 10629
1 13662
1 8514
1 4932
1 6480
1 11187
1 9297
1 9423
1 15624
1 9558
1 7146
1 14130
1 6867
1 11961
1 9567
1 10242
1 18774
1 15759
1 14094
1 10710
1 7560
1 7965
1 5481
1 15687
1 3987
1 3987
1 7947
1 10953
1 12321
1 15480
1 16551
1 7740
1 10053
1 12411
1 5202
1 6264
1 6660
1 13644
1 7875
1 10755
1 5553
1 6687
1 19053
1 8361
1 9585
1 9027
1 7452
1 8586
1 11754
1 5436
1 5364
1 9648
1 8874
1 6354
1 12870
1 12159
1 9162
1 11250
1 5913
1 4788
1 10395
1 9297
1 10224
1 10071
1 13428
1 6210
1 17982
1 14112
1 10080
1 10611
1 4995
1 9225
1 4923
1 6147
1 11736
1 6732
1 20529
1 9945
1 14886
1 6246
1 14211
1 8883
1 6804
1 8136
1 11862
1 11619
1 3078
1 7866
1 16398
1 9567
1 9513
1 12195
1 8676
1 15966
1 13401
1 7857
1 6480
1 8271
1 7398
1 17874
1 9360
1 19242
1 8829
1 5427
1 12735
1 6732
1 9477
1 8190
1 5832
1 4455
1 12555
1 11052
1 6192
1 14076
1 13671
1 6246
1 8919
1 11142
1 9801
1 15723
1 14121
1 24669
1 4275
1 4761
1 5643
1 8757
1 6867
1 5922
1 18099
1 14958
1 7029
1 7569
1 6129
1 6282
1 5301
1 9792
1 4464
1 9846
1 18504
1 8685
1 9810
1 12249
1 8100
1 5958
1 9729
1 4959
1 12924
1 8802
1 17217
1 15975
1 4527
1 8613
1 11340
1 10449
1 5994
1 11097
1 12906
1 18990
1 11889
1 13554
1 8334
1 20007
1 13095
1 7839
1 5652
1 15408
1 6147
1 9576
1 20835
1 9612
1 6642
1 12384
1 9954
1 4752
1 7137
1 24138
1 4077
1 9072
1 3645
1 9756
1 17874
1 12015
1 8253
1 11835
1 4230
1 5364
1 7047
1 9855
1 6489
1 8910
1 15210
1 9432
1 7047
1 6021
1 6768
1 5850
1 3942
1 4743
1 19719
1 7965
1 5976
1 5895
1 16893
1 6165
1 18990
1 9054
1 11421
1 10143
1 7713
1 13158
1 10062
1 14976
1 11844
1 8379
1 7461
1 10062
1 7029
1 4482
1 11421
1 14076
1 8172
1 11637
1 4410
1 18693
1 7065
1 14094
1 19242
1 4014
1 11079
1 3087
1 6921
1 6030
1 6768
1 14742
1 5022
1 10287
1 11520
1 6597
1 18873
1 6309
1 6849
1 9099
1 13113
1 3564
1 6831
1 5445
1 11088
1 9180
1 10863
1 12591
1 12312
1 13572
1 11448
1 9810
1 14652
1 7011
1 11628
1 11151
1 3096
1 8136
1 7911
1 16101
1 7038
1 15570
1 8226
1 9873
1 14184
1 6741
1 10188
1 6975
1 6399
1 8325
1 15903
1 4356
1 7263
1 6552
1 14895
1 12465
1 12123
1 9702
1 7884
1 8676
1 11988
1 1800
1 9225
1 9018
1 5463
1 10701
1 11169
1 15588
1 6471
1 5760
1 4707
1 18333
1 6102
1 10926
1 11520
1 4761
1 4365
1 5895
1 8523
1 19278
1 18477
1 1512
1 11601
1 8793
1 14598
1 15840
1 14220
1 6354
1 10188
1 6930
1 9963
1 13122
1 16290
1 11439
1 21366
1 8109
1 12258
1 13194
1 4059
1 9999
1 7047
1 10692
1 13248
1 18072
1 9171
1 11916
1 9207
1 15174
1 6957
1 12780
1 7902
1 10116
1 13446
1 7731
1 11664
1 14760
1 16713
1 7218
1 5796
1 14814
1 10773
1 10197
1 8523
1 8523
1 7326
1 20142
1 7641
1 9351
1 7263
1 15516
1 5535
1 5121
1 5157
1 10314
1 8811
1 11601
1 10440
1 12078
1 28071
1 1980
1 7245
1 6237
1 5472
1 12087
1 14175
1 10197
1 10179
1 13050
1 8532
1 13068
1 11286
1 14517
1 7299
1 4770
1 5022
1 10341
1 15498
1 11583
1 3267
1 14913
1 4590
1 10359
1 14877
1 8136
1 4023
1 9351
1 17793
1 17523
1 10530
1 8046
1 10449
1 15867
1 5562
1 14094
1 12906
1 4635
1 8226
1 10197
1 8415
1 11484
1 10530
1 5931
1 7686
1 5283
1 10629
1 10818
1 11835
1 8325
1 4581
1 6174
1 10017
1 12357
1 7794
1 4203
1 5202
1 3996
1 6813
1 9720
1 6759
1 6012
1 5274
1 11394
1 14814
1 13068
1 5319
1 12636
1 9576
1 10413
1 5895
1 13617
1 7452
1 14832
1 13977
1 20340
1 22914
1 6318
1 10296
1 6003
1 4950
1 6093
1 7173
1 7596
1 10413
1 10134
1 3222
1 5967
1 3978
1 8109
1 11520
1 15939
1 6237
1 18819
1 11871
1 14139
1 19170
1 22176
1 11754
1 17136
1 13599
1 5958
1 10359
1 5868
1 7209
1 8415
1 8505
1 6525
1 13518
1 7803
1 21087
1 6363
1 11079
1 6345
1 9171
1 5535
1 14076
1 8253
1 5787
1 7794
1 8316
1 9351
1 3375
1 6426
1 8271
1 14958
1 3681
1 6633
1 8883
1 14202
1 10620
1 14049
1 15255
1 19485
1 7524
1 19125
1 20322
1 13824
1 3753
1 9486
1 11466
1 6966
1 6912
1 10611
1 5319
1 16164
1 6597
1 9450
1 10665
1 7848
1 13590
1 13923
1 12564
1 10485
1 12456
1 9405
1 8820
1 7902
1 5229
1 12492
1 12267
1 9027
1 15930
1 10440
1 11907
1 12132
1 7974
1 6291
1 13536
1 7524
1 6741
1 3510
1 11061
1 18387
1 12438
1 9882
1 11367
1 7524
1 13860
1 12312
1 7470
1 3564
1 8973
1 8559
1 8964
1 11331
1 5697
1 9378
1 19548
1 4779
1 10530
1 5013
1 16326
1 20934
1 6696
1 13095
1 3987
1 6093
1 14886
1 2358
1 15372
1 7146
1 3816
1 11808
1 6201
1 8145
1 11934
1 19350
1 9342
1 8109
1 5112
1 6570
1 13896
1 14157
1 4806
1 9513
1 2844
1 7191
1 16209
1 4797
1 6525
1 11142
1 4806
1 12609
1 2358
1 13797
1 6417
1 12663
1 7605
1 16182
1 8064
1 8586
1 17559
1 6120
1 9522
1 5382
1 11421
1 8379
1 11358
1 13230
1 18684
1 5463
1 7308
1 3654
1 5049
1 13428
1 12762
1 6021
1 15444
1 12582
1 9720
1 11682
1 7119
1 17001
1 13932
1 6273
1 12888
1 4779
1 11718
1 9108
1 17091
1 12537
1 13239
1 9315
1 7389
1 15579
1 7488
1 7794
1 17118
1 5409
1 10989
1 21483
1 21996
1 5562
1 10251
1 7047
1 6444
1 5328
1 6759
1 7794
1 4761
1 12438
1 18549
1 6354
1 5229
1 14652
1 9981
1 25983
1 14301
1 6048
1 15048
1 13077
1 20430
1 3438
1 11979
1 8982
1 12330
1 3591
1 13491
1 18540
1 10341
1 11178
1 5274
1 5751
1 15633
1 6696
1 22122
1 11178
1 4086
1 10467
1 2754
1 17748
1 11178
1 10746
1 6399
1 5094
1 20241
1 14544
1 5931
1 5382
1 7695
1 20727
1 16137
1 10386
1 3591
1 8325
1 3915
1 5292
1 7056
1 7209
1 7839
1 12654
1 5310
1 7056
1 6354
1 7893
1 11223
1 8343
1 7875
1 18252
1 14850
1 7506
1 10818
1 8271
1 8316
1 11268
1 7434
1 13770
1 16992
1 12087
1 14274
1 16470
1 18099
1 7515
1 3672
1 9063
1 4176
1 11439
1 8361
1 5589
1 9351
1 4392
1 13842
1 6057
1 15768
1 3519
1 5823
1 7173
1 3411
1 12339
1 6984
1 11754
1 7839
1 16290
1 3843
1 9009
1 5418
1 11547
1 9333
1 6912
1 8100
1 9936
1 19566
1 13923
1 3510
1 15273
1 6399
1 8217
1 10881
1 11448
1 10557
1 5508
1 10953
1 9162
1 7083
1 5976
1 11763
1 13671
1 8181
1 8325
1 13932
1 5472
1 5778
1 6975
1 11178
1 3789
1 11079
1 6480
1 9468
1 5013
1 29232
1 7335
1 10251
1 17136
1 4077
1 5688
1 7110
1 6237
1 8604
1 11412
1 13158
1 5472
1 12960
1 27585
1 11376
1 6057
1 5202
1 10341
1 10089
1 13842
1 3564
1 10845
1 19008
1 15642
1 11943
1 5931
1 9594
1 7389
1 7596
1 8460
1 11214
1 11826
1 5049
1 4509
1 7020
1 5211
1 10584
1 8388
1 4176
1 8343
1 10431
1 10125
1 14166
1 9045
1 5103
1 12150
1 6633
1 9000
1 11133
1 5877
1 16155
1 6588
1 11817
1 19647
1 7812
1 6903
1 7830
1 4680
1 6471
1 9963
1 12771
1 6606
1 9468
1 11529
1 5895
1 13383
1 4896
1 11601
1 15264
1 6705
1 4941
1 12060
1 14859
1 15588
1 12735
1 6381
1 12375
1 14751
1 9135
1 10944
1 10341
1 21141
1 9756
1 23166
1 19206
1 11637
1 15102
1 6192
1 7209
1 8649
1 8532
1 7569
1 5364
1 17217
1 19026
1 5985
1 2682
1 13005
1 10557
1 27459
1 11223
1 9576
1 14823
1 17712
1 6417
1 7983
1 8496
1 13185
1 2268
1 11178
1 16011
1 9549
1 4068
1 6093
1 17721
1 10332
1 3591
1 15102
1 9675
1 5103
1 8154
1 18675
1 7920
1 13545
1 8775
1 11178
1 1548
1 11322
1 19818
1 6030
1 5661
1 12078
1 7785
1 10575
1 3789
1 6984
1 11619
1 13698
1 11736
1 12258
1 4473
1 7803
1 10422
1 4950
1 16128
1 5445
1 15633
1 14499
1 8505
1 1305
1 9765
1 24237
1 15624
1 3843
1 3987
1 7083
1 9864
1 3996
1 4302
1 11187
1 14220
1 5778
1 6462
1 8298
1 12969
1 26739
1 10260
1 8964
1 8424
1 16821
1 13698
1 10584
1 6957
1 5895
1 8172
1 6597
1 4725
1 16695
1 9387
1 4653
1 9972
1 10899
1 14175
1 17046
1 17433
1 5598
1 9297
1 9576
1 18495
1 11268
1 15768
1 12015
1 8316
1 14094
1 12699
1 7560
1 3870
1 32031
1 5211
1 13338
1 14616
1 16479
1 10485
1 8136
1 14535
1 5373
1 13527
1 5958
1 6507
1 18351
1 10341
1 6057
1 5976
1 10773
1 8793
1 3969
1 8037
1 5616
1 8811
1 3528
1 6561
1 4014
1 6174
1 15309
1 11664
1 15381
1 15264
1 14769
1 2034
1 13536
1 11043
1 15444
1 13410
1 7605
1 6615
1 10008
1 15903
1 6309
1 12816
1 14292
1 4356
1 25344
1 14283
1 20844
1 19944
1 13185
1 16380
1 17847
1 8037
1 8136
1 13455
1 3879
1 9981
1 11070
1 8712
1 9531
1 24246
1 12483
1 14616
1 13383
1 6840
1 7884
1 9117
1 15516
1 11592
1 3420
1 15039
1 6678
1 12303
1 12717
1 7479
1 5130
1 5373
1 9288
1 12501
1 18270
1 11448
1 15183
1 7893
1 12492
1 5751
1 14850
1 6300
1 10197
1 6768
1 15975
1 8280
1 10827
1 13050
1 14715
1 4509
1 10899
1 7695
1 12681
1 17622
1 12762
1 14346
1 5292
1 8010
1 6111
1 16002
1 14643
1 9765
1 6228
1 12672
1 10602
1 10899
1 8073
1 9477
1 10071
1 8991
1 4320
1 5751
1 8082
1 16470
1 13734
1 8046
1 10575
1 5796
1 10881
1 7551
1 11547
1 17559
1 7704
1 17316
1 4068
1 8559
1 15822
1 11790
1 7731
1 11250
1 7380
1 7398
1 10467
1 2547
1 3834
1 17271
1 11484
1 12816
1 4347
1 6372
1 16722
1 7875
1 7011
1 8901
1 4617
1 11538
1 12816
1 15372
1 5391
1 6003
1 5049
1 13770
1 13059
1 7245
1 7299
1 11763
1 15111
1 8415
1 12222
1 12600
1 14562
1 6822
1 8172
1 17325
1 10629
1 9621
1 4752
1 14850
1 22617
1 5805
1 11610
1 13581
1 4698
1 8109
1 13176
1 13338
1 12969
1 4500
1 10593
1 9792
1 7389
1 10953
1 6273
1 10440
1 13149
1 9648
1 5751
1 7551
1 11448
1 8226
1 8559
1 8559
1 15255
1 10773
1 9324
1 5733
1 6876
1 8154
1 7578
1 6381
1 10062
1 18036
1 4599
1 6741
1 13761
1 4734
1 11007
1 10908
1 8631
1 10044
1 8937
1 12951
1 6597
1 13995
1 7569
1 7857
1 3843
1 18918
1 9396
1 7938
1 9990
1 6813
1 10926
1 5103
1 10404
1 9270
1 12186
1 15984
1 15075
1 15435
1 6660
1 6444
1 19557
1 7191
1 5958
1 13563
1 6156
1 3051
1 15642
1 5238
1 12906
1 3330
1 10125
1 3987
1 11808
1 5157
1 13770
1 6417
1 8352
1 5652
1 12636
1 16299
1 11115
1 9252
1 10836
1 7056
1 11385
1 5562
1 10791
1 13149
1 6723
1 10647
1 8298
1 9396
1 9324
1 7308
1 13014
1 7983
1 15822
1 12195
1 5778
1 14886
1 7434
1 11250
1 17685
1 28179
1 21303
1 16218
1 12447
1 7911
1 12060
1 13095
1 8883
1 19917
1 7632
1 16317
1 14337
1 8829
1 7947
1 8154
1 15318
1 11790
1 10089
1 6894
1 14751
1 9756
1 11745
1 5562
1 11232
1 11601
1 8280
1 16146
1 12402
1 9567
1 8685
1 12348
1 8667
1 6489
1 10215
1 10431
1 3609
1 11673
1 10800
1 7686
1 12294
1 3564
1 7317
1 14139
1 6228
1 4977
1 11322
1 9765
1 10800
1 6345
1 17847
1 15867
1 7731
1 10926
1 16065
1 4131
1 10737
1 11115
1 12303
1 12735
1 10575
1 12186
1 11340
1 21834
1 8271
1 13041
1 3519
1 35676
1 8946
1 3591
1 6462
1 9036
1 14220
1 9738
1 9801
1 17217
1 6957
1 14391
1 9882
1 15696
1 19143
1 17226
1 10152
1 4113
1 9873
1 13113
1 9315
1 9288
1 14436
1 7857
1 6165
1 12879
1 11691
1 6183
1 10080
1 7452
1 7371
1 14328
1 5535
1 4005
1 13365
1 6714
1 12933
1 14688
1 9225
1 11277
1 7164
1 7344
1 7317
1 13689
1 12483
1 6021
1 11403
1 8487
1 15282
1 2457
1 13203
1 16020
1 10413
1 10107
1 10494
1 8190
1 5670
1 8739
1 11592
1 16731
1 10665
1 14436
1 19467
1 9090
1 5679
1 16443
1 11430
1 11376
1 13041
1 14976
1 17199
1 13536
1 11574
1 7092
1 13293
1 13401
1 6993
1 5184
1 6867
1 11052
1 11952
1 6525
1 5580
1 10044
1 5958
1 12123
1 14949
1 17253
1 6390
1 12438
1 9891
1 6138
1 13455
1 7722
1 12888
1 22266
1 19485
1 10098
1 14706
1 9990
1 13617
1 11403
1 9540
1 10476
1 12699
1 10512
1 9657
1 4743
1 19575
1 11079
1 18477
1 3870
1 9522
1 10701
1 5607
1 14760
1 6561
1 9369
1 11790
1 10314
1 10323
1 13248
1 18846
1 10197
1 15345
1 19593
1 15714
1 11961
1 7470
1 6237
1 24084
1 12843
1 15822
1 6552
1 16137
1 12960
1 8316
1 9450
1 17712
1 6957
1 3168
1 8055
1 10332
1 8640
1 5796
1 15237
1 17964
1 5598
1 8091
1 12942
1 9108
1 11610
1 5112
1 7272
1 5769
1 9054
1 5211
1 17082
1 9162
1 6246
1 4887
1 11277
1 13509
1 7956
1 10197
1 8883
1 8559
1 12951
1 3303
1 11556
1 11844
1 6120
1 10692
1 7398
1 6255
1 18117
1 14256
1 7425
1 11880
1 5760
1 7506
1 22995
1 14103
1 4437
1 7344
1 9918
1 8127
1 20880
1 10809
1 7344
1 17379
1 7902
1 21447
1 12429
1 4437
1 11754
1 14202
1 11502
1 10566
1 19530
1 7992
1 9990
1 9846
1 12501
1 9981
1 10098
1 7704
1 14769
1 9666
1 7164
1 9288
1 4626
1 11799
1 21780
1 4950
1 4527
1 16425
1 9684
1 7182
1 16335
1 13482
1 11610
1 3591
1 10980
1 6552
1 8721
1 7848
1 17280
1 8343
1 4743
1 8028
1 19728
1 4293
1 6669
1 16362
1 5436
1 16794
1 12267
1 25227
1 7767
1 5976
1 9306
1 14391
1 2070
1 6813
1 9036
1 11583
1 4104
1 5265
1 3708
1 10296
1 4788
1 4869
1 14751
1 6534
1 8676
1 11727
1 9918
1 16497
1 14337
1 8505
1 5400
1 8586
1 5832
1 10593
1 6381
1 5940
1 13896
1 6399
1 13608
1 10242
1 22068
1 6363
1 8334
1 2826
1 10530
1 12735
1 5391
1 18630
1 15984
1 6750
1 4797
1 3123
1 5121
1 5580
1 10656
1 8865
1 16047
1 11691
1 9396
1 14598
1 7965
1 10278
1 11286
1 2763
1 3645
1 15624
1 11457
1 11169
1 10377
1 11619
1 12888
1 13248
1 4410
1 3330
1 5886
1 10170
1 6111
1 3042
1 12582
1 12951
1 6444
1 8307
1 8271
1 12636
1 13662
1 16983
1 18081
1 12969
1 11070
1 6912
1 13140
1 13320
1 9639
1 11862
1 10917
1 10395
1 17667
1 9531
1 9720
1 6471
1 6732
1 18657
1 14490
1 10521
1 17289
1 8883
1 12573
1 11574
1 7200
1 9369
1 16722
1 11718
1 11250
1 25326
1 2385
1 17568
1 18756
1 10296
1 7470
1 13122
1 15840
1 12699
1 3960
1 11664
1 10161
1 10746
1 16515
1 16686
1 12096
1 8100
1 7794
1 12375
1 8163
1 6255
1 4347
1 12447
1 4815
1 9351
1 3798
1 18522
1 11160
1 8757
1 10638
1 3537
1 5301
1 13464
1 8964
1 12213
1 16551
1 7965
1 9162
1 3609
1 14886
1 11781
1 6777
1 4185
1 8703
1 12114
1 13563
1 7740
1 12492
1 17370
1 6831
1 11421
1 2907
1 7677
1 6858
1 13761
1 9900
1 15282
1 11628
1 11304
1 7362
1 8532
1 4788
1 6264
1 17208
1 7947
1 7614
1 10341
1 3204
1 5508
1 6876
1 7290
1 8460
1 15480
1 16875
1 5742
1 13005
1 11727
1 7956
1 7092
1 17847
1 14229
1 8514
1 11205
1 7137
1 10944
1 13131
1 3015
1 13275
1 11025
1 8208
1 9441
1 12051
1 8856
1 16200
1 9756
1 10224
1 5598
1 7182
1 6471
1 14103
1 4653
1 6831
1 16020
1 4590
1 9531
1 10674
1 12879
1 7128
1 4356
1 22581
1 11061
1 7164
1 17190
1 23850
1 6039
1 6480
1 12240
1 10881
1 3825
1 2637
1 8289
1 8127
1 2988
1 14787
1 23301
1 8595
1 8199
1 5103
1 14319
1 11268
1 13671
1 16911
1 10467
1 8370
1 8190
1 8181
1 6210
1 12141
1 2403
1 11943
1 12447
1 8019
1 6345
1 9540
1 10440
1 4869
1 6984
1 10134
1 6210
1 7947
1 7767
1 15750
1 9585
1 7443
1 7452
1 7578
1 13707
1 4608
1 12663
1 10701
1 5904
1 7560
1 17361
1 12015
1 9216
1 10053
1 7047
1 5526
1 18630
1 11196
1 4959
1 9207
1 9198
1 10791
1 18072
1 10863
1 9522
1 3798
1 12123
1 14364
1 8874
1 11808
1 10548
1 3753
1 18252
1 7443
1 14157
1 10125
1 16425
1 7020
1 7389
1 15183
1 20430
1 10044
1 11394
1 9009
1 9405
1 12789
1 6840
1 9360
1 4455
1 14175
1 5229
1 9774
1 8379
1 6480
1 11385
1 10251
1 14463
1 4761
1 7722
1 4005
1 12105
1 3024
1 18099
1 19719
1 10575
1 6120
1 7875
1 6975
1 8676
1 6030
1 9729
1 17973
1 3321
1 6750
1 11520
1 9405
1 11007
1 9054
1 14130
1 13878
1 12285
1 4563
1 22473
1 12141
1 7236
1 12393
1 4914
1 5031
1 9198
1 19611
1 8307
1 13176
1 2223
1 11835
1 13599
1 4662
1 5427
1 8253
1 10206
1 8235
1 7254
1 4761
1 12618
1 6444
1 14832
1 8802
1 10584
1 3348
1 7362
1 14634
1 3168
1 11952
1 13347
1 3510
1 11313
1 13221
1 13239
1 8433
1 8838
1 14778
1 14787
1 3258
1 9783
1 8442
1 13824
1 7389
1 8217
1 17577
1 12726
1 14949
1 8631
1 6210
1 14103
1 8667
1 7155
1 15894
1 10593
1 11475
1 7407
1 5976
1 15831
1 10341
1 10809
1 4842
1 4887
1 7947
1 13419
1 14103
1 30744
1 11421
1 4959
1 13167
1 16263
1 20943
1 4554
1 9090
1 7425
1 17172
1 6183
1 11295
1 12042
1 10017
1 7920
1 11268
1 9198
1 8415
1 11367
1 11916
1 7461
1 9675
1 4320
1 11925
1 10368
1 17703
1 10179
1 14301
1 11835
1 2124
1 8055
1 13770
1 10809
1 10701
1 16146
1 5877
1 10647
1 4590
1 9252
1 13932
1 5031
1 11763
1 3015
1 6660
1 4662
1 3591
1 4338
1 19188
1 9891
1 7929
1 14067
1 11592
1 11142
1 8838
1 7740
1 11601
1 12213
1 9567
1 17352
1 9198
1 9792
1 14499
1 25704
1 5283
1 15246
1 18810
1 8757
1 9279
1 6759
1 13086
1 7623
1 12231
1 5382
1 6489
1 10197
1 6489
1 17946
1 12222
1 7101
1 13995
1 9306
1 8865
1 8334
1 8082
1 6831
1 10719
1 7641
1 8667
1 12474
1 19746
1 12528
1 2511
1 5274
1 13644
1 16587
1 9378
1 7839
1 7227
1 4941
1 7812
1 11781
1 17649
1 8559
1 4815
1 12969
1 15021
1 7974
1 6705
1 6210
1 6048
1 5931
1 11322
1 3762
1 2790
1 8127
1 8658
1 10107
1 5202
1 14823
1 13077
1 13923
1 13104
1 4239
1 8190
1 12933
1 4392
1 17226
1 9477
1 18414
1 8667
1 6957
1 15363
1 3969
1 10422
1 11898
1 11655
1 7650
1 7263
1 11457
1 11763
1 4563
1 7470
1 9324
1 4167
1 6021
1 6309
1 15633
1 7146
1 8550
1 5652
1 10611
1 13869
1 8667
1 7227
1 4977
1 13680
1 9549
1 10737
1 10836
1 10512
1 12042
1 10377
1 11052
1 9918
1 4950
1 6129
1 16542
1 3186
1 8379
1 8595
1 21213
1 15075
1 16407
1 3816
1 8982
1 6642
1 6183
1 12609
1 19179
1 6759
1 13230
1 16119
1 12213
1 6165
1 10134
1 11349
1 9018
1 8730
1 16056
1 18693
1 5823
1 12114
1 9540
1 8667
1 15372
1 10422
1 21960
1 10971
1 11340
1 5661
1 11538
1 19035
1 6327
1 7533
1 14274
1 6867
1 10458
1 8235
1 7425
1 11628
1 10449
1 4806
1 9819
1 10494
1 11079
1 10368
1 3456
1 4905
1 12987
1 14616
1 7326
1 15084
1 12789
1 5436
1 9927
1 14985
1 4914
1 8811
1 13968
1 9468
1 7470
1 14589
1 12114
1 6624
1 10908
1 8451
1 9774
1 21609
1 11673
1 5796
1 6957
1 10665
1 16371
1 8973
1 8046
1 8595
1 12132
1 13878
1 6219
1 9324
1 6336
1 7542
1 7893
1 5526
1 9063
1 10611
1 12987
1 11232
1 15831
1 5535
1 10449
1 13455
1 7182
1 14544
1 18216
1 4203
1 9909
1 7398
1 11358
1 5499
1 6345
1 11844
1 6138
1 7938
1 8721
1 9558
1 19953
1 7632
1 5499
1 16119
1 13239
1 8541
1 2898
1 4068
1 10584
1 4608
1 9765
1 6813
1 2448
1 15111
1 10323
1 14625
1 2520
1 11655
1 8145
1 4932
1 4104
1 9054
1 6273
1 3816
1 4122
1 11313
1 7137
1 18117
1 2502
1 8784
1 5121
1 12330
1 2628
1 13284
1 13590
1 4545
1 3546
1 10737
1 11277
1 6291
1 7101
1 10368
1 8676
1 4860
1 6759
1 7020
1 20457
1 11853
1 7938
1 7443
1 13419
1 12204
1 4302
1 12753
1 9999
1 11133
1 5526
1 6237
1 5922
1 9603
1 5121
1 11736
1 12924
1 3627
1 14202
1 9774
1 18846
1 4185
1 12681
1 5454
1 4131
1 10566
1 8541
1 9990
1 4428
1 9828
1 13149
1 10971
1 7803
1 10215
1 5049
1 5868
1 14121
1 6183
1 8136
1 5463
1 11007
1 6768
1 6345
1 14085
1 17919
1 9711
1 4392
1 11025
1 17352
1 6876
1 7065
1 6588
1 17694
1 19782
1 7371
1 18495
1 23175
1 12348
1 8541
1 16002
1 16776
1 5445
1 13320
1 9747
1 3888
1 8019
1 6489
1 5805
1 10377
1 22041
1 10296
1 15849
1 18441
1 5958
1 12141
1 6660
1 6984
1 5382
1 12915
1 13770
1 13383
1 6624
1 9054
1 8874
1 10368
1 4914
1 9612
1 3888
1 12276
1 9900
1 9036
1 22185
1 7821
1 4167
1 6138
1 7056
1 11709
1 12627
1 5697
1 4761
1 9711
1 3609
1 8253
1 13374
1 6354
1 10017
1 9972
1 16425
1 10035
1 9243
1 12879
1 6633
1 5553
1 22185
1 9000
1 16560
1 10764
1 5400
1 15354
1 7947
1 13464
1 9891
1 13572
1 7749
1 10458
1 10962
1 14265
1 7740
1 23013
1 17154
1 3276
1 5562
1 8910
1 13563
1 5922
1 7101
1 7074
1 25182
1 7992
1 13095
1 9369
1 15309
1 13671
1 10530
1 4500
1 10890
1 18702
1 5175
1 6426
1 12870
1 11790
1 12330
1 21276
1 7821
1 11079
1 5535
1 10485
1 11295
1 6201
1 6381
1 13698
1 6921
1 10737
1 9009
1 14409
1 16533
1 7029
1 17235
1 22518
1 9459
1 6651
1 7011
1 17703
1 10548
1 16227
1 5616
1 17856
1 14058
1 13725
1 17991
1 10800
1 6741
1 6210
1 6111
1 9180
1 9405
1 9675
1 17280
1 4176
1 8964
1 16695
1 10116
1 2610
1 16938
1 19377
1 13050
1 12627
1 15237
1 9594
1 8136
1 8577
1 11151
1 9378
1 6840
1 14634
1 20286
1 6282
1 13194
1 5364
1 13995
1 5481
1 6570
1 6408
1 15642
1 9297
1 7632
1 6786
1 7128
1 7938
1 11169
1 12285
1 9603
1 7038
1 4500
1 19593
1 7065
1 11700
1 9495
1 5778
1 5157
1 9117
1 11817
1 13977
1 7605
1 9171
1 6912
1 10773
1 8910
1 7767
1 4707
1 3717
1 9225
1 8640
1 14670
1 17199
1 18072
1 6813
1 4410
1 4752
1 5373
1 13230
1 10539
1 6633
1 11457
1 7173
1 3735
1 19917
1 18459
1 10350
1 7992
1 9702
1 7641
1 7488
1 10737
1 7731
1 10323
1 9225
1 8316
1 6507
1 14184
1 3573
1 4779
1 5283
1 13554
1 6192
1 15318
1 18612
1 15417
1 8091
1 18828
1 15345
1 15147
1 6156
1 8748
1 9225
1 6804
1 8352
1 15498
1 15363
1 11295
1 17622
1 10953
1 11061
1 5328
1 10062
1 15129
1 6894
1 7848
1 15381
1 5058
1 4428
1 15246
1 17154
1 26838
1 6669
1 5328
1 5247
1 15939
1 4545
1 7038
1 6237
1 11952
1 6804
1 18945
1 19197
1 13410
1 10872
1 9567
1 12348
1 7749
1 7002
1 9909
1 8109
1 6633
1 10674
1 9441
1 5751
1 10089
1 5436
1 14940
1 5976
1 9684
1 11277
1 14301
1 7416
1 15255
1 17964
1 11115
1 5751
1 17406
1 7677
1 16155
1 10746
1 5346
1 7227
1 6237
1 5085
1 5274
1 10494
1 13257
1 7182
1 6219
1 11862
1 8334
1 10809
1 12330
1 11502
1 9333
1 8037
1 5022
1 12429
1 8208
1 12771
1 7101
1 13752
1 17406
1 4338
1 15264
1 12564
1 3987
1 14931
1 4086
1 6822
1 6336
1 9621
1 7443
1 7614
1 7092
1 17415
1 5031
1 13968
1 8577
1 5076
1 8730
1 8307
1 17802
1 7326
1 7983
1 13437
1 10674
1 8775
1 12177
1 14661
1 8370
1 9729
1 9162
1 13059
1 9630
1 21060
1 16947
1 6867
1 10467
1 6183
1 9279
1 5859
1 11493
1 12150
1 8361
1 14103
1 8694
1 6021
1 6705
1 10287
1 7308
1 12240
1 5976
1 9819
1 14022
1 11430
1 8856
1 6624
1 20331
1 11061
1 18297
1 16767
1 1512
1 6291
1 13788
1 10998
1 14256
1 5832
1 3510
1 11043
1 9495
1 13032
1 11349
1 8955
1 7101
1 11565
1 10080
1 11952
1 9918
1 13095
1 14922
1 9828
1 8838
1 5355
1 15183
1 12528
1 8127
1 8937
1 11205
1 9495
1 5031
1 10494
1 9396
1 6516
1 8082
1 5904
1 7407
1 12510
1 8613
1 15039
1 12267
1 10350
1 8586
1 10656
1 3087
1 8334
1 8883
1 6471
1 11637
1 10359
1 15822
1 13527
1 13851
1 11358
1 3987
1 18027
1 14049
1 9855
1 6615
1 11799
1 10935
1 19701
1 8073
1 6669
1 8172
1 18693
1 9522
1 7713
1 4230
1 9045
1 2610
1 15948
1 7632
1 14220
1 7803
1 9810
1 15813
1 11313
1 16146
1 13626
1 11205
1 12069
1 18234
1 8604
1 11079
1 12231
1 8406
1 6156
1 9288
1 7128
1 15840
1 8172
1 6579
1 11736
1 7668
1 10818
1 6651
1 12357
1 2259
1 8730
1 6624
1 8955
1 22410
1 12753
1 12042
1 8199
1 7794
1 17451
1 13122
1 8559
1 10539
1 12393
1 6966
1 5625
1 4068
1 9450
1 11043
1 13680
1 6822
1 4500
1 16749
1 9792
1 5751
1 9036
1 15579
1 3357
1 12492
1 6021
1 14418
1 9333
1 10143
1 7065
1 5049
1 16569
1 6939
1 13653
1 7002
1 5652
1 9378
1 7596
1 9180
1 14409
1 8676
1 19530
1 7254
1 9549
1 7398
1 5166
1 4518
1 6750
1 13347
1 12096
1 10449
1 7740
1 7677
1 10098
1 13356
1 10584
1 10872
1 10071
1 5121
1 9198
1 8838
1 13716
1 8622
1 2214
1 3177
1 9657
1 10161
1 6543
1 8028
1 9261
1 6741
1 8037
1 6039
1 19161
1 6381
1 18495
1 7272
1 5418
1 12357
1 10512
1 6615
1 12222
1 2745
1 20304
1 12213
1 9747
1 7416
1 5049
1 11151
1 4950
1 9234
1 12492
1 11727
1 11961
1 11232
1 7281
1 4050
1 8163
1 12672
1 9414
1 4167
1 12438
1 11358
1 8253
1 7848
1 6570
1 5211
1 15066
1 10872
1 6525
1 5706
1 11511
1 16884
1 16110
1 6201
1 13068
1 8838
1 5130
1 9990
1 16416
1 4914
1 7065
1 8487
1 10647
1 12294
1 10107
1 7695
1 12294
1 6570
1 6453
1 7776
1 7515
1 9369
1 16083
1 7767
1 10476
1 12078
1 16227
1 13239
1 11205
1 18027
1 15696
1 6102
1 25137
1 8073
1 4293
1 9738
1 10512
1 12600
1 3969
1 10845
1 5328
1 11034
1 5679
1 14022
1 13311
1 7713
1 7686
1 15480
1 16479
1 13464
1 6534
1 5535
1 13815
1 9216
1 7641
1 8919
1 13824
1 9720
1 7497
1 9963
1 5463
1 6723
1 4365
1 6840
1 8910
1 18144
1 11547
1 13662
1 8541
1 10971
1 6633
1 7776
1 18585
1 6651
1 5868
1 7668
1 9459
1 21123
1 9729
1 5013
1 7659
1 11925
1 6093
1 8415
1 12222
1 12996
1 23148
1 14697
1 13356
1 9432
1 6084
1 8496
1 16083
1 6777
1 20070
1 4113
1 10314
1 9018
1 2646
1 8820
1 12501
1 7884
1 9783
1 9621
1 11673
1 6165
1 2853
1 8262
1 9279
1 6309
1 7155
1 10008
1 5508
1 10602
1 5607
1 6102
1 12852
1 8451
1 16515
1 12555
1 17559
1 13446
1 3717
1 9531
1 5958
1 11781
1 3996
1 14184
1 15660
1 5418
1 3996
1 15462
1 6345
1 16416
1 6750
1 23256
1 5553
1 8046
1 5598
1 8073
1 8649
1 3762
1 5553
1 10332
1 7731
1 11097
1 16767
1 6903
1 8415
1 7389
1 21051
1 5094
1 4230
1 9585
1 5994
1 6696
1 5553
1 14094
1 12222
1 6246
1 7578
1 11835
1 7092
1 13437
1 5472
1 9045
1 8253
1 4077
1 5904
1 10485
1 16470
1 11259
1 8064
1 11322
1 6975
1 7983
1 14463
1 10323
1 16632
1 6588
1 3357
1 9918
1 6003
1 7281
1 10602
1 6984
1 5976
1 6777
1 7938
1 15804
1 10377
1 1296
1 3816
1 5625
1 5256
1 16587
1 15075
1 8676
1 15786
1 7902
1 6354
1 7488
1 7749
1 16389
1 8136
1 5661
1 7569
1 6552
1 13455
1 7785
1 14058
1 14652
1 4329
1 7767
1 12681
1 10017
1 6336
1 3987
1 8532
1 10485
1 8964
1 20313
1 17010
1 15741
1 17874
1 3933
1 5652
1 6120
1 15462
1 9576
1 13059
1 8055
1 5121
1 15480
1 11790
1 13482
1 7551
1 5643
1 8550
1 6435
1 5436
1 12942
1 8550
1 7281
1 7668
1 9567
1 11952
1 13977
1 7893
1 15624
1 4446
1 7047
1 11250
1 5445
1 15129
1 12348
1 13518
1 8514
1 6615
1 5688
1 5886
1 3636
1 13923
1 11862
1 10647
1 13959
1 13923
1 10746
1 6723
1 8892
1 10422
1 14112
1 6714
1 6714
1 10602
1 10971
1 4077
1 8010
1 7065
1 10305
1 8856
1 11889
1 14697
1 11655
1 10944
1 9522
1 9612
1 8730
1 9081
1 16740
1 10611
1 6129
1 19476
1 16668
1 9576
1 8919
1 10917
1 13383
1 8235
1 10665
1 9765
1 11835
1 16965
1 15813
1 5859
1 17298
1 7848
1 12708
1 12510
1 18846
1 26982
1 16335
1 5004
1 8874
1 6894
1 7749
1 8748
1 11475
1 12492
1 16578
1 17406
1 17775
1 12159
1 11043
1 9468
1 6120
1 13293
1 13473
1 8451
1 6894
1 3006
1 10053
1 12132
1 11799
1 10332
1 12681
1 18738
1 12519
1 12510
1 14373
1 9783
1 8712
1 5634
1 10134
1 6057
1 13032
1 8892
1 17208
1 9819
1 4230
1 16641
1 11664
1 5706
1 5445
1 6120
1 9990
1 5508
1 5553
1 7947
1 6183
1 8343
1 9468
1 11250
1 10251
1 8766
1 11241
1 17784
1 4635
1 8262
1 12195
1 10701
1 4023
1 6606
1 6336
1 10809
1 13401
1 13167
1 11277
1 15156
1 4887
1 11097
1 14175
1 7290
1 8937
1 14751
1 7749
1 19044
1 17307
1 11637
1 3609
1 5355
1 20718
1 13167
1 4779
1 7425
1 8496
1 14832
1 9981
1 5220
1 11826
1 13320
1 9909
1 6912
1 3240
1 4608
1 6399
1 8613
1 11826
1 23805
1 17127
1 12906
1 8694
1 11916
1 6606
1 5148
1 2403
1 6795
1 12537
1 10602
1 7326
1 8235
1 3753
1 10746
1 13437
1 7407
1 17613
1 2619
1 9351
1 15147
1 10809
1 6921
1 6399
1 10944
1 12393
1 14436
1 12096
1 10053
1 8415
1 17208
1 11241
1 9639
1 12159
1 4293
1 8118
1 3393
1 7776
1 9387
1 12861
1 7668
1 16713
1 8784
1 5724
1 6336
1 9270
1 11916
1 13626
1 10422
1 11493
1 13806
1 10386
1 7083
1 11547
1 4347
1 4905
1 7011
1 12474
1 8100
1 17118
1 20007
1 21420
1 5751
1 12150
1 12348
1 9414
1 11043
1 7668
1 15822
1 11160
1 5364
1 7821
1 24390
1 11907
1 12366
1 10305
1 18081
1 18072
1 10620
1 10971
1 12627
1 12114
1 7821
1 9360
1 11637
1 9216
1 10989
1 10638
1 2394
1 3447
1 15138
1 5130
1 12564
1 9027
1 8253
1 7218
1 5427
1 6048
1 9162
1 12465
1 8298
1 8181
1 10836
1 8712
1 19629
1 7902
1 16461
1 4077
1 6228
1 18648
1 6300
1 8703
1 11259
1 10701
1 6696
1 13608
1 7173
1 4257
1 3762
1 10431
1 4239
1 7911
1 9351
1 7839
1 5922
1 7326
1 12762
1 10476
1 5589
1 7479
1 8406
1 9666
1 12375
1 14715
1 8829
1 21456
1 15876
1 2556
1 6534
1 15750
1 8703
1 10917
1 8694
1 8379
1 11853
1 3357
1 10836
1 6336
1 15831
1 5184
1 18900
1 10035
1 7758
1 19080
1 12816
1 6291
1 17451
1 7398
1 11628
1 7641
1 6633
1 8721
1 8199
1 13842
1 5409
1 11637
1 23445
1 6210
1 5040
1 15318
1 7479
1 14715
1 15777
1 4500
1 12222
1 6525
1 10287
1 8766
1 9009
1 8271
1 11574
1 8991
1 6516
1 12366
1 7722
1 11133
1 15633
1 13968
1 10818
1 9234
1 13464
1 2520
1 11322
1 10539
1 4338
1 8055
1 4401
1 10647
1 10800
1 15417
1 7380
1 6057
1 12816
1 11718
1 10809
1 4959
1 8793
1 13329
1 11205
1 13095
1 7380
1 6723
1 9243
1 11736
1 13644
1 8343
1 6273
1 4311
1 10485
1 8820
1 13203
1 9396
1 8262
1 10620
1 8694
1 11106
1 14967
1 8253
1 11466
1 7146
1 3915
1 11790
1 11727
1 4707
1 15489
1 11457
1 6201
1 5922
1 6435
1 7704
1 7668
1 23706
1 7731
1 7659
1 6507
1 18189
1 4779
1 10701
1 11817
1 2916
1 7092
1 6102
1 10215
1 6750
1 11421
1 18261
1 9234
1 15687
1 8838
1 5094
1 12969
1 4761
1 3861
1 8028
1 14049
1 11556
1 9423
1 16803
1 14427
1 9027
1 11637
1 4455
1 8226
1 4383
1 4509
1 7308
1 7191
1 19062
1 8433
1 6966
1 15462
1 10503
1 10071
1 6327
1 13590
1 3348
1 5355
1 14040
1 12024
1 8262
1 7272
1 23742
1 4212
1 6012
1 23562
1 8937
1 9297
1 4770
1 7641
1 2250
1 4005
1 12645
1 10665
1 10377
1 6264
1 11628
1 7866
1 4995
1 5175
1 9117
1 9306
1 6876
1 13392
1 12015
1 27279
1 11466
1 4959
1 13158
1 14652
1 4545
1 11250
1 10764
1 7137
1 3780
1 10935
1 17703
1 7776
1 6498
1 15552
1 2439
1 11223
1 20322
1 5922
1 10332
1 12753
1 10440
1 21483
1 14796
1 13077
1 9243
1 7245
1 16353
1 4887
1 10962
1 14184
1 5922
1 2763
1 2988
1 7506
1 8775
1 15039
1 8469
1 5706
1 12519
1 20718
1 10404
1 7875
1 5121
1 10314
1 9315
1 9837
1 12312
1 9612
1 6345
1 16596
1 4464
1 3429
1 13878
1 3456
1 16011
1 5481
1 11376
1 8883
1 4419
1 10386
1 19935
1 6039
1 11934
1 6588
1 7578
1 8082
1 7407
1 6957
1 14796
1 7200
1 16029
1 13689
1 7731
1 3933
1 10071
1 10872
1 10215
1 4473
1 17847
1 10692
1 7731
1 16074
1 9738
1 4311
1 6867
1 8766
1 9270
1 9927
1 8460
1 6948
1 6480
1 9252
1 11817
1 11691
1 12978
1 6723
1 6435
1 13698
1 8028
1 11196
1 5607
1 11367
1 16254
1 12132
1 8172
1 9486
1 10962
1 23931
1 13113
1 13383
1 10368
1 9117
1 10854
1 9126
1 18441
1 8181
1 16785
1 15687
1 16551
1 9288
1 6732
1 5580
1 9153
1 8352
1 11250
1 8334
1 6021
1 15237
1 14310
1 15579
1 7650
1 5859
1 9801
1 8991
1 9261
1 8955
1 5508
1 8937
1 11259
1 7677
1 5607
1 7938
1 8910
1 11133
1 9153
1 9396
1 10674
1 8055
1 11439
1 10557
1 18774
1 14670
1 11313
1 9081
1 11088
1 6039
1 11448
1 5085
1 6111
1 21618
1 15507
1 10692
1 8829
1 16560
1 7668
1 5463
1 13518
1 16380
1 5670
1 7074
1 20025
1 12195
1 8226
1 16038
1 13338
1 22518
1 3780
1 4410
1 12627
1 8235
1 7425
1 8595
1 7650
1 10035
1 17154
1 11943
1 13662
1 9963
1 12006
1 9999
1 6039
1 15273
1 9639
1 5895
1 10521
1 11196
1 16263
1 14247
1 14319
1 11871
1 6831
1 8604
1 7857
1 8784
1 3942
1 7263
1 6957
1 7695
1 7551
1 16911
1 5157
1 6354
1 21978
1 11529
1 12618
1 4140
1 13050
1 10476
1 7416
1 19593
1 15642
1 21087
1 4797
1 13275
1 13419
1 12888
1 7452
1 15489
1 10251
1 6750
1 8802
1 8559
1 4509
1 13338
1 6327
1 9279
1 11430
1 5805
1 13302
1 8748
1 4725
1 15921
1 16659
1 17073
1 6471
1 10629
1 14535
1 4212
1 5670
1 8712
1 16128
1 11223
1 6489
1 15480
1 10242
1 7002
1 22221
1 6291
1 11196
1 4374
1 10872
1 8073
1 16848
1 12537
1 21555
1 17973
1 8388
1 5220
1 10764
1 7245
1 12465
1 8451
1 12375
1 14490
1 6579
1 3996
1 6795
1 8316
1 11403
1 15300
1 3636
1 18162
1 10134
1 10143
1 7821
1 5490
1 9918
1 6399
1 9207
1 12564
1 5256
1 10566
1 7920
1 10314
1 20034
1 8883
1 13365
1 9342
1 12870
1 7974
1 5229
1 8514
1 13599
1 13752
1 16983
1 6615
1 8271
1 12024
1 8397
1 11241
1 10710
1 10818
1 6894
1 9135
1 10593
1 7389
1 4050
1 10215
1 6984
1 6093
1 7821
1 9720
1 18135
1 7290
1 8505
1 6552
1 8055
1 13563
1 14589
1 4986
1 9171
1 12213
1 12078
1 9783
1 8397
1 7200
1 12312
1 13005
1 7956
1 2970
1 8793
1 6606
1 10026
1 13635
1 6633
1 7569
1 7236
1 7578
1 5859
1 9216
1 4806
1 11637
1 11061
1 6003
1 20817
1 4914
1 9027
1 7650
1 10404
1 11394
1 9432
1 5751
1 3780
1 14139
1 8127
1 4797
1 15174
1 11880
1 8145
1 3348
1 10629
1 9621
1 5022
1 11133
1 5310
1 25740
1 14778
1 5355
1 6498
1 11160
1 11502
1 7236
1 13815
1 7542
1 4905
1 12861
1 5067
1 5904
1 8388
1 14787
1 5022
1 5967
1 10233
1 22968
1 11880
1 18513
1 4113
1 8028
1 4662
1 9936
1 7767
1 11313
1 5022
1 12294
1 11394
1 15309
1 6624
1 11844
1 11205
1 6282
1 5589
1 16083
1 11322
1 8298
1 12528
1 9846
1 10899
1 9855
1 10251
1 11439
1 7488
1 8433
1 14787
1 8946
1 6381
1 11655
1 13302
1 16605
1 21258
1 4626
1 2655
1 4104
1 8136
1 14544
1 10566
1 12618
1 7740
1 7776
1 7020
1 7353
1 6867
1 5292
1 3654
1 7983
1 14193
1 11736
1 12420
1 10854
1 9378
1 15435
1 12825
1 5805
1 13698
1 7137
1 10008
1 11916
1 5535
1 19233
1 15786
1 9108
1 3600
1 14913
1 10188
1 8712
1 6696
1 4635
1 8667
1 16740
1 10503
1 22050
1 25641
1 8460
1 3537
1 12483
1 19881
1 8442
1 11133
1 19809
1 8514
1 8460
1 8514
1 11304
1 8397
1 4050
1 21519
1 17901
1 16452
1 11943
1 7821
1 9036
1 9783
1 9504
1 11844
1 13941
1 5256
1 9981
1 12744
1 5463
1 5679
1 14337
1 9180
1 14850
1 4644
1 8586
1 4320
1 16515
1 19710
1 7515
1 8487
1 14112
1 8694
1 13446
1 13905
1 7668
1 5850
1 6723
1 8388
1 11223
1 6417
1 4167
1 15714
1 11556
1 19656
1 11988
1 6381
1 11349
1 7038
1 7209
1 11565
1 4752
1 7911
1 5454
1 5589
1 12897
1 12771
1 8739
1 10476
1 17064
1 5076
1 8298
1 14850
1 5085
1 10476
1 11817
1 10413
1 10287
1 6327
1 3384
1 6075
1 15273
1 11808
1 14598
1 12150
1 5076
1 4500
1 4581
1 6939
1 4230
1 6741
1 18945
1 6039
1 7110
1 13392
1 8946
1 11880
1 11736
1 14931
1 6183
1 5220
1 4869
1 3042
1 4797
1 21771
1 18288
1 9036
1 10260
1 14931
1 5778
1 6147
1 9621
1 12312
1 12510
1 3132
1 19827
1 11745
1 15624
1 9180
1 6957
1 7623
1 5238
1 5436
1 7686
1 4788
1 7164
1 9387
1 8703
1 11502
1 13158
1 12087
1 12681
1 9207
1 13779
1 8145
1 5427
1 11808
1 6372
1 14850
1 15651
1 16956
1 5274
1 8055
1 5715
1 11007
1 18936
1 12294
1 6408
1 14976
1 7848
1 5751
1 6219
1 8370
1 15624
1 10287
1 10323
1 18765
1 13563
1 10872
1 10980
1 8289
1 6840
1 6660
1 20070
1 7146
1 3834
1 10638
1 14913
1 13545
1 11385
1 7389
1 8604
1 6120
1 16893
1 10539
1 6030
1 12402
1 20916
1 12591
1 7758
1 5355
1 10107
1 11142
1 9576
1 15291
1 20655
1 13338
1 4581
1 2304
1 7488
1 9504
1 8982
1 7992
1 10593
1 18081
1 10143
1 6210
1 10809
1 7668
1 15642
1 3555
1 11052
1 3987
1 9468
1 10116
1 6561
1 16398
1 8739
1 8991
1 9603
1 21582
1 13950
1 10080
1 13176
1 9297
1 9810
1 7065
1 8532
1 7335
1 12177
1 9936
1 4545
1 7047
1 11565
1 6237
1 12231
1 4563
1 7137
1 3906
1 5616
1 7164
1 19278
1 17649
1 14319
1 12618
1 11079
1 10908
1 18756
1 4635
1 4851
1 5337
1 7254
1 7785
1 7137
1 11979
1 10890
1 7137
1 6948
1 7254
1 8838
1 15561
1 13563
1 19278
1 8001
1 9297
1 13455
1 13842
1 9909
1 14193
1 8946
1 14481
1 12384
1 12456
1 10926
1 10566
1 7434
1 18432
1 12942
1 4077
1 9657
1 9324
1 8874
1 7524
1 10197
1 9954
1 5445
1 13554
1 23193
1 11952
1 7767
1 12627
1 8487
1 2277
1 7974
1 12456
1 23139
1 10323
1 5013
1 12690
1 4365
1 8973
1 16407
1 11709
1 14859
1 11880
1 11106
1 12645
1 9792
1 4383
1 9531
1 8865
1 11790
1 14058
1 9045
1 5436
1 7155
1 10998
1 13122
1 10251
1 5364
1 9801
1 14400
1 5589
1 6822
1 6570
1 15291
1 12951
1 16560
1 13230
1 11997
1 10710
1 11034
1 16731
1 10260
1 4518
1 17451
1 10305
1 17424
1 3771
1 9288
1 6867
1 6264
1 6975
1 11592
1 5607
1 5580
1 5130
1 9702
1 17019
1 15012
1 19494
1 12681
1 9945
1 13635
1 15777
1 20061
1 10557
1 7416
1 8496
1 5598
1 10134
1 6129
1 5724
1 25722
1 10773
1 6786
1 10584
1 6723
1 12600
1 8352
1 12159
1 11097
1 12816
1 9045
1 8442
1 2430
1 12330
1 4194
1 16875
1 7785
1 6588
1 21276
1 5058
1 12852
1 14031
1 30285
1 3897
1 13131
1 14454
1 4545
1 4365
1 16875
1 9342
1 963
1 9774
1 5823
1 16947
1 16542
1 4329
1 8001
1 6984
1 9387
1 9000
1 12024
1 6624
1 8208
1 8163
1 13284
1 8847
1 4374
1 6057
1 8280
1 17793
1 22347
1 9909
1 7794
1 9459
1 10755
1 12465
1 3105
1 6336
1 10647
1 13347
1 8325
1 9702
1 5652
1 20556
1 11286
1 7452
1 11097
1 6120
1 5319
1 9981
1 8082
1 6804
1 6003
1 13428
1 17370
1 5787
1 5463
1 5274
1 8091
1 14634
1 8442
1 14490
1 13464
1 29547
1 13221
1 5634
1 13194
1 2403
1 13248
1 7065
1 10368
1 4995
1 2241
1 13788
1 16461
1 8451
1 11763
1 24048
1 6291
1 6057
1 16542
1 14031
1 8721
1 8028
1 9549
1 3600
1 4950
1 15264
1 4788
1 5805
1 10341
1 14562
1 10206
1 8442
1 13149
1 11259
1 8685
1 13653
1 10737
1 11871
1 8415
1 7596
1 12465
1 12240
1 6201
1 16767
1 10584
1 14139
1 2790
1 14040
1 16218
1 10467
1 13536
1 10071
1 8973
1 14058
1 15723
1 6309
1 11394
1 6894
1 5688
1 6966
1 11880
1 5976
1 12717
1 10026
1 16227
1 2493
1 8910
1 15687
1 7533
1 7614
1 7218
1 4707
1 9774
1 9846
1 11439
1 6930
1 9990
1 5742
1 10503
1 3429
1 5985
1 4869
1 13725
1 10170
1 14121
1 7245
1 1323
1 10044
1 7218
1 8577
1 12852
1 14886
1 13077
1 11682
1 6984
1 9729
1 12141
1 7137
1 12231
1 9792
1 9981
1 10449
1 6525
1 9171
1 16182
1 6957
1 10170
1 11205
1 9414
1 9972
1 9036
1 14211
1 14994
1 13509
1 8262
1 9243
1 10188
1 18072
1 9711
1 10134
1 10575
1 11115
1 8487
1 8397
1 6966
1 8712
1 10620
1 17415
1 6309
1 7245
1 11979
1 15633
1 21420
1 19017
1 13959
1 11979
1 5193
1 4185
1 8856
1 17820
1 13005
1 15021
1 4014
1 8721
1 9567
1 10611
1 10107
1 11340
1 10557
1 8694
1 7974
1 8982
1 9891
1 14445
1 8793
1 11250
1 8766
1 8082
1 8901
1 6354
1 8082
1 12924
1 2889
1 6876
1 12690
1 15147
1 10197
1 12600
1 11178
1 10458
1 20187
1 6552
1 16047
1 5526
1 12825
1 5517
1 10791
1 3996
1 3924
1 11925
1 8253
1 8379
1 18504
1 4095
1 3312
1 13833
1 9324
1 8316
1 7830
1 17505
1 5301
1 10854
1 13410
1 5661
1 4869
1 7272
1 11448
1 13806
1 6849
1 4194
1 9729
1 8307
1 5967
1 7650
1 6876
1 5742
1 11070
1 5526
1 14805
1 13806
1 10062
1 11682
1 7209
1 2592
1 15489
1 4203
1 4581
1 14841
1 13869
1 5931
1 14697
1 18009
1 8379
1 13437
1 12483
1 4599
1 13734
1 8955
1 8613
1 12132
1 7830
1 9477
1 8856
1 4032
1 10161
1 11574
1 4563
1 19188
1 3879
1 10917
1 18792
1 4401
1 3546
1 13329
1 6390
1 13347
1 4167
1 14364
1 4833
1 10962
1 9513
1 12987
1 11484
1 10125
1 4059
1 12879
1 6516
1 9297
1 8514
1 9810
1 4437
1 7866
1 5058
1 11196
1 5247
1 8487
1 11718
1 6318
1 15138
1 12168
1 12897
1 11151
1 20133
1 7407
1 17298
1 7992
1 15561
1 3159
1 6102
1 9180
1 3114
1 8001
1 3213
1 10575
1 11448
1 7767
1 11295
1 7992
1 7398
1 5400
1 4950
1 5697
1 8757
1 4167
1 3915
1 11619
1 17064
1 12627
1 13473
1 4149
1 4716
1 6120
1 16461
1 12987
1 17631
1 12384
1 5040
1 13887
1 9828
1 4077
1 19665
1 13707
1 14445
1 10062
1 11286
1 3339
1 8280
1 12996
1 7191
1 11115
1 10350
1 9180
1 9711
1 19701
1 18090
1 4950
1 6813
1 15021
1 6579
1 11772
1 12015
1 13473
1 9891
1 10746
1 10071
1 2664
1 6138
1 8370
1 5787
1 8235
1 24642
1 4896
1 4878
1 954
1 5571
1 14922
1 18846
1 5355
1 15516
1 3429
1 11097
1 5868
1 10170
1 5652
1 16191
1 12897
1 16038
1 22248
1 8388
1 4032
1 21366
1 10467
1 11727
1 14013
1 12906
1 13509
1 23688
1 15984
1 14994
1 15516
1 10809
1 13851
1 11835
1 5598
1 4707
1 4671
1 7092
1 3159
1 13293
1 6606
1 7263
1 6237
1 27099
1 12285
1 6183
1 10638
1 13077
1 13968
1 7515
1 9603
1 16857
1 11862
1 3663
1 20727
1 6795
1 14328
1 6156
1 15930
1 5868
1 22455
1 8910
1 15777
1 11403
1 14328
1 2187
1 11304
1 13005
1 12168
1 5265
1 20475
1 16713
1 18738
1 10467
1 8055
1 10197
1 12249
1 6894
1 9738
1 9459
1 12519
1 8649
1 5859
1 4788
1 14625
1 12474
1 14391
1 8757
1 6696
1 9711
1 11628
1 13284
1 9702
1 8577
1 9063
1 6948
1 4014
1 12429
1 13374
1 10170
1 3366
1 6786
1 9288
1 8172
1 6471
1 10161
1 7416
1 13374
1 12636
1 14859
1 5463
1 9036
1 7308
1 10791
1 8172
1 11196
1 26505
1 9306
1 4869
1 8721
1 12213
1 9954
1 9657
1 10917
1 25614
1 15390
1 7749
1 7200
1 5706
1 8442
1 16209
1 5436
1 17181
1 10125
1 11070
1 10719
1 16389
1 6849
1 8622
1 9756
1 4113
1 7020
1 7740
1 12447
1 2862
1 6588
1 11313
1 14688
1 8496
1 13392
1 9405
1 10935
1 13761
1 10296
1 6876
1 8685
1 15111
1 9594
1 7497
1 9693
1 9504
1 14481
1 7542
1 9288
1 11493
1 9657
1 4932
1 7470
1 15435
1 12789
1 11907
1 7371
1 3501
1 8082
1 9180
1 11988
1 15921
1 12699
1 13266
1 9495
1 6885
1 11898
1 6903
1 3699
1 12618
1 12465
1 7443
1 18477
1 16938
1 13941
1 10386
1 8253
1 15120
1 3240
1 11277
1 21510
1 7308
1 11043
1 8190
1 10422
1 4590
1 4446
1 10845
1 5454
1 6255
1 11529
1 3816
1 22185
1 4149
1 13644
1 12258
1 5742
1 11664
1 9342
1 14553
1 10935
1 11727
1 11727
1 16569
1 5877
1 8649
1 13221
1 8865
1 8136
1 5787
1 7182
1 3879
1 6921
1 4329
1 19809
1 16380
1 10008
1 4131
1 4203
1 8181
1 12645
1 9756
1 14067
1 7119
1 12051
1 6057
1 15876
1 8082
1 4689
1 5823
1 16083
1 15381
1 15696
1 9792
1 11142
1 10980
1 8127
1 7416
1 6831
1 13473
1 5382
1 5778
1 11178
1 15264
1 5769
1 7182
1 17595
1 14616
1 17424
1 7776
1 8712
1 11772
1 9252
1 11493
1 14238
1 7092
1 11889
1 6579
1 12906
1 16767
1 18639
1 12888
1 10431
1 6606
1 3870
1 4644
1 8451
1 9297
1 11322
1 11700
1 6390
1 3321
1 2682
1 14697
1 8325
1 7659
1 21087
1 6795
1 15246
1 7866
1 7704
1 4770
1 16020
1 6084
1 11232
1 10170
1 9594
1 2457
1 12906
1 3789
1 14229
1 8919
1 7452
1 9936
1 9387
1 8091
1 13077
1 14652
1 24984
1 6228
1 14049
1 5031
1 5814
1 5301
1 6309
1 20709
1 5229
1 11952
1 8127
1 7056
1 8775
1 7443
1 21204
1 10161
1 14913
1 5490
1 7299
1 8640
1 10242
1 10440
1 3015
1 14409
1 10773
1 6309
1 13599
1 17001
1 19440
1 13158
1 6984
1 6543
1 7992
1 4905
1 8514
1 4941
1 4590
1 5823
1 12366
1 5472
1 12312
1 3978
1 13941
1 17109
1 15417
1 10818
1 7749
1 12672
1 13311
1 9990
1 5904
1 8253
1 11592
1 9603
1 8424
1 5949
1 15120
1 17478
1 9396
1 13986
1 14715
1 13212
1 16443
1 21258
1 12042
1 13410
1 25776
1 7758
1 8352
1 6786
1 6075
1 10152
1 7569
1 4806
1 13554
1 12312
1 8145
1 10098
1 11664
1 6399
1 11988
1 5040
1 20070
1 13059
1 12960
1 11988
1 10962
1 11736
1 11268
1 8982
1 22473
1 7524
1 16857
1 13815
1 8811
1 3366
1 14841
1 5652
1 14949
1 9252
1 1845
1 16524
1 9009
1 12375
1 4176
1 9963
1 22419
1 16902
1 7983
1 8037
1 5922
1 6264
1 6057
1 7389
1 9675
1 23769
1 10629
1 13167
1 10476
1 8532
1 13419
1 14058
1 10773
1 7137
1 7920
1 9963
1 10719
1 19485
1 3888
1 11934
1 10449
1 8622
1 11052
1 10152
1 12330
1 15912
1 11277
1 6903
1 4905
1 8379
1 8865
1 8244
1 6939
1 8937
1 7326
1 7578
1 4176
1 26244
1 19278
1 27171
1 10197
1 16308
1 6660
1 10233
1 9675
1 7488
1 13581
1 5373
1 19008
1 4842
1 5283
1 13284
1 10233
1 13122
1 4905
1 12195
1 12735
1 5094
1 12078
1 6039
1 16830
1 6093
1 8505
1 8658
1 8595
1 13122
1 5202
1 11466
1 9198
1 4725
1 5814
1 5508
1 14373
1 5553
1 10251
1 4779
1 5796
1 10080
1 19719
1 5706
1 10395
1 8622
1 21375
1 16074
1 5976
1 6066
1 10188
1 6993
1 2844
1 5706
1 8721
1 11988
1 19485
1 11403
1 7452
1 5436
1 12672
1 14949
1 24435
1 3024
1 9711
1 8649
1 5283
1 18207
1 2790
1 9360
1 9819
1 8622
1 8856
1 3348
1 2907
1 12636
1 11340
1 12915
1 4959
1 5994
1 9153
1 14616
1 4392
1 7803
1 12177
1 5850
1 10620
1 11601
1 13428
1 11808
1 9819
1 7146
1 12870
1 10251
1 9486
1 15912
1 7731
1 14121
1 7920
1 19584
1 7686
1 11907
1 10368
1 9594
1 4707
1 8280
1 6525
1 5625
1 8217
1 3096
1 6327
1 15471
1 8883
1 12897
1 10737
1 6912
1 8892
1 3996
1 12816
1 11637
1 14940
1 5769
1 11673
1 12294
1 17703
1 12267
1 12672
1 3501
1 10629
1 8262
1 13932
1 9783
1 8172
1 6732
1 8217
1 7074
1 14220
1 6453
1 11331
1 12726
1 13221
1 9612
1 10494
1 8127
1 7263
1 17820
1 9657
1 14085
1 11691
1 6012
1 7497
1 6804
1 6183
1 9495
1 8163
1 27315
1 11817
1 14319
1 5616
1 10134
1 9108
1 7587
1 4986
1 3186
1 11574
1 14256
1 5076
1 15417
1 14031
1 10395
1 5922
1 8199
1 11979
1 21969
1 8460
1 17298
1 8181
1 10809
1 8622
1 9270
1 9693
1 9981
1 9594
1 9603
1 9117
1 23508
1 6525
1 10719
1 13185
1 11763
1 17244
1 9864
1 8739
1 11889
1 5661
1 10269
1 11799
1 5877
1 7803
1 11304
1 10440
1 6750
1 13050
1 13221
1 11259
1 10926
1 9801
1 10890
1 9369
1 16713
1 10944
1 12699
1 6039
1 5625
1 15552
1 14679
1 7992
1 9963
1 5985
1 9090
1 10512
1 8388
1 8226
1 15768
1 14436
1 10224
1 6966
1 9198
1 8406
1 11484
1 21771
1 10971
1 14427
1 9090
1 8838
1 16578
1 8289
1 10584
1 6777
1 13995
1 4086
1 17766
1 2898
1 5283
1 8352
1 8811
1 24084
1 6615
1 6588
1 8928
1 9054
1 3816
1 10161
1 16056
1 24948
1 11547
1 9279
1 21627
1 6786
1 4545
1 14670
1 13581
1 17757
1 16056
1 11133
1 6156
1 12519
1 10530
1 12690
1 11277
1 3771
1 13239
1 14211
1 12663
1 10719
1 7857
1 13545
1 10053
1 12114
1 4482
1 11826
1 3087
1 4563
1 14724
1 21186
1 6723
1 6939
1 7290
1 8469
1 3393
1 14535
1 13869
1 5553
1 6399
1 15885
1 13320
1 8262
1 6363
1 19782
1 6129
1 6606
1 5391
1 6876
1 14148
1 6390
1 5103
1 6993
1 10962
1 14391
1 7290
1 8784
1 11988
1 6930
1 20430
1 5481
1 11727
1 9684
1 10080
1 15363
1 6948
1 3618
1 13329
1 7344
1 16092
1 17496
1 14328
1 6561
1 3258
1 5067
1 11394
1 11934
1 18945
1 9531
1 9702
1 15138
1 4743
1 3555
1 12348
1 10422
1 11610
1 9216
1 7155
1 12546
1 10062
1 10881
1 7047
1 12033
1 9198
1 18450
1 13374
1 6759
1 13743
1 4491
1 7137
1 15993
1 4806
1 9279
1 17766
1 12978
1 5058
1 16209
1 12177
1 9675
1 3987
1 10953
1 5976
1 3510
1 8280
1 8883
1 4770
1 10521
1 7443
1 11349
1 11952
1 5184
1 9243
1 6372
1 9585
1 18351
1 4860
1 8802
1 8523
1 8118
1 7623
1 6354
1 10800
1 10350
1 7632
1 4338
1 4302
1 7722
1 8217
1 8613
1 12087
1 7722
1 8658
1 13914
1 12150
1 8163
1 10620
1 12951
1 14679
1 9468
1 5904
1 10413
1 5067
1 11691
1 3942
1 8424
1 8460
1 12951
1 14409
1 25965
1 10296
1 12015
1 4950
1 6885
1 12564
1 7875
1 10971
1 13608
1 2889
1 8127
1 6426
1 5733
1 5400
1 10602
1 12717
1 9000
1 9360
1 17370
1 7641
1 22725
1 7614
1 2691
1 15381
1 14130
1 9342
1 14022
1 9891
1 12537
1 5904
1 11169
1 14265
1 8793
1 2781
1 7110
1 15993
1 16335
1 10872
1 12384
1 13122
1 9927
1 7290
1 4320
1 13797
1 29025
1 6354
1 25065
1 17721
1 7776
1 11520
1 11025
1 6696
1 15930
1 5409
1 16389
1 6102
1 8253
1 11016
1 11763
1 16488
1 5643
1 16155
1 4095
1 9459
1 11052
1 9261
1 14148
1 4446
1 11610
1 20394
1 7929
1 2745
1 16434
1 19431
1 5634
1 9378
1 4860
1 12870
1 12438
1 4788
1 13050
1 4266
1 5832
1 12168
1 8478
1 6192
1 15534
1 5688
1 12186
1 11214
1 12177
1 5670
1 12339
1 18567
1 7236
1 5517
1 19233
1 18315
1 14949
1 15399
1 11709
1 7479
1 16308
1 15714
1 4401
1 13347
1 3834
1 6192
1 12384
1 15885
1 8001
1 6336
1 17694
1 15021
1 12960
1 8667
1 5076
1 8469
1 2736
1 8559
1 4716
1 5283
1 16119
1 12717
1 6651
1 7389
1 4473
1 7812
1 16191
1 5814
1 8100
1 16227
1 9558
1 15174
1 12843
1 12789
1 5913
1 5949
1 3699
1 14535
1 13626
1 8559
1 14616
1 3141
1 5823
1 17775
1 10701
1 9720
1 8946
1 13752
1 7569
1 4248
1 8640
1 6552
1 11133
1 14994
1 7983
1 11574
1 7632
1 8937
1 7938
1 11970
1 5319
1 13626
1 10539
1 7497
1 7497
1 2736
1 6174
1 9855
1 7758
1 6750
1 15084
1 4185
1 6957
1 12132
1 12465
1 10557
1 12942
1 9324
1 6849
1 5940
1 4869
1 11736
1 9252
1 13059
1 10251
1 8946
1 10872
1 9738
1 10098
1 13167
1 7578
1 8469
1 17316
1 12258
1 7470
1 7938
1 8991
1 4833
1 7209
1 8046
1 11043
1 14742
1 8325
1 15336
1 4059
1 13131
1 9081
1 3447
1 3123
1 17784
1 7272
1 10206
1 6246
1 7947
1 22329
1 7452
1 5931
1 12672
1 15093
1 6642
1 11628
1 6588
1 10107
1 7992
1 27702
1 12501
1 18675
1 17568
1 10818
1 5958
1 12906
1 12204
1 10404
1 12456
1 10368
1 20619
1 10053
1 13410
1 15930
1 9045
1 6372
1 13851
1 10512
1 12267
1 6129
1 9243
1 11340
1 9180
1 13284
1 9468
1 4356
1 8658
1 16974
1 10188
1 5940
1 8064
1 14175
1 6993
1 13239
1 11655
1 6021
1 13680
1 8946
1 6039
1 8730
1 9612
1 5085
1 7659
1 5580
1 7020
1 7380
1 11646
1 13797
1 13239
1 11610
1 10224
1 18846
1 6264
1 5031
1 11268
1 9153
1 8028
1 9684
1 7623
1 5616
1 6453
1 4995
1 6300
1 7524
1 11565
1 12744
1 20286
1 8496
1 20502
1 12294
1 9180
1 7569
1 17109
1 8100
1 15894
1 8073
1 9801
1 14742
1 10035
1 17190
1 9234
1 4536
1 9936
1 12645
1 3996
1 4896
1 3933
1 2565
1 11385
1 16200
1 4923
1 18621
1 14202
1 8784
1 7119
1 16632
1 11556
1 11106
1 10611
1 19134
1 24246
1 8973
1 8577
1 9045
1 7101
1 12717
1 3645
1 8523
1 13608
1 18063
1 17577
1 11628
1 9819
1 7623
1 5643
1 19566
1 7533
1 18747
1 4689
1 12996
1 7191
1 26298
1 10602
1 3123
1 12330
1 18162
1 7740
1 8523
1 15084
1 11313
1 9486
1 10251
1 6120
1 9144
1 12546
1 4860
1 5319
1 7263
1 11277
1 3870
1 9378
1 12285
1 6066
1 8550
1 15471
1 5454
1 16533
1 10071
1 5157
1 11502
1 7326
1 6201
1 7875
1 5994
1 5472
1 9558
1 5652
1 10557
1 9648
1 16677
1 4869
1 7416
1 10683
1 19125
1 6147
1 9666
1 13680
1 5787
1 12546
1 3375
1 7992
1 6849
1 14040
1 8154
1 6741
1 9351
1 14895
1 9090
1 5049
1 11583
1 11673
1 9756
1 4167
1 7920
1 16155
1 13671
1 13455
1 16245
1 8685
1 7101
1 15498
1 2646
1 6939
1 11727
1 9018
1 13437
1 6939
1 4032
1 7200
1 9612
1 5238
1 6444
1 16821
1 4302
1 10647
1 4419
1 1908
1 7722
1 3933
1 6381
1 15435
1 9288
1 10872
1 5544
1 14760
1 8064
1 12591
1 11340
1 12087
1 4959
1 8415
1 4896
1 15417
1 12726
1 9774
1 8712
1 15219
1 12393
1 7983
1 13392
1 7776
1 20241
1 9342
1 10629
1 20421
1 5499
1 9720
1 11268
1 10053
1 3825
1 16677
1 14148
1 2025
1 14499
1 7506
1 4896
1 21978
1 9369
1 9126
1 7668
1 12051
1 10629
1 8217
1 9702
1 14400
1 16938
1 9414
1 7776
1 15264
1 9801
1 13077
1 5562
1 3978
1 19665
1 7803
1 8676
1 22068
1 8685
1 5967
1 12033
1 13959
1 10062
1 14418
1 7416
1 14301
1 12636
1 8829
1 4338
1 10296
1 13869
1 5238
1 16704
1 6462
1 10494
1 3780
1 10539
1 13014
1 11664
1 3708
1 8829
1 11970
1 13545
1 7812
1 17883
1 5607
1 5616
1 8793
1 2772
1 5625
1 11124
1 13968
1 9180
1 5058
1 20898
1 11277
1 5517
1 16875
1 12141
1 13023
1 12429
1 8037
1 10764
1 11241
1 3969
1 17091
1 8316
1 7650
1 4914
1 6120
1 6858
1 7218
1 17208
1 13608
1 8136
1 8802
1 12969
1 13716
1 6660
1 3573
1 9333
1 3609
1 4059
1 17604
1 5391
1 10584
1 15363
1 7191
1 8073
1 2403
1 13824
1 12357
1 5715
1 9549
1 5346
1 7830
1 7209
1 5094
1 6480
1 10935
1 10287
1 2790
1 9225
1 16614
1 15588
1 5022
1 10863
1 8856
1 15129
1 3393
1 5868
1 10350
1 9846
1 11817
1 3231
1 10962
1 8604
1 10413
1 10287
1 6858
1 14274
1 14283
1 4887
1 13086
1 8703
1 8739
1 11646
1 17802
1 9090
1 7389
1 7191
1 11853
1 5751
1 19917
1 4365
1 7920
1 3483
1 10989
1 6903
1 10287
1 9909
1 5850
1 8289
1 12474
1 20331
1 5391
1 4050
1 9027
1 4761
1 8181
1 12618
1 12132
1 5544
1 13320
1 6795
1 6300
1 23616
1 6678
1 23193
1 6147
1 9819
1 6156
1 7659
1 5670
1 6696
1 7929
1 7227
1 13068
1 7731
1 8406
1 14076
1 8397
1 14148
1 19269
1 13230
1 3492
1 5283
1 7911
1 9333
1 12249
1 10197
1 18639
1 18378
1 6525
1 11934
1 13815
1 14328
1 3267
1 10854
1 16569
1 9333
1 7902
1 11223
1 6300
1 16164
1 9135
1 8028
1 8010
1 9522
1 14418
1 10485
1 5841
1 4815
1 4455
1 9252
1 18333
1 6174
1 11178
1 17901
1 7389
1 4617
1 14247
1 8766
1 1854
1 9288
1 13203
1 9162
1 15435
1 2844
1 14850
1 6741
1 3321
1 7479
1 10359
1 9396
1 8577
1 10539
1 22356
1 10737
1 11538
1 10809
1 7452
1 9765
1 12186
1 10737
1 11655
1 10872
1 4707
1 12006
1 13833
1 12447
1 13716
1 18450
1 10863
1 14229
1 5193
1 17910
1 10116
1 18000
1 5238
1 10791
1 9603
1 19026
1 19620
1 8901
1 9468
1 9477
1 6507
1 9468
1 8037
1 5040
1 8667
1 14634
1 11808
1 4923
1 8775
1 10161
1 8874
1 4905
1 9972
1 9108
1 8640
1 9396
1 14067
1 7929
1 16398
1 12726
1 11043
1 6084
1 20628
1 10980
1 14922
1 6165
1 10494
1 8937
1 12285
1 10836
1 7290
1 8676
1 15156
1 9666
1 13239
1 7830
1 7992
1 8307
1 8064
1 17901
1 6858
1 10809
1 12816
1 3564
1 8370
1 7425
1 4203
1 12195
1 9549
1 3042
1 8316
1 6903
1 18792
1 9468
1 8118
1 9315
1 7614
1 7677
1 7479
1 9963
1 14454
1 5931
1 9675
1 1557
1 4311
1 10782
1 8469
1 11295
1 5220
1 9423
1 8649
1 4401
1 15210
1 5841
1 10908
1 11115
1 4041
1 10008
1 12492
1 6795
1 7596
1 8568
1 6363
1 7668
1 14103
1 11106
1 13410
1 6039
1 14895
1 14598
1 9900
1 17226
1 9720
1 10323
1 4788
1 8640
1 6102
1 9756
1 14535
1 7614
1 10098
1 4347
1 11601
1 3240
1 8172
1 4887
1 8829
1 13599
1 5418
1 9315
1 13257
1 5247
1 15012
1 26037
1 12321
1 6192
1 6534
1 8838
1 12366
1 13437
1 8361
1 11637
1 19278
1 4950
1 15876
1 15003
1 27945
1 11736
1 10242
1 7704
1 11970
1 14724
1 9108
1 6336
1 13995
1 12888
1 13716
1 2745
1 13563
1 7092
1 11358
1 12573
1 11592
1 7650
1 8199
1 9279
1 16335
1 7947
1 9306
1 16191
1 8136
1 9243
1 14508
1 8559
1 4725
1 10476
1 5868
1 6354
1 6345
1 6939
1 8415
1 12879
1 9756
1 9612
1 3519
1 15021
1 15255
1 15300
1 7758
1 5337
1 6219
1 15957
1 8613
1 2961
1 13086
1 5913
1 6894
1 9090
1 12636
1 3717
1 19539
1 7416
1 9036
1 10845
1 4203
1 10836
1 21528
1 6849
1 7011
1 5751
1 15246
1 11556
1 8865
1 3942
1 16533
1 11250
1 11763
1 17802
1 17721
1 8532
1 15120
1 4680
1 11835
1 7533
1 16947
1 16065
1 16920
1 11529
1 17415
1 10665
1 5868
1 16749
1 11754
1 5247
1 9558
1 17109
1 8451
1 8766
1 2187
1 22554
1 5769
1 5760
1 15759
1 8586
1 9765
1 7731
1 8982
1 10953
1 10053
1 7371
1 10764
1 13959
1 7713
1 22401
1 12159
1 9774
1 8829
1 4320
1 16983
1 14517
1 12447
1 8532
1 14409
1 6147
1 11160
1 12699
1 9378
1 12645
1 9081
1 16434
1 12564
1 3933
1 6471
1 4833
1 6219
1 13968
1 6147
1 9711
1 12051
1 11430
1 18126
1 5850
1 7488
1 11016
1 12321
1 13752
1 6651
1 14904
1 4185
1 8217
1 11187
1 10719
1 5418
1 7362
1 7659
1 6012
1 6948
1 9369
1 8064
1 4779
1 16776
1 14364
1 6921
1 8379
1 13446
1 13329
1 6759
1 14454
1 11889
1 10332
1 16218
1 7713
1 5031
1 11592
1 14949
1 14175
1 13635
1 4563
1 11781
1 3663
1 13500
1 7524
1 5949
1 7029
1 5634
1 16236
1 13770
1 12060
1 5805
1 7110
1 7470
1 11601
1 3546
1 6318
1 11862
1 16956
1 9900
1 2583
1 4617
1 16506
1 9333
1 4113
1 16200
1 11637
1 4500
1 2205
1 11475
1 2160
1 15903
1 7524
1 20196
1 14112
1 16902
1 6633
1 9225
1 5832
1 10647
1 8883
1 8685
1 9828
1 12087
1 7200
1 12618
1 5310
1 20502
1 14499
1 8109
1 13167
1 5247
1 11214
1 6372
1 8325
1 6615
1 11124
1 8568
1 10593
1 9783
1 16920
1 13383
1 8910
1 10161
1 8190
1 10458
1 12528
1 6768
1 9243
1 10953
1 7299
1 4905
1 9450
1 17883
1 16812
1 9819
1 10827
1 9396
1 14346
1 27387
1 9477
1 6894
1 7434
1 8154
1 7191
1 13266
1 7848
1 10629
1 15786
1 16236
1 15354
1 5841
1 14859
1 6093
1 9495
1 13140
1 4329
1 18747
1 29835
1 6336
1 15192
1 13194
1 7929
1 18423
1 6219
1 16317
1 11691
1 13581
1 5265
1 10161
1 11853
1 9999
1 7893
1 7704
1 13050
1 12123
1 13329
1 9288
1 11835
1 10377
1 9324
1 26433
1 24732
1 8586
1 11124
1 16236
1 15435
1 14832
1 10980
1 6921
1 7470
1 18630
1 17442
1 15201
1 5778
1 13572
1 12330
1 9477
1 9792
1 10152
1 20142
1 8109
1 10395
1 15318
1 4968
1 11115
1 13788
1 13122
1 8046
1 19242
1 21960
1 5067
1 12033
1 12825
1 8901
1 9432
1 13788
1 15444
1 8793
1 6201
1 9189
1 13698
1 3744
1 6075
1 11691
1 16326
1 11988
1 9936
1 13239
1 10044
1 13698
1 17298
1 6561
1 5409
1 13212
1 8901
1 6426
1 8055
1 13410
1 4005
1 6948
1 7596
1 8514
1 12960
1 21339
1 10026
1 6264
1 7308
1 9306
1 5049
1 18135
1 12825
1 4779
1 11799
1 19845
1 9972
1 12762
1 12780
1 22896
1 7155
1 17280
1 13716
1 12060
1 10341
1 22167
1 10476
1 11349
1 8010
1 8667
1 6210
1 10818
1 14598
1 9360
1 8523
1 10251
1 4077
1 7155
1 19584
1 14049
1 10998
1 8820
1 5283
1 7929
1 7704
1 12114
1 8955
1 7578
1 8055
1 4446
1 15759
1 7290
1 8766
1 6327
1 12816
1 10638
1 2052
1 19773
1 11997
1 17523
1 20583
1 8028
1 16470
1 17964
1 7821
1 9747
1 7218
1 5958
1 12438
1 9324
1 8226
1 21879
1 9423
1 10008
1 13581
1 5553
1 12582
1 9153
1 11916
1 6048
1 3897
1 11871
1 12402
1 6138
1 8037
1 9540
1 10314
1 13806
1 13716
1 6021
1 2961
1 5247
1 5373
1 9252
1 5652
1 15939
1 9009
1 9684
1 8109
1 4761
1 7137
1 6921
1 13329
1 4572
1 5148
1 12015
1 4122
1 5022
1 5481
1 8730
1 6237
1 5832
1 11646
1 13860
1 9675
1 11007
1 4365
1 10710
1 16308
1 2862
1 15543
1 8190
1 10314
1 6489
1 3042
1 13554
1 6867
1 6174
1 9801
1 14130
1 6174
1 8262
1 16281
1 10926
1 20835
1 3357
1 8694
1 5868
1 9288
1 8631
1 13743
1 11511
1 10575
1 11637
1 4743
1 10602
1 14607
1 9819
1 6291
1 11979
1 10854
1 6471
1 16281
1 7182
1 12150
1 4554
1 3825
1 12447
1 6903
1 9702
1 8721
1 7128
1 9702
1 19269
1 10746
1 15471
1 5913
1 13122
1 8757
1 22590
1 10647
1 11340
1 7776
1 9720
1 5418
1 6462
1 14247
1 12105
1 14652
1 9171
1 11817
1 8010
1 11889
1 7740
1 18711
1 4194
1 10260
1 6480
1 3681
1 7299
1 12789
1 3636
1 13869
1 8577
1 9927
1 7389
1 8100
1 24840
1 18945
1 11331
1 13248
1 11088
1 3699
1 6228
1 8802
1 5976
1 7326
1 17073
1 16623
1 5049
1 10962
1 8028
1 16308
1 8073
1 3834
1 12510
1 8622
1 6471
1 5841
1 13770
1 11691
1 10251
1 13068
1 25488
1 3510
1 5490
1 11457
1 14040
1 9162
1 17649
1 10278
1 6120
1 10665
1 5355
1 7983
1 15525
1 12204
1 6723
1 14652
1 13140
1 8667
1 8982
1 12321
1 9315
1 7767
1 12312
1 10377
1 12150
1 7092
1 14157
1 8361
1 17775
1 10683
1 10170
1 9639
1 11142
1 8271
1 14283
1 2394
1 11826
1 9234
1 12312
1 12825
1 10602
1 13149
1 11097
1 18180
1 11574
1 7785
1 5814
1 7209
1 19440
1 7812
1 12447
1 5823
1 15327
1 8613
1 7722
1 9432
1 12096
1 11484
1 7614
1 19476
1 10710
1 11232
1 3582
1 6363
1 11745
1 8604
1 8811
1 2529
1 13986
1 6255
1 10638
1 7173
1 4482
1 6102
1 23445
1 7884
1 6021
1 7578
1 13545
1 7533
1 4590
1 8901
1 15768
1 19161
1 9288
1 7695
1 8334
1 10764
1 10053
1 10854
1 15561
1 6057
1 6345
1 2799
1 6228
1 5076
1 5562
1 7056
1 4059
1 5859
1 4905
1 12222
1 13707
1 6345
1 6012
1 13761
1 10062
1 6516
1 14301
1 11538
1 10629
1 15804
1 3969
1 9117
1 16947
1 6561
1 9720
1 9675
1 22707
1 6966
1 7326
1 12429
1 8370
1 4932
1 8991
1 14103
1 8370
1 15534
1 4320
1 17217
1 7218
1 11637
1 17775
1 10692
1 10980
1 6444
1 17892
1 8847
1 6147
1 6111
1 2529
1 19125
1 7047
1 13671
1 16650
1 5850
1 9378
1 7407
1 5031
1 4815
1 13572
1 3600
1 10062
1 9135
1 9675
1 5670
1 10728
1 8361
1 6471
1 8010
1 10404
1 12177
1 11808
1 13194
1 3159
1 16110
1 12438
1 9009
1 17541
1 13275
1 12456
1 12402
1 9702
1 6966
1 13491
1 16029
1 7470
1 9207
1 17352
1 13392
1 9135
1 14418
1 15471
1 15165
1 9801
1 9864
1 5787
1 10215
1 4716
1 3177
1 9657
1 13986
1 12807
1 15192
1 8379
1 5328
1 12915
1 10854
1 12168
1 9153
1 10962
1 3447
1 9990
1 15309
1 16371
1 6741
1 8172
1 3141
1 19872
1 9234
1 16830
1 17712
1 15291
1 2619
1 10530
1 6381
1 5031
1 14931
1 13743
1 3636
1 11052
1 9855
1 7119
1 8721
1 6336
1 10107
1 6678
1 8541
1 7848
1 6462
1 9405
1 11421
1 11907
1 18990
1 13644
1 14967
1 12420
1 7785
1 10791
1 8298
1 6786
1 5769
1 10962
1 7092
1 8397
1 11115
1 5157
1 9648
1 17991
1 6075
1 15201
1 10602
1 6219
1 12897
1 7776
1 13473
1 8649
1 12987
1 7938
1 8424
1 4464
1 15741
1 6561
1 12510
1 5013
1 24066
1 13716
1 3636
1 6426
1 8019
1 10377
1 9630
1 6129
1 12150
1 8856
1 15444
1 12672
1 8865
1 7173
1 13032
1 9891
1 17982
1 4401
1 16902
1 9819
1 12933
1 4437
1 7713
1 8127
1 8154
1 10845
1 4410
1 4626
1 9639
1 11169
1 6894
1 14967
1 9576
1 11664
1 18180
1 14544
1 12366
1 12465
1 9198
1 11106
1 9828
1 10638
1 6066
1 12942
1 15426
1 7488
1 13338
1 4329
1 9621
1 7758
1 12015
1 14688
1 14985
1 9603
1 13005
1 15777
1 4500
1 15282
1 5868
1 13716
1 18954
1 10575
1 10251
1 8775
1 11205
1 5976
1 6129
1 13419
1 6741
1 7353
1 7317
1 10314
1 11061
1 3987
1 4239
1 13257
1 5724
1 10278
1 8460
1 13194
1 15381
1 5112
1 7866
1 9000
1 10593
1 9279
1 11241
1 5517
1 16461
1 6093
1 6705
1 8730
1 14040
1 10728
1 7029
1 10314
1 4446
1 6804
1 7614
1 15759
1 10818
1 12042
1 7209
1 4932
1 12240
1 4446
1 15282
1 21114
1 7920
1 13806
1 20988
1 7416
1 18792
1 8613
1 3798
1 5283
1 12618
1 8667
1 18504
1 6642
1 1251
1 7425
1 12744
1 5535
1 10917
1 6885
1 14949
1 12213
1 9918
1 10503
1 10692
1 13590
1 11232
1 14661
1 14112
1 16632
1 9189
1 6444
1 3771
1 10827
1 19827
1 26658
1 5607
1 12681
1 5346
1 10602
1 14931
1 11646
1 11007
1 4545
1 10413
1 14850
1 8028
1 18738
1 6174
1 10305
1 6318
1 10530
1 21942
1 17397
1 18576
1 7524
1 6129
1 9054
1 14661
1 10170
1 5139
1 4635
1 7641
1 7947
1 8748
1 5436
1 11052
1 11412
1 9630
1 12681
1 5445
1 10872
1 19953
1 16056
1 7236
1 11340
1 7992
1 5166
1 6300
1 10044
1 12177
1 10152
1 11007
1 7776
1 14589
1 15363
1 8613
1 9018
1 3483
1 14976
1 8406
1 3555
1 7803
1 6930
1 13320
1 15246
1 6066
1 7164
1 9585
1 17352
1 9558
1 4500
1 10746
1 6705
1 14391
1 10674
1 6552
1 14445
1 12429
1 3771
1 15084
1 4707
1 13032
1 10854
1 7623
1 12177
1 9576
1 9279
1 12249
1 13257
1 4014
1 4563
1 11556
1 5751
1 15318
1 6390
1 8784
1 14508
1 15309
1 13086
1 11538
1 20547
1 5787
1 11466
1 7812
1 7911
1 12636
1 7812
1 11592
1 15120
1 8586
1 5400
1 15057
1 7857
1 6669
1 9783
1 8811
1 7029
1 4653
1 5958
1 7551
1 12015
1 11466
1 10161
1 10962
1 11043
1 8010
1 5481
1 16884
1 12681
1 4914
1 10395
1 11592
1 10215
1 3438
1 14814
1 6786
1 12213
1 7515
1 10053
1 17280
1 2871
1 8901
1 9441
1 5076
1 7929
1 4878
1 7380
1 9144
1 12096
1 15570
1 13995
1 17136
1 15309
1 19809
1 9612
1 9198
1 14940
1 15228
1 3978
1 11178
1 16011
1 10593
1 15777
1 10953
1 5832
1 9189
1 4077
1 5058
1 6534
1 15093
1 11124
1 3573
1 10953
1 15768
1 6048
1 13023
1 19026
1 13239
1 7677
1 11610
1 8388
1 10449
1 33102
1 5643
1 6453
1 7434
1 13572
1 13662
1 10872
1 8523
1 6768
1 11205
1 7290
1 6057
1 16182
1 26262
1 6804
1 3735
1 8514
1 4500
1 8073
1 9036
1 17532
1 8226
1 9090
1 10503
1 7749
1 12627
1 7515
1 9036
1 6543
1 20970
1 10656
1 6750
1 13095
1 6579
1 13482
1 12069
1 18477
1 9729
1 7875
1 8595
1 8928
1 8928
1 13815
1 6264
1 3294
1 17073
1 11304
1 16596
1 10602
1 7110
1 16407
1 6003
1 7011
1 6750
1 8766
1 5868
1 17469
1 5364
1 5022
1 5355
1 9504
1 9081
1 9567
1 6021
1 10710
1 15615
1 12600
1 15615
1 7848
1 6912
1 8820
1 14769
1 8820
1 4716
1 26136
1 8892
1 14346
1 5778
1 8073
1 7677
1 5130
1 4311
1 8127
1 9522
1 8442
1 12546
1 4167
1 9756
1 15642
1 11025
1 12240
1 9405
1 9144
1 9090
1 5040
1 8235
1 10503
1 10116
1 10683
1 10278
1 11376
1 8487
1 9720
1 5481
1 14562
1 13500
1 10188
1 10881
1 9252
1 6885
1 10386
1 7749
1 16956
1 10917
1 12735
1 7578
1 18360
1 15228
1 3033
1 14724
1 9063
1 6966
1 6570
1 4473
1 16272
1 13050
1 5328
1 5607
1 8370
1 12978
1 10332
1 5940
1 14814
1 13356
1 3870
1 9342
1 22320
1 9099
1 17100
1 16821
1 11538
1 7470
1 8847
1 6714
1 12420
1 9666
1 8757
1 8451
1 13635
1 5355
1 12456
1 7389
1 13644
1 14364
1 6732
1 6849
1 7641
1 4833
1 18630
1 7866
1 16911
1 6066
1 8424
1 6453
1 6570
1 18360
1 5679
1 6156
1 16083
1 16128
1 8082
1 9072
1 15102
1 4374
1 10836
1 15471
1 12573
1 12006
1 11349
1 8631
1 3843
1 20052
1 5697
1 12915
1 5994
1 12096
1 16191
1 3447
1 5517
1 15480
1 14616
1 8370
1 13329
1 11709
1 12150
1 6633
1 8532
1 11979
1 8892
1 18099
1 7740
1 6120
1 4095
1 7335
1 6534
1 9918
1 13815
1 7830
1 8847
1 8001
1 6012
1 9936
1 7956
1 5076
1 9027
1 6264
1 8586
1 7002
1 9144
1 7020
1 5112
1 15255
1 2637
1 13752
1 15246
1 3582
1 6804
1 6957
1 14994
1 11277
1 9054
1 6462
1 6714
1 10197
1 5445
1 5382
1 8703
1 8532
1 12294
1 14130
1 9909
1 5364
1 12645
1 7596
1 8433
1 13878
1 14472
1 5427
1 9207
1 10575
1 12537
1 5679
1 5013
1 8811
1 12906
1 5175
1 3429
1 11601
1 4311
1 9765
1 12285
1 8676
1 11763
1 4446
1 8352
1 5112
1 6651
1 10233
1 9567
1 3609
1 7218
1 12888
1 6147
1 13788
1 18153
1 9999
1 11313
1 14166
1 7146
1 4176
1 3897
1 5769
1 8523
1 12924
1 10602
1 10413
1 13212
1 10809
1 7704
1 7272
1 8109
1 4824
1 9801
1 4221
1 2331
1 5220
1 12114
1 11079
1 8100
1 13599
1 2358
1 10269
1 3726
1 8073
1 5616
1 6606
1 6921
1 7848
1 6894
1 11952
1 10287
1 13032
1 4545
1 9036
1 16497
1 3591
1 17550
1 12834
1 9072
1 7101
1 7650
1 16821
1 11124
1 2367
1 12906
1 13590
1 5994
1 12321
1 11808
1 9810
1 11691
1 5040
1 16650
1 9810
1 10548
1 19224
1 8208
1 12384
1 9450
1 17595
1 11754
1 21951
1 10674
1 7983
1 10962
1 6795
1 5724
1 5994
1 6174
1 14418
1 13356
1 5400
1 7218
1 9693
1 8451
1 10503
1 9504
1 7074
1 10305
1 4131
1 8388
1 7416
1 5049
1 6534
1 7569
1 7659
1 7920
1 5247
1 16578
1 7308
1 3573
1 14751
1 13725
1 10755
1 8937
1 14634
1 9054
1 8415
1 7587
1 8172
1 9990
1 7713
1 16380
1 9972
1 4158
1 26676
1 5418
1 8631
1 8109
1 17046
1 11790
1 5292
1 24786
1 11601
1 12060
1 10089
1 12573
1 5319
1 5553
1 6003
1 14130
1 20898
1 25794
1 3042
1 15246
1 4689
1 13392
1 9351
1 10674
1 10890
1 14256
1 7353
1 4446
1 6237
1 8928
1 12195
1 20934
1 6498
1 7776
1 2088
1 8955
1 12267
1 4905
1 22014
1 11565
1 9558
1 15246
1 5418
1 17883
1 11916
1 11295
1 3519
1 9225
1 7164
1 10701
1 3186
1 12771
1 12915
1 10809
1 8289
1 7470
1 7146
1 5679
1 6678
1 13932
1 5373
1 4077
1 11115
1 8370
1 10116
1 7299
1 6678
1 4239
1 7092
1 13734
1 9504
1 12852
1 10737
1 9279
1 6750
1 11340
1 11043
1 9594
1 10728
1 7245
1 5931
1 5994
1 10422
1 7812
1 8235
1 10818
1 6336
1 16227
1 17181
1 13734
1 7668
1 10359
1 10710
1 7398
1 7713
1 8730
1 10278
1 13203
1 5607
1 10458
1 11961
1 7245
1 11853
1 7074
1 9126
1 10647
1 11331
1 11286
1 17397
1 5697
1 12744
1 14256
1 5580
1 11475
1 7011
1 17577
1 11700
1 12960
1 11250
1 7317
1 11871
1 7713
1 5922
1 11529
1 3276
1 6858
1 10548
1 13383
1 12204
1 5625
1 8973
1 13338
1 13374
1 14841
1 11853
1 9999
1 6957
1 10152
1 10197
1 10629
1 12690
1 14895
1 14076
1 4320
1 10431
1 10755
1 7092
1 8685
1 11043
1 6840
1 6372
1 12942
1 20736
1 6597
1 10341
1 12825
1 9126
1 13050
1 7038
1 8856
1 6795
1 7587
1 9288
1 7515
1 10287
1 12051
1 10422
1 5625
1 11943
1 3366
1 10998
1 15543
1 3726
1 6399
1 4455
1 11925
1 7560
1 10629
1 4842
1 9927
1 16875
1 9441
1 13401
1 10557
1 4905
1 10197
1 3384
1 12591
1 3447
1 11925
1 16686
1 13815
1 10323
1 7074
1 8433
1 4041
1 9261
1 22842
1 13869
1 5823
1 6408
1 5670
1 8982
1 15345
1 5913
1 8055
1 5724
1 8622
1 7137
1 15021
1 7299
1 16056
1 6930
1 8559
1 14580
1 8109
1 7236
1 8973
1 8730
1 11169
1 9423
1 7542
1 10134
1 12978
1 9441
1 4860
1 10350
1 10008
1 4185
1 11493
1 10251
1 5346
1 4806
1 13329
1 4995
1 4599
1 7461
1 7011
1 6750
1 11151
1 11745
1 8712
1 10287
1 3213
1 3834
1 7479
1 11214
1 10044
1 15975
1 12555
1 7101
1 6903
1 14436
1 5850
1 10296
1 8487
1 7866
1 8415
1 6561
1 9792
1 9648
1 10656
1 5823
1 2538
1 10530
1 9531
1 10764
1 9171
1 6687
1 8415
1 7839
1 12636
1 17199
1 5049
1 11862
1 9126
1 12861
1 10251
1 12303
1 9720
1 7461
1 14751
1 9711
1 7929
1 7596
1 20943
1 5112
1 9054
1 9990
1 10125
1 11790
1 4743
1 10665
1 11466
1 8730
1 5463
1 10008
1 8919
1 15381
1 8910
1 4185
1 7839
1 4914
1 3789
1 8847
1 12771
1 8757
1 3024
1 9756
1 5517
1 14337
1 26046
1 3897
1 4608
1 4905
1 5346
1 12708
1 12474
1 5562
1 8064
1 9846
1 9198
1 14328
1 9180
1 3681
1 10341
1 11160
1 8559
1 8190
1 13032
1 3915
1 12402
1 13284
1 10116
1 8190
1 10827
1 12735
1 2061
1 14796
1 13725
1 4518
1 18558
1 8703
1 8334
1 9396
1 1980
1 14652
1 4779
1 9927
1 14301
1 16461
1 7731
1 10143
1 6138
1 6624
1 4401
1 14688
1 10737
1 7839
1 10503
1 10674
1 1827
1 9378
1 7398
1 7308
1 12087
1 15264
1 4473
1 7623
1 10953
1 7416
1 7020
1 11943
1 4617
1 15273
1 6975
1 9594
1 18018
1 7389
1 13536
1 9603
1 5886
1 8775
1 9396
1 9495
1 5535
1 11493
1 10611
1 11403
1 6507
1 9819
1 12861
1 15030
1 9396
1 11475
1 8937
1 10440
1 9612
1 9162
1 18279
1 21501
1 4383
1 23823
1 6669
1 15957
1 17541
1 12807
1 18711
1 18351
1 12186
1 22581
1 8001
1 11646
1 11790
1 7524
1 13104
1 12069
1 5868
1 4302
1 5283
1 7929
1 13653
1 8217
1 6813
1 6417
1 11754
1 15948
1 10530
1 6759
1 18999
1 7497
1 8046
1 14796
1 20421
1 6552
1 18486
1 8190
1 5940
1 12447
1 15066
1 10080
1 7029
1 5157
1 5562
1 3573
1 15561
1 6381
1 9342
1 7317
1 8514
1 2259
1 10350
1 3024
1 10629
1 9882
1 9180
1 12879
1 6561
1 5355
1 15129
1 11754
1 6507
1 4356
1 9333
1 4986
1 13230
1 4743
1 9711
1 10872
1 11313
1 10755
1 5895
1 6696
1 11187
1 9216
1 21105
1 12384
1 13689
1 9126
1 3798
1 12303
1 9891
1 10872
1 6138
1 11790
1 9810
1 16353
1 6444
1 10980
1 18180
1 10557
1 13806
1 9927
1 9747
1 22338
1 5157
1 8658
1 9036
1 9351
1 18639
1 8784
1 7893
1 13032
1 15111
1 5886
1 20223
1 9828
1 9198
1 7884
1 17901
1 7281
1 11727
1 5607
1 17712
1 21339
1 4869
1 10269
1 10593
1 2988
1 9405
1 12204
1 8667
1 4167
1 3015
1 5544
1 12285
1 9594
1 12474
1 6687
1 13140
1 8577
1 12429
1 9207
1 16713
1 7371
1 14940
1 9099
1 14598
1 7749
1 12105
1 6687
1 8136
1 4878
1 14310
1 11718
1 6255
1 17334
1 18306
1 10917
1 5841
1 7074
1 13662
1 4941
1 6894
1 16515
1 5391
1 5724
1 12780
1 10080
1 7965
1 8586
1 10962
1 17892
1 11619
1 6183
1 4923
1 7722
1 4572
1 2493
1 16902
1 6138
1 5382
1 8739
1 9234
1 14958
1 5814
1 10251
1 10953
1 14697
1 6642
1 4401
1 14481
1 12708
1 17829
1 9720
1 13122
1 10017
1 9027
1 10818
1 12033
1 10710
1 17370
1 7569
1 5823
1 6552
1 14490
1 13122
1 7155
1 13149
1 9027
1 10521
1 5301
1 18774
1 5418
1 7011
1 9747
1 9234
1 14913
1 5391
1 9126
1 5211
1 11880
1 15705
1 9684
1 10575
1 9297
1 7002
1 15084
1 7416
1 9081
1 15633
1 11637
1 6426
1 16587
1 9909
1 10539
1 2376
1 11862
1 9279
1 8433
1 10494
1 13950
1 8874
1 16479
1 8001
1 15948
1 11178
1 15525
1 14760
1 10827
1 12447
1 12339
1 6462
1 5274
1 5580
1 7641
1 7353
1 6687
1 12600
1 13266
1 15489
1 10935
1 6381
1 17217
1 14517
1 13032
1 10656
1 7362
1 4617
1 12114
1 14823
1 9675
1 14094
1 4734
1 13572
1 14697
1 3663
1 11745
1 9252
1 10809
1 3591
1 3627
1 12402
1 10764
1 8514
1 10827
1 9603
1 12987
1 4356
1 7740
1 11223
1 9549
1 7560
1 11160
1 17397
1 5238
1 14688
1 8802
1 19143
1 10539
1 8055
1 12978
1 10350
1 11844
1 7857
1 6345
1 8982
1 3663
1 5265
1 9792
1 13635
1 9738
1 6507
1 16911
1 8145
1 6165
1 11016
1 8280
1 6480
1 19314
1 15066
1 15354
1 3465
1 14499
1 14481
1 13653
1 6516
1 6849
1 8064
1 14544
1 11151
1 4086
1 11205
1 8109
1 5022
1 6399
1 19044
1 6993
1 4905
1 16155
1 10143
1 13383
1 8496
1 6669
1 6804
1 14742
1 13140
1 22302
1 12384
1 18774
1 5634
1 7038
1 5130
1 16092
1 11520
1 5715
1 15309
1 9099
1 7497
1 9306
1 16254
1 5202
1 12591
1 11448
1 6219
1 7740
1 13005
1 21447
1 10638
1 12321
1 16605
1 8595
1 11295
1 6588
1 8820
1 8028
1 8136
1 9045
1 5310
1 12447
1 12348
1 13284
1 13752
1 4752
1 10224
1 4221
1 6255
1 6966
1 9243
1 9171
1 7074
1 9432
1 3456
1 10179
1 10233
1 7938
1 18468
1 7479
1 8721
1 4779
1 5805
1 12645
1 11628
1 3933
1 6309
1 12897
1 14454
1 6948
1 14517
1 2709
1 6624
1 13185
1 9630
1 7785
1 14283
1 10485
1 11673
1 5274
1 13842
1 7317
1 16929
1 21114
1 8919
1 16830
1 5112
1 6129
1 7713
1 11907
1 11556
1 9333
1 12834
1 3915
1 9468
1 17919
1 8433
1 3420
1 11457
1 13932
1 2178
1 7254
1 9108
1 9198
1 3294
1 8784
1 4671
1 5076
1 7749
1 4140
1 8919
1 7605
1 5193
1 7812
1 12645
1 7326
1 10953
1 11187
1 13716
1 12024
1 7182
1 5247
1 10008
1 11196
1 4050
1 10485
1 6822
1 8550
1 14085
1 6903
1 7974
1 9432
1 4293
1 10611
1 5274
1 13563
1 7830
1 5535
1 9729
1 16542
1 12042
1 4968
1 2475
1 8280
1 8892
1 11790
1 7677
1 9216
1 4410
1 4626
1 9774
1 9216
1 9639
1 14463
1 5922
1 7002
1 4032
1 5931
1 11718
1 10458
1 14733
1 10305
1 19935
1 7551
1 12141
1 9936
1 17388
1 10089
1 7308
1 9360
1 22500
1 8262
1 11619
1 8028
1 6111
1 12600
1 7821
1 6444
1 9450
1 20025
1 7488
1 6399
1 12996
1 4707
1 7668
1 8280
1 10062
1 3627
1 13491
1 13914
1 10233
1 13950
1 9270
1 13068
1 10107
1 5544
1 6417
1 14571
1 11871
1 6750
1 12141
1 8172
1 9603
1 14517
1 17235
1 5526
1 6813
1 11889
1 11034
1 4788
1 16191
1 6822
1 8757
1 14688
1 5364
1 7173
1 7308
1 6813
1 12168
1 9243
1 16614
1 7776
1 6624
1 11790
1 6696
1 9486
1 7497
1 8307
1 7173
1 7515
1 10701
1 6444
1 11160
1 6165
1 11088
1 7965
1 5922
1 13986
1 16056
1 7668
1 8775
1 24066
1 8685
1 10395
1 9081
1 12159
1 9351
1 7560
1 5445
1 9747
1 11934
1 11034
1 3996
1 8892
1 11142
1 12267
1 9513
1 5895
1 10089
1 12141
1 8784
1 4329
1 4824
1 4734
1 9405
1 4419
1 14895
1 8433
1 9684
1 16893
1 10953
1 8289
1 9846
1 13410
1 10674
1 17973
1 6471
1 9108
1 17847
1 11619
1 11556
1 10944
1 10368
1 23193
1 4743
1 8595
1 10638
1 9693
1 23265
1 18990
1 11250
1 8577
1 7965
1 17496
1 14859
1 7281
1 5139
1 15831
1 9090
1 14094
1 13572
1 4077
1 9891
1 10782
1 11169
1 9747
1 5967
1 6075
1 18387
1 9918
1 16506
1 15498
1 18063
1 12501
1 13815
1 18855
1 15255
1 7173
1 9441
1 9594
1 5994
1 4653
1 10944
1 7920
1 12267
1 11403
1 4293
1 4437
1 2493
1 8127
1 13680
1 20844
1 2826
1 10971
1 16128
1 11196
1 7137
1 6489
1 5904
1 10593
1 6021
1 5562
1 8019
1 5769
1 9018
1 12618
1 20916
1 3654
1 14328
1 8973
1 9495
1 7740
1 3456
1 3681
1 11223
1 5238
1 5769
1 16470
1 7794
1 4338
1 11070
1 2763
1 11583
1 7110
1 11493
1 2655
1 6885
1 14625
1 5463
1 4941
1 18972
1 9504
1 13626
1 10026
1 4527
1 13392
1 10809
1 5580
1 3645
1 10863
1 12627
1 9054
1 8199
1 8658
1 5715
1 9009
1 6678
1 10062
1 9477
1 17154
1 11880
1 12609
1 8820
1 9882
1 9522
1 13284
1 14310
1 8163
1 11772
1 16011
1 6390
1 8181
1 12879
1 3816
1 10620
1 15723
1 7200
1 13077
1 11763
1 3177
1 4860
1 18324
1 10044
1 11385
1 3897
1 10629
1 9342
1 7434
1 14031
1 11259
1 16371
1 12663
1 8874
1 9198
1 12807
1 18729
1 2952
1 14904
1 2385
1 14139
1 8901
1 15633
1 15372
1 9774
1 11088
1 8973
1 11907
1 10665
1 5346
1 10575
1 17019
1 12519
1 12546
1 10125
1 10899
1 7938
1 19665
1 7857
1 7965
1 11655
1 12348
1 5130
1 5247
1 16848
1 8316
1 20151
1 10503
1 8856
1 2835
1 15453
1 9090
1 2979
1 14607
1 9900
1 21069
1 10791
1 6570
1 7254
1 5733
1 13626
1 8199
1 8694
1 7452
1 24282
1 9261
1 10467
1 20898
1 8847
1 13176
1 12105
1 12519
1 15354
1 5832
1 5994
1 9441
1 8874
1 8676
1 8397
1 4086
1 10818
1 6669
1 16893
1 16470
1 4842
1 11979
1 11133
1 10773
1 13419
1 7398
1 14616
1 11340
1 7560
1 9657
1 10629
1 6336
1 9180
1 8316
1 18342
1 7407
1 6363
1 10881
1 11790
1 6597
1 15858
1 6354
1 14985
1 6228
1 6966
1 8460
1 7038
1 6516
1 22050
1 20673
1 8946
1 5067
1 8487
1 8685
1 5985
1 11088
1 8451
1 3357
1 7758
1 11214
1 17802
1 10539
1 4230
1 6048
1 8010
1 9279
1 4077
1 11313
1 9261
1 11214
1 6273
1 6426
1 9756
1 9450
1 13257
1 11052
1 13977
1 10611
1 13464
1 12879
1 11799
1 6516
1 5328
1 12222
1 11124
1 15066
1 11394
1 28944
1 9225
1 10350
1 9027
1 3609
1 12177
1 10467
1 6507
1 10062
1 13086
1 12411
1 7830
1 2754
1 6840
1 12420
1 4896
1 18144
1 13572
1 8217
1 4302
1 7614
1 11484
1 16956
1 12708
1 11583
1 7794
1 5715
1 6768
1 15021
1 18504
1 13374
1 14634
1 6102
1 6489
1 8271
1 8433
1 6795
1 6678
1 14166
1 16407
1 19917
1 9360
1 3672
1 7254
1 14616
1 11520
1 3366
1 9711
1 4968
1 5940
1 11592
1 5103
1 5094
1 20754
1 14436
1 5652
1 10134
1 10800
1 9477
1 8919
1 12654
1 11574
1 10989
1 9216
1 4203
1 4491
1 6228
1 17964
1 19692
1 9774
1 5976
1 10098
1 13995
1 19674
1 19710
1 5130
1 12384
1 9477
1 11106
1 7155
1 5616
1 10026
1 6768
1 7479
1 11943
1 8793
1 4743
1 18918
1 6570
1 21987
1 14094
1 18243
1 9810
1 8496
1 10989
1 11961
1 19080
1 7965
1 14328
1 12654
1 9828
1 10863
1 13518
1 2322
1 4563
1 6507
1 3321
1 6363
1 10539
1 10989
1 14364
1 8910
1 13275
1 14013
1 9207
1 4779
1 8118
1 8640
1 11826
1 9729
1 7920
1 7173
1 11133
1 10233
1 12942
1 22446
1 9387
1 8397
1 10665
1 7956
1 17505
1 8973
1 6912
1 3555
1 5031
1 5463
1 12366
1 12924
1 13437
1 2151
1 7443
1 4950
1 5715
1 2934
1 4779
1 13653
1 13923
1 11097
1 14508
1 9315
1 2367
1 6804
1 12960
1 3726
1 8667
1 10044
1 10962
1 7947
1 6795
1 6435
1 8820
1 5877
1 9090
1 2691
1 9108
1 14310
1 2907
1 5301
1 2547
1 8802
1 16029
1 6939
1 6111
1 5535
1 8532
1 11205
1 12582
1 9792
1 6120
1 7884
1 17226
1 10071
1 21087
1 7128
1 10188
1 7263
1 4563
1 15057
1 12519
1 8739
1 7101
1 13239
1 12672
1 13995
1 16056
1 10251
1 9990
1 15390
1 9513
1 8190
1 19422
1 5922
1 11880
1 13005
1 15570
1 6840
1 5607
1 9657
1 4176
1 18612
1 10962
1 13149
1 13311
1 5067
1 11691
1 7308
1 20574
1 11628
1 6273
1 5994
1 10134
1 9072
1 7902
1 9882
1 9972
1 5751
1 4761
1 4977
1 10944
1 16974
1 3753
1 11214
1 7596
1 6966
1 6075
1 22302
1 24993
1 4770
1 17865
1 8892
1 14535
1 16632
1 13644
1 18261
1 7596
1 8802
1 8721
1 10890
1 9900
1 5580
1 12456
1 14382
1 12060
1 6948
1 5292
1 3348
1 7218
1 14958
1 3564
1 7452
1 11655
1 8271
1 3276
1 13815
1 12501
1 10980
1 12483
1 11943
1 6678
1 13734
1 6714
1 14652
1 8613
1 9540
1 9828
1 6795
1 20808
1 5229
1 8919
1 4545
1 9063
1 5328
1 10998
1 11169
1 9693
1 9306
1 11115
1 8523
1 9828
1 8802
1 9693
1 16065
1 7245
1 16128
1 14697
1 8847
1 5391
1 8604
1 16794
1 18432
1 6489
1 12564
1 14958
