3 304182
3 308331
3 250776
3 170595
3 234369
3 356607
3 160380
3 200736
3 268632
3 150840
3 158157
3 271188
3 137583
3 71361
3 170595
3 122841
3 137439
3 212895
3 302985
3 288549
3 157284
3 357138
3 173241
3 299421
3 41337
3 256590
3 134190
3 86823
3 143037
3 223956
3 78561
3 101961
3 248094
3 147312
3 161955
3 210213
3 211923
3 286074
3 356634
3 276066
3 264276
3 212445
3 143037
3 200817
3 200736
3 139824
3 240669
3 198108
3 150417
3 201096
3 151848
3 265617
3 142362
3 280395
3 114021
3 290502
3 194445
3 104328
3 200736
3 118062
3 203544
3 150975
3 117666
3 157284
3 157284
3 235521
3 161460
3 145764
3 145845
3 122841
3 210213
3 213102
3 113400
3 180288
3 261270
3 214785
3 333342
3 140913
3 280395
3 165186
3 171036
3 396999
3 219006
3 290502
3 356607
3 109944
3 270378
3 213903
3 267678
3 90234
3 122886
3 235521
3 276804
3 117207
3 134190
3 212445
3 253116
3 213903
3 79389
3 116910
3 201420
3 150975
3 256590
3 103995
3 233685
3 203805
3 113427
3 86427
3 270144
3 203805
3 301059
3 235521
3 122886
3 147312
3 282006
3 203544
3 165861
3 203544
3 121797
3 185292
3 257904
3 261270
3 298962
3 104328
3 280395
3 186804
3 201870
3 111897
3 198387
3 298962
3 207108
3 213903
3 290709
3 86427
3 75933
3 141039
3 156402
3 304137
3 280395
3 71091
3 233613
3 361242
3 114021
3 114021
3 276768
3 334458
3 290502
3 180243
3 115371
3 257040
3 212094
3 165861
3 200817
3 150417
3 160380
3 170379
3 324270
3 201870
3 134190
3 146565
3 232938
3 203805
3 364662
3 171036
3 357138
3 128763
3 163080
3 290709
3 264321
3 230391
3 203544
3 267723
3 114021
3 396999
3 233613
3 194409
3 114021
3 257904
3 134190
3 150840
3 139284
3 358902
3 160911
3 150507
3 282564
3 141669
3 200538
3 340920
3 340965
3 35613
3 257040
3 198387
3 223578
3 194445
3 265617
3 117666
3 198387
3 143037
3 256581
3 194445
3 370449
3 156600
3 187911
3 150975
3 220221
3 257040
3 154710
3 214866
3 198108
3 220221
3 338328
3 213903
3 114021
3 257040
3 67275
3 150975
3 117666
3 154710
3 200817
3 217134
3 343575
3 115929
3 143082
3 201096
3 331479
3 357138
3 101916
3 157284
3 79749
3 122886
3 166455
3 221742
3 119268
3 198387
3 99837
3 255375
3 114021
3 260145
3 325728
3 242379
3 99810
3 280395
3 230391
3 250776
3 248094
3 335115
3 139554
3 320040
3 116208
3 104328
3 217134
3 150840
3 203544
3 232335
3 315009
3 114741
3 157284
3 139824
3 254844
3 162504
3 330588
3 177138
3 185220
3 192168
3 299700
3 191925
3 125028
3 145845
3 334260
3 316746
3 145845
3 136350
3 86823
3 212445
3 287874
3 35613
3 212445
3 260145
3 101826
3 248094
3 145845
3 203805
3 248094
3 374625
3 175401
3 244062
3 200736
3 317961
3 271188
3 150975
3 220104
3 114021
3 119268
3 290457
3 375417
3 320040
3 220221
3 187443
3 139824
3 121797
3 170595
3 194373
3 104328
3 150840
3 170595
3 150975
3 238365
3 150840
3 177138
3 277227
3 203805
3 88362
3 347337
3 112185
3 212472
3 198387
3 200673
3 330588
3 257958
3 220221
3 212895
3 256590
3 256590
3 239877
3 298962
3 103995
3 265617
3 280269
3 86427
3 280395
3 200817
3 150417
3 181917
3 141669
3 165861
3 136107
3 78237
3 198387
3 234369
3 122886
3 376326
3 151893
3 298962
3 134541
3 248094
3 263052
3 226575
3 235521
3 210843
3 246771
3 230562
3 275895
3 99810
3 308331
3 135630
3 212472
3 316521
3 171036
3 273465
3 268632
3 280395
3 299826
3 271107
3 237555
3 280269
3 254844
3 203544
3 301428
3 215451
3 234369
3 177633
3 71361
3 76959
3 267723
3 257040
3 223956
3 194445
3 192123
3 244062
3 145845
3 279756
3 180243
3 248094
3 236520
3 134190
3 72702
3 235521
3 246618
3 270810
3 287874
3 92619
3 196947
3 223956
3 220221
3 109980
3 261270
3 244062
3 318663
3 318519
3 248094
3 192897
3 217134
3 213903
3 279540
3 234369
3 405828
3 166779
3 150840
3 244062
3 133254
3 200673
3 235521
3 139824
3 148671
3 211212
3 79389
3 65187
3 260145
3 330588
3 235521
3 243477
3 270810
3 145845
3 290457
3 330282
3 186804
3 220221
3 248094
3 223173
3 122886
3 181386
3 109368
3 175401
3 150975
3 276768
3 101826
3 271188
3 357498
3 90234
3 141039
3 152694
3 121797
3 279756
3 147600
3 223956
3 256590
3 94851
3 287874
3 170595
3 275895
3 60390
3 335169
3 308331
3 115929
3 238590
3 151038
3 160911
3 198108
3 317961
3 134190
3 101916
3 122886
3 213903
3 219006
3 331227
3 122841
3 173241
3 151848
3 109944
3 421911
3 200736
3 171036
3 284706
3 122841
3 224433
3 224433
3 298224
3 257040
3 282006
3 285516
3 271188
3 254412
3 238590
3 121671
3 240669
3 113427
3 234369
3 86427
3 212895
3 289440
3 148878
3 171567
3 226512
3 276768
3 337644
3 108567
3 185436
3 137583
3 302985
3 226575
3 203805
3 151893
3 106371
3 170595
3 157284
3 251028
3 256581
3 121671
3 186570
3 89091
3 223911
3 409284
3 134235
3 122886
3 245043
3 304992
3 248094
3 101961
3 134235
3 213750
3 168876
3 263052
3 257040
3 180243
3 329724
3 161955
3 145764
3 139779
3 198387
3 194445
3 220221
3 264321
3 86823
3 139824
3 255375
3 117666
3 203544
3 190602
3 117666
3 101961
3 78237
3 173241
3 338328
3 150507
3 108801
3 151848
3 222390
3 318663
3 150417
3 219006
3 280269
3 177633
3 148662
3 134190
3 246618
3 161955
3 80991
3 409617
3 140913
3 170595
3 226602
3 104328
3 177138
3 133254
3 180234
3 385641
3 217134
3 121176
3 101961
3 221742
3 220221
3 213435
3 263052
3 117666
3 198387
3 383823
3 122841
3 90234
3 145845
3 308331
3 93825
3 257040
3 198387
3 136350
3 140733
3 114021
3 104328
3 200817
3 170595
3 203544
3 328986
3 101961
3 114021
3 290502
3 139509
3 170595
3 334260
3 230391
3 141039
3 202311
3 192897
3 257040
3 157113
3 194445
3 157113
3 223956
3 163197
3 65187
3 101961
3 212445
3 289440
3 265617
3 256581
3 217134
3 101961
3 301383
3 187443
3 248094
3 244062
3 198108
3 78597
3 279756
3 197847
3 200817
3 235521
3 201096
3 194445
3 55629
3 221742
3 361728
3 101916
3 262287
3 114021
3 65556
3 200817
3 203544
3 177633
3 194445
3 267723
3 356634
3 198387
3 117666
3 284706
3 154710
3 114786
3 92619
3 65187
3 203544
3 325728
3 220221
3 177138
3 136314
3 121203
3 248094
3 165861
3 244062
3 145845
3 187443
3 289440
3 198108
3 347337
3 175401
3 246618
3 326160
3 284706
3 248094
3 290502
3 145764
3 145764
3 157284
3 346644
3 137583
3 93825
3 238590
3 75933
3 210843
3 194445
3 220221
3 122841
3 200736
3 275895
3 267678
3 117666
3 164313
3 224505
3 198387
3 343575
3 298962
3 187911
3 198387
3 102591
3 167139
3 224505
3 337644
3 244062
3 244062
3 330030
3 175401
3 159444
3 122886
3 122886
3 280269
3 213669
3 279756
3 65556
3 248094
3 267723
3 337599
3 101961
3 189954
3 328986
3 248094
3 220221
3 145845
3 90234
3 279495
3 320319
3 156600
3 263052
3 150840
3 276768
3 196506
3 145845
3 221742
3 356661
3 150840
3 150462
3 213903
3 275895
3 187398
3 248094
3 198387
3 148671
3 200736
3 79749
3 71091
3 194445
3 90927
3 217134
3 265617
3 94896
3 200736
3 257904
3 235521
3 248094
3 227124
3 283428
3 194445
3 234369
3 115929
3 101088
3 150417
3 234369
3 145764
3 260676
3 251028
3 119268
3 194373
3 172107
3 235845
3 263862
3 197433
3 194373
3 200736
3 357822
3 194445
3 223956
3 99810
3 150840
3 200673
3 71091
3 390753
3 219006
3 210213
3 89091
3 240669
3 122841
3 187371
3 223911
3 139752
3 194445
3 114021
3 293094
3 361728
3 181386
3 224505
3 196317
3 198387
3 139752
3 261270
3 101961
3 280395
3 121671
3 151893
3 273465
3 315828
3 235521
3 207108
3 145845
3 68733
3 106371
3 198387
3 80991
3 141039
3 251028
3 86823
3 275895
3 290457
3 221742
3 157284
3 198387
3 288243
3 220221
3 400905
3 89091
3 196488
3 201870
3 267723
3 280269
3 150840
3 244062
3 92619
3 220221
3 170595
3 265617
3 115929
3 160380
3 192897
3 233370
3 162504
3 212094
3 37980
3 125631
3 220221
3 99810
3 148671
3 90234
3 136350
3 38511
3 260739
3 171036
3 220221
3 200817
3 223911
3 356634
3 182763
3 233613
3 203544
3 91530
3 260145
3 358461
3 212472
3 122841
3 263052
3 122886
3 315441
3 265662
3 352224
3 279756
3 194445
3 137583
3 113427
3 279756
3 150975
3 223578
3 86427
3 137583
3 150975
3 101961
3 275895
3 134190
3 413982
3 331479
3 117666
3 204084
3 244017
3 276768
3 299421
3 158157
3 227124
3 234369
3 299421
3 338328
3 44154
3 108567
3 234477
3 190062
3 150975
3 235521
3 223956
3 257040
3 121176
3 217134
3 101871
3 101916
3 248094
3 326115
3 161955
3 159012
3 340965
3 288549
3 200817
3 119268
3 157113
3 194373
3 157284
3 198387
3 223173
3 194445
3 117207
3 114021
3 219006
3 139824
3 213903
3 198108
3 220221
3 101961
3 108666
3 122886
3 260577
3 265617
3 197973
3 115929
3 251028
3 138294
3 275895
3 221742
3 150462
3 350901
3 145845
3 151848
3 180243
3 127584
3 117207
3 113976
3 234369
3 140985
3 228069
3 267723
3 357498
3 223956
3 117666
3 116910
3 121176
3 122841
3 147600
3 134190
3 292878
3 150840
3 116910
3 272925
3 89091
3 254844
3 150975
3 177381
3 92619
3 157284
3 203544
3 150417
3 213903
3 177138
3 209781
3 219006
3 217134
3 219006
3 264276
3 290709
3 256581
3 198387
3 136350
3 246618
3 200817
3 76959
3 154710
3 223956
3 154710
3 145845
3 213435
3 357138
3 223911
3 263052
3 246618
3 351891
3 90927
3 351891
3 177633
3 90234
3 248094
3 276768
3 243630
3 90234
3 207108
3 203805
3 234369
3 171567
3 114741
3 150975
3 234369
3 203544
3 217134
3 267723
3 102033
3 173340
3 99810
3 188757
3 203805
3 230094
3 122886
3 107100
3 287874
3 231129
3 213102
3 145764
3 187443
3 236538
3 223911
3 200817
3 139284
3 145845
3 330993
3 212472
3 117666
3 301338
3 203805
3 371700
3 223173
3 275895
3 134235
3 218637
3 268488
3 150507
3 233613
3 276768
3 281232
3 154710
3 151056
3 150975
3 134190
3 222777
3 114021
3 308331
3 341010
3 335205
3 347472
3 273465
3 248094
3 276768
3 260145
3 317961
3 122841
3 201870
3 213903
3 350343
3 122841
3 92619
3 244062
3 161460
3 150507
3 262287
3 248094
3 186570
3 220221
3 168822
3 299421
3 346644
3 150975
3 139284
3 246618
3 221742
3 134235
3 139824
3 358461
3 187911
3 134235
3 213750
3 175680
3 235521
3 154710
3 150975
3 235521
3 203544
3 157284
3 34155
3 223578
3 248094
3 275895
3 121203
3 134190
3 150417
3 157284
3 179838
3 292878
3 150417
3 134190
3 157284
3 298962
3 297441
3 221742
3 235521
3 290502
3 280395
3 270144
3 203544
3 187443
3 275895
3 154710
3 113742
3 170595
3 65187
3 234477
3 109944
3 290709
3 102015
3 196947
3 248094
3 151893
3 200673
3 212445
3 250776
3 221742
3 150975
3 314874
3 141669
3 170595
3 65187
3 288549
3 94896
3 137583
3 101916
3 257040
3 188757
3 139824
3 223911
3 212472
3 246618
3 150840
3 203805
3 298962
3 122886
3 44154
3 139284
3 200817
3 86823
3 150975
3 170595
3 188757
3 223956
3 117666
3 260145
3 264276
3 235521
3 199521
3 271188
3 191745
3 246618
3 134235
3 150507
3 150840
3 150975
3 101961
3 222975
3 198387
3 241353
3 235521
3 114021
3 290709
3 86823
3 225693
3 264276
3 134190
3 150579
3 298962
3 166455
3 396999
3 187443
3 141039
3 65187
3 188451
3 162504
3 377712
3 114021
3 276768
3 283428
3 145845
3 148671
3 119268
3 177633
3 187443
3 299421
3 91530
3 134235
3 223938
3 246618
3 261270
3 242334
3 147600
3 233613
3 212472
3 139284
3 150975
3 150462
3 157113
3 246618
3 234369
3 300654
3 375804
3 134190
3 279756
3 122841
3 159012
3 90234
3 252927
3 200736
3 257040
3 160128
3 187911
3 156600
3 150462
3 192168
3 106371
3 280395
3 374625
3 290502
3 232335
3 227124
3 217134
3 79389
3 50517
3 229716
3 212094
3 99810
3 212094
3 122886
3 198387
3 292878
3 212445
3 114021
3 161955
3 256581
3 134190
3 223956
3 194445
3 79389
3 147600
3 140913
3 158967
3 267723
3 122886
3 287874
3 213102
3 88362
3 393255
3 103680
3 219006
3 221742
3 79389
3 280395
3 232938
3 122886
3 133254
3 194445
3 234477
3 61020
3 198387
3 331479
3 150975
3 157284
3 234477
3 113400
3 212472
3 301338
3 260676
3 55629
3 145845
3 213903
3 199521
3 316746
3 91530
3 265617
3 147312
3 170595
3 234369
3 219006
3 254844
3 186570
3 148662
3 150579
3 230562
3 122841
3 267678
3 157284
3 90927
3 350343
3 79389
3 150840
3 341073
3 250776
3 290502
3 203805
3 101916
3 276102
3 121203
3 114021
3 166455
3 186570
3 151056
3 326115
3 222390
3 177336
3 134235
3 279495
3 192492
3 86427
3 203544
3 226215
3 151893
3 119268
3 146880
3 275445
3 256590
3 79389
3 290502
3 114021
3 257904
3 235521
3 134190
3 150507
3 139824
3 101961
3 94896
3 150975
3 139284
3 234369
3 150417
3 150840
3 139284
3 317961
3 220221
3 280269
3 89091
3 91530
3 41337
3 372339
3 394884
3 231183
3 150417
3 288549
3 90927
3 55629
3 137583
3 207108
3 196506
3 177138
3 198387
3 331479
3 142371
3 101961
3 187911
3 173241
3 275895
3 403218
3 109944
3 280395
3 65187
3 197928
3 177138
3 282006
3 143946
3 279756
3 121176
3 140913
3 113400
3 187542
3 187155
3 122886
3 254412
3 41337
3 165861
3 257040
3 93825
3 147600
3 92619
3 268632
3 133254
3 238590
3 250776
3 213435
3 238590
3 122841
3 400905
3 109944
3 317961
3 180243
3 234369
3 151893
3 159894
3 133254
3 244062
3 217134
3 122841
3 141084
3 502821
3 139509
3 240669
3 273465
3 203544
3 209394
3 156600
3 212895
3 101961
3 304137
3 101871
3 126432
3 103680
3 143037
3 58824
3 385686
3 198387
3 150417
3 220104
3 159444
3 316521
3 157284
3 203544
3 148671
3 177633
3 220221
3 158922
3 275895
3 134190
3 217134
3 148671
3 150417
3 233685
3 139824
3 323883
3 224505
3 101871
3 223956
3 298962
3 117666
3 210456
3 210213
3 222975
3 150417
3 206334
3 231129
3 210843
3 136350
3 150840
3 201420
3 290709
3 113382
3 115929
3 230562
3 254844
3 177633
3 115929
3 298962
3 114021
3 198387
3 141039
3 213903
3 150975
3 198387
3 145845
3 128763
3 187371
3 46062
3 203544
3 213903
3 316521
3 223713
3 217134
3 99810
3 219006
3 298962
3 139824
3 103680
3 177138
3 203805
3 185436
3 101916
3 175401
3 227880
3 279495
3 390753
3 275895
3 150840
3 280269
3 217134
3 115929
3 262287
3 213903
3 108567
3 127026
3 265617
3 121176
3 161172
3 242361
3 141039
3 140913
3 256590
3 286074
3 178974
3 42732
3 177138
3 320211
3 326160
3 279540
3 141039
3 335160
3 400905
3 147555
3 136314
3 276768
3 245043
3 270810
3 279756
3 257040
3 170595
3 147600
3 256527
3 177381
3 223578
3 158301
3 231588
3 299151
3 173241
3 64998
3 148671
3 223488
3 273465
3 104328
3 114021
3 128763
3 263052
3 165861
3 150417
3 275895
3 235521
3 133254
3 110709
3 198387
3 79389
3 198387
3 301383
3 151893
3 121671
3 134235
3 234369
3 210213
3 371394
3 231174
3 128763
3 167148
3 203805
3 80694
3 237555
3 210843
3 101871
3 221742
3 235521
3 286074
3 158193
3 86427
3 212472
3 99810
3 279585
3 257040
3 122841
3 205119
3 221742
3 151056
3 161955
3 150462
3 221742
3 177633
3 71091
3 122886
3 260145
3 343431
3 77004
3 139824
3 234369
3 150840
3 212445
3 275895
3 203805
3 225693
3 131652
3 101916
3 128763
3 142362
3 235521
3 217134
3 121203
3 318663
3 203805
3 210501
3 299421
3 150507
3 357498
3 210213
3 214137
3 223956
3 170595
3 317961
3 150975
3 101961
3 196947
3 171036
3 150462
3 230391
3 157113
3 235521
3 185292
3 90234
3 280395
3 170595
3 200736
3 315828
3 302985
3 148878
3 220221
3 327618
3 104328
3 122841
3 194445
3 114021
3 212445
3 173241
3 290502
3 260676
3 170595
3 150975
3 159012
3 194445
3 412722
3 82899
3 171036
3 44415
3 134190
3 257040
3 280395
3 304992
3 328824
3 157284
3 71361
3 101916
3 256590
3 154710
3 139284
3 166455
3 246618
3 99810
3 220221
3 397278
3 212445
3 147600
3 139239
3 219006
3 282006
3 243630
3 403677
3 192897
3 157284
3 227124
3 270810
3 139284
3 134541
3 145845
3 101961
3 119268
3 223956
3 90234
3 122841
3 68229
3 170595
3 117207
3 240669
3 297711
3 322920
3 151056
3 60390
3 55629
3 232047
3 111897
3 79389
3 186804
3 143082
3 180243
3 143037
3 222975
3 37980
3 198387
3 113400
3 280314
3 224433
3 134190
3 194445
3 101916
3 233613
3 101916
3 118917
3 245043
3 58824
3 78273
3 279756
3 156402
3 249057
3 272925
3 338328
3 79389
3 78597
3 203544
3 92619
3 173241
3 317961
3 200817
3 219006
3 121176
3 290457
3 248094
3 210456
3 198387
3 60390
3 223956
3 154710
3 157113
3 203805
3 203805
3 135630
3 212445
3 270864
3 141039
3 153630
3 247671
3 230418
3 200817
3 109944
3 65556
3 234369
3 246771
3 212445
3 357498
3 297441
3 311967
3 357498
3 242379
3 275895
3 122841
3 203805
3 244062
3 269370
3 122886
3 190062
3 213759
3 221742
3 194445
3 86427
3 76959
3 235521
3 382644
3 96039
3 234477
3 337644
3 290457
3 212472
3 65187
3 337599
3 298962
3 151848
3 358461
3 160911
3 415566
3 150840
3 290709
3 233613
3 221742
3 356607
3 217134
3 313443
3 220221
3 133254
3 157113
3 214029
3 219231
3 200736
3 246618
3 235521
3 217134
3 90234
3 101088
3 161955
3 165861
3 134190
3 126000
3 203544
3 220221
3 185292
3 267723
3 221742
3 267723
3 246618
3 101826
3 198387
3 198387
3 279585
3 219006
3 248094
3 203544
3 102015
3 147312
3 203544
3 280269
3 301338
3 289440
3 197847
3 262287
3 340920
3 109944
3 270828
3 86823
3 279756
3 287874
3 200817
3 88362
3 198387
3 187911
3 171036
3 330588
3 150975
3 79749
3 177336
3 267678
3 135747
3 235521
3 213903
3 299700
3 159894
3 121176
3 240669
3 79749
3 280269
3 150840
3 212445
3 328824
3 171036
3 151056
3 194445
3 237951
3 221742
3 170595
3 235521
3 135792
3 248094
3 271188
3 150975
3 355500
3 371394
3 275895
3 305145
3 280395
3 280395
3 134190
3 185436
3 151848
3 213903
3 121176
3 292878
3 322875
3 99810
3 90234
3 256590
3 282564
3 298962
3 118116
3 212445
3 194445
3 135630
3 288549
3 203544
3 231183
3 279756
3 170595
3 227502
3 308178
3 265662
3 170595
3 305145
3 234369
3 177633
3 159894
3 128763
3 260676
3 122841
3 260676
3 117207
3 260145
3 223578
3 244062
3 194373
3 340920
3 248094
3 203544
3 213903
3 173340
3 157284
3 373284
3 101961
3 145845
3 227124
3 234369
3 166455
3 203544
3 275940
3 122841
3 220221
3 93249
3 238590
3 212472
3 217134
3 121671
3 170595
3 133425
3 194112
3 194859
3 224433
3 316521
3 194373
3 257040
3 223956
3 121176
3 175401
3 219006
3 161955
3 150462
3 137583
3 212472
3 287874
3 139824
3 331227
3 114021
3 94896
3 158967
3 167139
3 117666
3 222390
3 170595
3 317961
3 150579
3 170595
3 219006
3 308331
3 157284
3 150840
3 108567
3 326160
3 210213
3 138294
3 198387
3 117666
3 277767
3 121176
3 108567
3 260145
3 217134
3 145845
3 187911
3 114021
3 243630
3 244017
3 338328
3 140733
3 282006
3 171036
3 273465
3 150462
3 408753
3 175761
3 99810
3 200673
3 135630
3 249723
3 46062
3 217134
3 192897
3 223956
3 264276
3 134190
3 121176
3 104328
3 134190
3 217134
3 326160
3 304092
3 240669
3 170991
3 267723
3 223956
3 203544
3 171567
3 257040
3 235521
3 165186
3 114021
3 150840
3 170595
3 270810
3 210213
3 239877
3 104328
3 343431
3 101961
3 357498
3 235521
3 250776
3 267723
3 200736
3 225693
3 198387
3 101871
3 86823
3 347382
3 134541
3 256590
3 137583
3 223956
3 223956
3 213903
3 109944
3 101826
3 267723
3 94896
3 207108
3 280395
3 318663
3 186570
3 408537
3 108567
3 289926
3 154710
3 402012
3 151893
3 133254
3 254844
3 153630
3 119268
3 177633
3 235521
3 301653
3 128763
3 119268
3 101916
3 122886
3 279756
3 383769
3 223956
3 234369
3 271107
3 213435
3 220221
3 160911
3 308178
3 157284
3 150417
3 275895
3 212094
3 232335
3 94896
3 299421
3 248094
3 326115
3 101961
3 235179
3 94896
3 41337
3 154530
3 133254
3 253116
3 217134
3 220221
3 402012
3 145845
3 292878
3 246618
3 108567
3 46062
3 319680
3 137439
3 165861
3 75933
3 275895
3 137070
3 203544
3 101871
3 122841
3 280269
3 273465
3 150975
3 248094
3 79389
3 357822
3 410175
3 137583
3 154710
3 230391
3 203544
3 181341
3 215451
3 280395
3 71091
3 175401
3 156402
3 223956
3 350901
3 330588
3 178605
3 90234
3 135792
3 203805
3 86427
3 215451
3 226467
3 294363
3 71361
3 133425
3 238365
3 121671
3 267723
3 170595
3 200817
3 238149
3 293715
3 301059
3 256590
3 217134
3 219006
3 273465
3 156600
3 65187
3 158967
3 212472
3 234369
3 128412
3 217134
3 198387
3 260145
3 122886
3 290709
3 323883
3 150507
3 122886
3 203544
3 147312
3 212472
3 148671
3 131652
3 304182
3 101961
3 141201
3 254844
3 238590
3 275895
3 280395
3 210501
3 270810
3 218637
3 265617
3 76959
3 212094
3 248094
3 109944
3 135792
3 90234
3 198387
3 154710
3 337599
3 122841
3 240669
3 86427
3 151056
3 174798
3 136350
3 263052
3 80991
3 275895
3 150840
3 150975
3 246618
3 122886
3 276768
3 150579
3 177417
3 122886
3 156600
3 248499
3 299421
3 348552
3 185220
3 122841
3 296226
3 221742
3 203544
3 142362
3 170595
3 186570
3 276768
3 219006
3 86823
3 270810
3 186570
3 160452
3 88362
3 171036
3 171567
3 242379
3 148671
3 175401
3 121176
3 203544
3 121176
3 256590
3 276768
3 145845
3 223911
3 256581
3 139284
3 221922
3 203805
3 211212
3 234828
3 257040
3 217134
3 170595
3 109944
3 234477
3 260145
3 139284
3 203544
3 248094
3 101916
3 219006
3 114021
3 212472
3 248094
3 220221
3 134190
3 128763
3 137583
3 223173
3 272898
3 163080
3 242766
3 219006
3 151893
3 145845
3 44154
3 104328
3 203544
3 223956
3 321291
3 250776
3 192897
3 212472
3 198387
3 175401
3 275895
3 233613
3 139824
3 143037
3 71091
3 210843
3 254844
3 157284
3 414027
3 117666
3 331479
3 320040
3 94851
3 235521
3 223911
3 226215
3 108567
3 194445
3 170595
3 242361
3 154710
3 244017
3 247851
3 326160
3 220221
3 282006
3 235521
3 94896
3 170595
3 99810
3 248094
3 227124
3 260145
3 119268
3 257085
3 165861
3 191970
3 79749
3 220221
3 86427
3 256590
3 217134
3 253116
3 373284
3 211212
3 108567
3 101961
3 141084
3 298962
3 257040
3 260145
3 203805
3 256590
3 280395
3 198387
3 242334
3 244062
3 91467
3 161460
3 170595
3 235521
3 145845
3 117666
3 150840
3 260739
3 244062
3 154710
3 180279
3 157284
3 290709
3 150417
3 275940
3 257085
3 200817
3 215451
3 248094
3 157284
3 326160
3 315828
3 201870
3 143037
3 115929
3 139779
3 298962
3 276723
3 267678
3 157284
3 186570
3 219006
3 212094
3 75933
3 308178
3 180243
3 248094
3 203544
3 219006
3 194112
3 246618
3 226575
3 269325
3 213435
3 145845
3 304992
3 201870
3 290502
3 150462
3 198387
3 101961
3 158967
3 58356
3 114021
3 217134
3 150975
3 79389
3 319806
3 198387
3 160911
3 194445
3 134190
3 219006
3 150975
3 212445
3 222390
3 276768
3 205569
3 203121
3 198108
3 90234
3 320319
3 101961
3 289440
3 139284
3 280269
3 267723
3 239877
3 157284
3 175401
3 150417
3 157113
3 121176
3 203544
3 366813
3 399033
3 256581
3 145845
3 348660
3 151848
3 159921
3 358461
3 93825
3 251028
3 198387
3 88362
3 223956
3 71118
3 198387
3 305145
3 267723
3 276768
3 180243
3 267723
3 145845
3 223956
3 134190
3 387576
3 89091
3 163080
3 145845
3 147600
3 219006
3 107424
3 198108
3 264276
3 79749
3 171036
3 260145
3 267723
3 162504
3 177417
3 292239
3 203805
3 122886
3 139284
3 134235
3 198387
3 121176
3 114021
3 79389
3 117666
3 280269
3 265617
3 62298
3 175662
3 254844
3 150975
3 134190
3 203544
3 248094
3 331227
3 271188
3 223956
3 161955
3 227124
3 150462
3 210501
3 133785
3 51093
3 101961
3 283590
3 250776
3 299700
3 235521
3 79389
3 150840
3 210789
3 90234
3 170595
3 260145
3 232335
3 151893
3 75933
3 338328
3 134190
3 119268
3 186570
3 328986
3 101871
3 145845
3 113427
3 248094
3 247671
3 101916
3 134235
3 213903
3 197847
3 199917
3 90927
3 212472
3 211212
3 290502
3 147555
3 25821
3 214866
3 198387
3 171036
3 336294
3 248094
3 260145
3 246618
3 219006
3 211212
3 101916
3 90234
3 52740
3 64998
3 145845
3 238590
3 201870
3 384030
3 65187
3 265617
3 203805
3 108567
3 485838
3 315009
3 115929
3 371700
3 142362
3 101961
3 181908
3 175401
3 122841
3 198108
3 151848
3 58824
3 96039
3 270810
3 263052
3 220104
3 320211
3 151893
3 221742
3 220221
3 139752
3 246771
3 300222
3 240669
3 185292
3 292878
3 265617
3 171567
3 97677
3 220221
3 148671
3 139779
3 157284
3 55629
3 223173
3 119268
3 412857
3 162504
3 234369
3 198387
3 173241
3 217134
3 292878
3 134190
3 235521
3 314766
3 134190
3 170595
3 258606
3 129780
3 282006
3 93825
3 320211
3 155682
3 151812
3 160911
3 198387
3 358461
3 276768
3 244062
3 377766
3 301428
3 299700
3 141084
3 279756
3 90234
3 290457
3 158157
3 292878
3 157113
3 335214
3 101961
3 234477
3 101871
3 308331
3 90234
3 217134
3 186804
3 156600
3 134190
3 248094
3 280395
3 220221
3 114021
3 268632
3 262971
3 122886
3 263052
3 198387
3 145845
3 330588
3 117666
3 186804
3 200673
3 170595
3 304992
3 173241
3 136350
3 160911
3 114021
3 141039
3 171036
3 213435
3 260676
3 238545
3 254844
3 247050
3 203805
3 223956
3 234477
3 340920
3 160911
3 81036
3 140733
3 223956
3 206154
3 142362
3 158157
3 134235
3 308331
3 200817
3 234369
3 115929
3 129492
3 170595
3 149022
3 222390
3 234369
3 317961
3 180243
3 175635
3 150417
3 196317
3 150417
3 194409
3 318663
3 114021
3 151056
3 264276
3 212445
3 151893
3 282006
3 145764
3 202266
3 213435
3 286074
3 157284
3 290709
3 198387
3 234369
3 158967
3 257904
3 220221
3 121203
3 279756
3 212094
3 330588
3 150840
3 104328
3 234369
3 351891
3 145845
3 282564
3 246771
3 251028
3 150579
3 162504
3 203544
3 393264
3 223911
3 246618
3 257040
3 161955
3 305883
3 104328
3 212445
3 119268
3 89343
3 114021
3 150975
3 201096
3 190062
3 265662
3 280062
3 146565
3 338688
3 236520
3 283428
3 79389
3 122886
3 145764
3 175401
3 217134
3 223911
3 151893
3 203805
3 90234
3 221742
3 245556
3 279657
3 228069
3 134190
3 238590
3 326160
3 227124
3 223911
3 150840
3 124308
3 198108
3 238590
3 198108
3 187443
3 96498
3 143037
3 221742
3 203544
3 227502
3 145845
3 290502
3 248094
3 203805
3 290502
3 241353
3 246618
3 246771
3 203544
3 159894
3 304992
3 234477
3 134190
3 290502
3 145845
3 244062
3 217134
3 203544
3 313740
3 114021
3 165861
3 290457
3 374805
3 308178
3 141201
3 203544
3 203544
3 131652
3 55629
3 148671
3 141039
3 214866
3 467451
3 186570
3 101961
3 200736
3 234369
3 101961
3 140733
3 101916
3 223956
3 180243
3 157284
3 203805
3 90234
3 212445
3 217134
3 383499
3 276768
3 337644
3 212895
3 267723
3 203544
3 121176
3 162504
3 129492
3 271926
3 203544
3 101916
3 302985
3 413415
3 186804
3 265617
3 234369
3 273465
3 158967
3 256590
3 280395
3 181386
3 223911
3 79749
3 171567
3 223956
3 150840
3 99810
3 297036
3 140913
3 90234
3 106119
3 203544
3 298962
3 275445
3 203544
3 157284
3 262287
3 212472
3 166455
3 220221
3 46062
3 158130
3 257040
3 254844
3 121176
3 175635
3 145764
3 223911
3 140733
3 276768
3 200673
3 166779
3 254844
3 260145
3 265617
3 386676
3 244062
3 248499
3 177138
3 187443
3 203544
3 171036
3 115929
3 79389
3 260145
3 122886
3 343575
3 86823
3 203544
3 170595
3 97677
3 145845
3 150840
3 255375
3 440901
3 317961
3 223956
3 94707
3 198387
3 180243
3 99810
3 117207
3 104328
3 163197
3 101871
3 223911
3 96039
3 217134
3 308331
3 257382
3 170595
3 99810
3 212094
3 151893
3 238590
3 260145
3 200736
3 308178
3 221742
3 276768
3 176877
3 230418
3 200736
3 44370
3 202266
3 141849
3 212445
3 275895
3 263052
3 86823
3 151893
3 200817
3 267723
3 212445
3 177633
3 257040
3 180243
3 135630
3 244062
3 117666
3 150840
3 240669
3 113400
3 299007
3 212445
3 137583
3 115929
3 136350
3 217134
3 58824
3 151848
3 198108
3 134190
3 103680
3 248094
3 212472
3 148671
3 130428
3 280269
3 171036
3 271188
3 37980
3 157284
3 134190
3 74439
3 219006
3 171036
3 248094
3 187443
3 194373
3 68733
3 235521
3 212094
3 281313
3 235521
3 279585
3 244062
3 136350
3 131697
3 160497
3 290709
3 122841
3 223956
3 117666
3 317961
3 154710
3 198387
3 150507
3 276768
3 340920
3 223956
3 90405
3 161955
3 217134
3 150462
3 224433
3 223956
3 198108
3 237780
3 244017
3 290709
3 298962
3 248094
3 290709
3 265662
3 117666
3 270810
3 150975
3 108801
3 257085
3 290709
3 117207
3 71316
3 192168
3 198387
3 265617
3 122886
3 122886
3 244062
3 267723
3 150840
3 101916
3 60390
3 275895
3 248094
3 198108
3 313443
3 134190
3 290709
3 101961
3 287874
3 115929
3 210213
3 223713
3 140913
3 170595
3 231543
3 203121
3 201870
3 150462
3 219006
3 134235
3 260145
3 281313
3 198387
3 194409
3 223956
3 203544
3 200538
3 296235
3 212094
3 51093
3 203760
3 150462
3 210852
3 399411
3 223956
3 194373
3 238590
3 141084
3 189405
3 134190
3 271188
3 198387
3 263052
3 250776
3 159444
3 254844
3 375795
3 75933
3 80991
3 409284
3 225693
3 145845
3 111132
3 157284
3 221742
3 151893
3 248094
3 109980
3 279756
3 95391
3 172305
3 219006
3 219006
3 145845
3 350595
3 141039
3 424512
3 90234
3 154710
3 121671
3 248094
3 282006
3 420336
3 103995
3 337599
3 154710
3 171036
3 191646
3 161460
3 265617
3 134190
3 175401
3 350397
3 86427
3 385425
3 91530
3 65187
3 219006
3 200817
3 203544
3 151893
3 170595
3 246618
3 270144
3 161955
3 74439
3 232047
3 200673
3 235521
3 139824
3 159921
3 141039
3 117666
3 290457
3 147600
3 271188
3 117666
3 86823
3 292239
3 288549
3 238365
3 279756
3 246771
3 101961
3 198387
3 250812
3 223911
3 89091
3 145845
3 198387
3 134190
3 201870
3 161685
3 334989
3 211212
3 150975
3 308178
3 93249
3 375462
3 198387
3 293373
3 234270
3 137439
3 248094
3 194445
3 284706
3 203805
3 135630
3 212445
3 280395
3 134190
3 263052
3 121797
3 198108
3 145845
3 320319
3 342090
3 139284
3 231543
3 71118
3 371133
3 326160
3 298962
3 150417
3 117666
3 280395
3 158967
3 213903
3 326160
3 248094
3 170595
3 324270
3 161172
3 153630
3 261270
3 198387
3 31851
3 46062
3 299007
3 280395
3 322920
3 299826
3 328986
3 260145
3 166455
3 308331
3 234369
3 290457
3 187911
3 142362
3 420291
3 304137
3 177633
3 357138
3 279756
3 270810
3 203544
3 246618
3 192897
3 212445
3 94896
3 158967
3 200736
3 157113
3 300654
3 243477
3 145764
3 198387
3 203544
3 223956
3 159489
3 225693
3 253350
3 281232
3 244062
3 150840
3 150840
3 151848
3 270810
3 276102
3 175401
3 194445
3 194445
3 185292
3 223173
3 154710
3 147312
3 137583
3 198108
3 284706
3 290502
3 160911
3 228069
3 213750
3 248094
3 238590
3 157284
3 248094
3 341073
3 109944
3 185292
3 177138
3 101871
3 134190
3 223911
3 145845
3 139824
3 260370
3 210501
3 217134
3 280269
3 380259
3 227124
3 139824
3 94896
3 221742
3 157284
3 43983
3 94896
3 115929
3 74439
3 157284
3 128763
3 43074
3 139824
3 334782
3 351675
3 175401
3 154710
3 385686
3 139824
3 213903
3 198387
3 220221
3 122886
3 117666
3 89091
3 148671
3 263052
3 279756
3 244062
3 117135
3 108567
3 210213
3 257085
3 161955
3 117666
3 141669
3 60390
3 299421
3 157284
3 418023
3 256590
3 297036
3 139284
3 177417
3 282006
3 261270
3 173241
3 223956
3 228069
3 346185
3 300654
3 151056
3 173241
3 320211
3 222390
3 210213
3 234369
3 203805
3 150462
3 101916
3 219006
3 256590
3 122886
3 203805
3 86427
3 160911
3 180243
3 165861
3 177633
3 256590
3 147600
3 141039
3 118116
3 281232
3 210852
3 150975
3 108567
3 94851
3 234828
3 271107
3 241353
3 114021
3 194445
3 79389
3 157284
3 55629
3 387297
3 90234
3 154710
3 147600
3 145845
3 203121
3 276804
3 106371
3 101961
3 260370
3 234369
3 88362
3 220221
3 173241
3 156402
3 113400
3 121770
3 276804
3 130572
3 276768
3 160911
3 180342
3 279756
3 166455
3 232047
3 99810
3 262287
3 357138
3 222390
3 220221
3 440343
3 317961
3 210789
3 299421
3 117666
3 88362
3 341073
3 275895
3 235521
3 180243
3 180243
3 292878
3 219006
3 90927
3 299826
3 392499
3 246771
3 254844
3 356661
3 244062
3 440901
3 161955
3 210501
3 194445
3 139239
3 261270
3 297036
3 147555
3 101871
3 203544
3 147600
3 90234
3 139824
3 238590
3 76158
3 257040
3 147600
3 283428
3 145845
3 198387
3 157284
3 264276
3 223956
3 121176
3 267723
3 240669
3 201096
3 156402
3 282006
3 308331
3 151848
3 134190
3 212094
3 151893
3 275895
3 197928
3 93825
3 290457
3 248094
3 326736
3 134190
3 173241
3 134190
3 86427
3 139284
3 273465
3 147600
3 159894
3 203544
3 266913
3 246618
3 213903
3 107424
3 280269
3 121176
3 418023
3 101916
3 340965
3 134190
3 223956
3 86823
3 224505
3 170595
3 311967
3 290502
3 170595
3 26622
3 282006
3 58824
3 233685
3 104328
3 192897
3 111087
3 238365
3 181341
3 290502
3 256590
3 234828
3 119268
3 240669
3 145845
3 90234
3 341073
3 265617
3 203805
3 217134
3 200736
3 342774
3 91530
3 220221
3 260676
3 143037
3 238590
3 157113
3 86427
3 171036
3 170595
3 190062
3 101916
3 244062
3 223911
3 248094
3 154710
3 151848
3 272898
3 223956
3 270693
3 300915
3 122886
3 71091
3 282564
3 265617
3 173241
3 248094
3 186570
3 213903
3 245043
3 141669
3 93249
3 171567
3 159921
3 92619
3 154575
3 175401
3 161460
3 196506
3 150840
3 351297
3 238590
3 158157
3 106074
3 213435
3 170595
3 157113
3 177417
3 186885
3 108567
3 198387
3 209781
3 198387
3 279756
3 329724
3 223911
3 177633
3 180243
3 220221
3 316521
3 114021
3 133254
3 244062
3 298962
3 264276
3 220221
3 359397
3 80991
3 86427
3 287874
3 219006
3 200673
3 133254
3 90405
3 280269
3 223533
3 200817
3 288549
3 280269
3 171567
3 292878
3 212472
3 291501
3 350397
3 198387
3 75933
3 110511
3 133254
3 118116
3 175401
3 330993
3 233613
3 203544
3 219006
3 352017
3 318663
3 275895
3 139824
3 173340
3 192123
3 101871
3 300654
3 55629
3 137583
3 119268
3 175662
3 171495
3 194445
3 90234
3 175401
3 69174
3 224433
3 147600
3 149022
3 292878
3 157113
3 257382
3 157284
3 257040
3 209232
3 90234
3 256581
3 171036
3 276066
3 139509
3 200817
3 163080
3 258606
3 177138
3 101961
3 113427
3 115929
3 244017
3 86427
3 101916
3 245043
3 290457
3 210456
3 134190
3 287874
3 114021
3 141669
3 219006
3 262287
3 223911
3 358461
3 135630
3 160911
3 270144
3 237951
3 101961
3 157284
3 257040
3 102015
3 262287
3 145845
3 220221
3 147312
3 157113
3 163197
3 174384
3 86823
3 69687
3 203544
3 264321
3 113976
3 134190
3 256590
3 134190
3 212445
3 203544
3 235305
3 136350
3 230418
3 161685
3 75933
3 150975
3 262242
3 99810
3 194445
3 198387
3 137583
3 212472
3 194445
3 154710
3 214866
3 117207
3 194445
3 200736
3 200736
3 173241
3 210213
3 256590
3 201825
3 210213
3 203544
3 177138
3 248094
3 220221
3 140913
3 157284
3 240669
3 92619
3 170595
3 395721
3 145845
3 172107
3 112041
3 186804
3 203544
3 155520
3 99810
3 223911
3 317961
3 213903
3 232047
3 157113
3 223956
3 332541
3 203544
3 121797
3 151281
3 91467
3 115929
3 36144
3 145845
3 118062
3 412029
3 101961
3 280395
3 217134
3 151056
3 145845
3 213903
3 122841
3 320211
3 212472
3 244062
3 316773
3 254844
3 186570
3 280395
3 441450
3 203301
3 238590
3 299421
3 170379
3 337644
3 94896
3 90927
3 343350
3 145845
3 116964
3 308331
3 245043
3 198387
3 220221
3 398988
3 135792
3 90927
3 299826
3 246618
3 213903
3 79389
3 151893
3 90234
3 171036
3 210456
3 176877
3 116910
3 223578
3 217134
3 280269
3 220221
3 223956
3 234477
3 200736
3 223911
3 171036
3 220221
3 160911
3 145845
3 101871
3 230562
3 157284
3 247671
3 191925
3 203544
3 160911
3 194445
3 101916
3 139824
3 220221
3 166455
3 109980
3 107424
3 119268
3 121203
3 280269
3 104328
3 248094
3 114021
3 213903
3 186570
3 150975
3 217134
3 113400
3 398988
3 200817
3 145764
3 99810
3 90927
3 244062
3 157113
3 79749
3 150975
3 177138
3 280395
3 223578
3 177417
3 251028
3 234828
3 87210
3 126000
3 250776
3 256590
3 141039
3 360531
3 117666
3 88362
3 203544
3 139824
3 302985
3 221742
3 213435
3 289440
3 351891
3 101916
3 95391
3 211923
3 299151
3 290709
3 267723
3 210501
3 71316
3 86427
3 257040
3 163080
3 331479
3 150507
3 200817
3 198387
3 110511
3 118062
3 114021
3 194445
3 244062
3 151893
3 177138
3 140733
3 157113
3 375462
3 301383
3 213903
3 99810
3 251028
3 145764
3 212895
3 223956
3 80991
3 234495
3 156600
3 196506
3 198387
3 147600
3 198387
3 187371
3 145845
3 290709
3 114021
3 350343
3 210501
3 277029
3 238545
3 173241
3 192897
3 201870
3 276768
3 180243
3 200673
3 244062
3 203805
3 194445
3 65187
3 181908
3 223956
3 139284
3 301338
3 157284
3 139284
3 441405
3 147600
3 267246
3 200736
3 150507
3 139824
3 246618
3 133254
3 318663
3 358461
3 108666
3 415719
3 263862
3 276066
3 167148
3 203544
3 210501
3 203544
3 101916
3 109944
3 223956
3 213435
3 96039
3 248499
3 245043
3 280395
3 134190
3 145845
3 276102
3 134235
3 117666
3 194445
3 94707
3 223956
3 145845
3 66276
3 134190
3 192897
3 240669
3 110664
3 186570
3 180243
3 117666
3 139284
3 200673
3 270144
3 141039
3 122886
3 223956
3 79749
3 161460
3 261270
3 257040
3 212445
3 99810
3 147600
3 60390
3 157284
3 341235
3 223173
3 256581
3 267723
3 89091
3 134190
3 179838
3 257904
3 399528
3 220221
3 113400
3 121176
3 150975
3 244062
3 194445
3 266958
3 103995
3 256590
3 65556
3 122886
3 187911
3 265617
3 139824
3 203805
3 159921
3 79749
3 181926
3 44154
3 301797
3 279495
3 109944
3 68229
3 244062
3 346644
3 235521
3 141039
3 212472
3 246771
3 329391
3 194409
3 203544
3 163080
3 203544
3 290709
3 271107
3 151893
3 301059
3 117666
3 275895
3 236520
3 151893
3 343575
3 139824
3 199521
3 103995
3 143082
3 223956
3 262287
3 82764
3 292878
3 261270
3 161460
3 187155
3 187443
3 145764
3 90927
3 263052
3 261270
3 221742
3 270864
3 227880
3 219006
3 101826
3 58824
3 235521
3 154710
3 86427
3 228069
3 212472
3 113400
3 165861
3 276768
3 175635
3 151056
3 272898
3 137583
3 175401
3 257040
3 186525
3 224433
3 210213
3 177138
3 203544
3 198387
3 263052
3 230391
3 275895
3 234270
3 228069
3 292878
3 46746
3 157284
3 122886
3 200736
3 198387
3 232047
3 253350
3 79389
3 86427
3 276768
3 89136
3 177381
3 223911
3 246618
3 150840
3 113742
3 290502
3 192492
3 198108
3 224505
3 256581
3 275895
3 226467
3 117666
3 219006
3 200673
3 290502
3 198387
3 194445
3 145845
3 140913
3 234369
3 170595
3 281232
3 220221
3 292878
3 151848
3 141669
3 201870
3 93249
3 194373
3 290457
3 213903
3 200673
3 270144
3 223911
3 92619
3 173340
3 270810
3 150840
3 240669
3 198387
3 175662
3 118116
3 198108
3 267723
3 445032
3 117207
3 304137
3 134190
3 133425
3 150417
3 200736
3 350901
3 141039
3 212445
3 99810
3 244062
3 244062
3 157113
3 234369
3 154710
3 244062
3 185436
3 280395
3 198387
3 320211
3 150417
3 280395
3 198387
3 198387
3 201096
3 275562
3 288549
3 260145
3 150975
3 137295
3 198387
3 104328
3 133425
3 101961
3 101916
3 186804
3 276768
3 223956
3 395937
3 319680
3 158157
3 276768
3 268632
3 171567
3 65187
3 170595
3 44370
3 296235
3 275895
3 338328
3 156402
3 298962
3 282006
3 114021
3 280395
3 228069
3 150840
3 198387
3 117666
3 227124
3 86823
3 94896
3 79749
3 267201
3 117666
3 217134
3 317961
3 280395
3 296235
3 110511
3 296235
3 148662
3 316746
3 148671
3 139824
3 117666
3 317961
3 122841
3 203544
3 139284
3 292878
3 94707
3 428571
3 308178
3 213435
3 145845
3 151848
3 267723
3 238590
3 267723
3 267723
3 240669
3 210789
3 248094
3 248094
3 151893
3 254844
3 158967
3 194445
3 128484
3 257904
3 150507
3 251028
3 275895
3 198387
3 198108
3 99810
3 170595
3 58824
3 58824
3 316269
3 150975
3 41337
3 133425
3 211212
3 298962
3 166779
3 209781
3 86427
3 273654
3 211212
3 93249
3 279756
3 248094
3 101961
3 198108
3 150840
3 139824
3 150417
3 128763
3 280269
3 101961
3 213435
3 288549
3 171036
3 253242
3 210501
3 187371
3 134235
3 328824
3 301383
3 60705
3 254844
3 220221
3 119268
3 173241
3 157284
3 145845
3 256590
3 244062
3 292878
3 251028
3 150417
3 181386
3 94896
3 170595
3 150462
3 223956
3 279585
3 235521
3 340920
3 337644
3 223956
3 222021
3 134190
3 256581
3 264276
3 101916
3 148671
3 150975
3 215451
3 94851
3 244017
3 121671
3 160380
3 210456
3 300654
3 308178
3 190062
3 92619
3 240669
3 128763
3 157113
3 157284
3 254412
3 117666
3 177138
3 335205
3 260739
3 290457
3 235521
3 290457
3 279657
3 292878
3 107424
3 234477
3 122886
3 137583
3 213435
3 157284
3 187911
3 396999
3 194445
3 205569
3 113562
3 212472
3 235521
3 248094
3 346644
3 223911
3 50787
3 128556
3 223956
3 198387
3 93249
3 134190
3 151893
3 417951
3 90234
3 260676
3 151893
3 122886
3 75933
3 377766
3 347337
3 198387
3 326160
3 275895
3 192897
3 292878
3 154710
3 299421
3 203544
3 409284
3 122886
3 109944
3 190062
3 260676
3 194373
3 219006
3 86427
3 256590
3 253116
3 108801
3 150840
3 134190
3 254844
3 265662
3 226575
3 226512
3 150975
3 145845
3 170595
3 134190
3 177417
3 227124
3 157284
3 267723
3 79749
3 212445
3 113364
3 203544
3 200736
3 194445
3 203544
3 203544
3 248094
3 156600
3 147600
3 219006
3 268488
3 316521
3 203544
3 213903
3 212445
3 117666
3 151893
3 235521
3 200736
3 148671
3 150579
3 320211
3 134190
3 141039
3 233613
3 101871
3 260676
3 331479
3 209781
3 270810
3 240669
3 200817
3 276768
3 128763
3 122841
3 50787
3 194373
3 280269
3 270810
3 276768
3 118116
3 298962
3 60390
3 150579
3 308331
3 316773
3 161460
3 244062
3 65187
3 188262
3 271926
3 217134
3 290709
3 212445
3 185220
3 275445
3 141039
3 173241
3 297036
3 217134
3 308331
3 177633
3 145845
3 254844
3 223956
3 156600
3 111654
3 35613
3 141039
3 288549
3 151893
3 117666
3 198387
3 101961
3 151893
3 206253
3 114021
3 190062
3 198387
3 157284
3 409284
3 397044
3 115929
3 164349
3 288549
3 227502
3 240669
3 101916
3 290457
3 122841
3 113976
3 139284
3 141039
3 122886
3 159444
3 139284
3 245043
3 285759
3 71316
3 150975
3 122886
3 290412
3 248094
3 121671
3 230094
3 145845
3 298962
3 101916
3 170595
3 79749
3 154710
3 262287
3 139284
3 240669
3 190062
3 150840
3 204444
3 279756
3 150840
3 383823
3 235521
3 122841
3 308178
3 232047
3 234828
3 235521
3 221742
3 32553
3 134190
3 267723
3 201420
3 223578
3 270810
3 298962
3 398943
3 115929
3 166455
3 284706
3 107424
3 276768
3 88362
3 317961
3 341010
3 246618
3 418023
3 134190
3 154710
3 157113
3 86823
3 78237
3 226602
3 99810
3 133254
3 78237
3 115929
3 223911
3 276768
3 253350
3 223956
3 220221
3 157347
3 217134
3 145845
3 301383
3 264276
3 186570
3 122886
3 298962
3 412722
3 210501
3 256590
3 235521
3 140913
3 270144
3 151578
3 221742
3 217134
3 131652
3 150417
3 198108
3 235521
3 181791
3 133254
3 377568
3 249876
3 248094
3 270810
3 79389
3 146565
3 181386
3 363816
3 43596
3 246618
3 145845
3 200817
3 180243
3 235521
3 261324
3 427320
3 200673
3 279495
3 341928
3 175401
3 267723
3 294651
3 167139
3 170595
3 262287
3 223956
3 186570
3 331479
3 235521
3 210213
3 204084
3 75033
3 326160
3 91467
3 400905
3 187911
3 121176
3 220221
3 219006
3 121176
3 203544
3 173241
3 231084
3 235521
3 280395
3 282006
3 122841
3 253116
3 157113
3 308178
3 308331
3 145845
3 292230
3 318663
3 280269
3 254844
3 122886
3 233613
3 79749
3 217134
3 271188
3 122886
3 173241
3 157113
3 299700
3 235179
3 86427
3 205119
3 246771
3 151893
3 244062
3 150975
3 147600
3 148671
3 350397
3 150417
3 225693
3 169632
3 220221
3 402012
3 200673
3 173241
3 203805
3 228069
3 101826
3 145845
3 287874
3 218466
3 248094
3 219006
3 154710
3 86427
3 150174
3 150975
3 225693
3 223956
3 282006
3 181908
3 266913
3 234369
3 147600
3 223956
3 167139
3 61101
3 235521
3 86427
3 23400
3 117666
3 213903
3 101916
3 326115
3 179838
3 238545
3 117666
3 338328
3 235521
3 192897
3 328986
3 371394
3 194445
3 282006
3 145845
3 334260
3 230391
3 289440
3 223956
3 279756
3 234369
3 119268
3 217134
3 117666
3 145764
3 79749
3 179838
3 150975
3 250776
3 244017
3 143037
3 60390
3 122841
3 301383
3 337644
3 298962
3 210213
3 232335
3 212472
3 292239
3 170037
3 114021
3 163080
3 270144
3 119268
3 242379
3 101916
3 113373
3 160911
3 108567
3 177417
3 198387
3 276768
3 86823
3 151893
3 246771
3 251028
3 230391
3 213903
3 290502
3 108801
3 200817
3 194445
3 243981
3 246771
3 156312
3 235521
3 139284
3 181908
3 259776
3 186570
3 115929
3 210843
3 238590
3 300654
3 203544
3 320211
3 75933
3 252927
3 187443
3 133254
3 32823
3 213750
3 223956
3 221742
3 233613
3 222390
3 212472
3 134190
3 280395
3 370449
3 145845
3 117666
3 224505
3 281232
3 148671
3 136350
3 286074
3 210456
3 175401
3 55629
3 242334
3 150507
3 242379
3 240669
3 122886
3 188757
3 388017
3 213435
3 145764
3 134190
3 139824
3 134235
3 248094
3 177183
3 122886
3 200817
3 185220
3 190062
3 235521
3 257085
3 331605
3 213903
3 283428
3 290052
3 246618
3 244017
3 240669
3 75933
3 150462
3 150417
3 86427
3 170595
3 264276
3 223956
3 213903
3 150417
3 444528
3 134190
3 198387
3 148671
3 316746
3 134190
3 299421
3 263052
3 279756
3 248094
3 200736
3 117666
3 173241
3 114021
3 128763
3 321489
3 297711
3 257040
3 247671
3 194445
3 251028
3 150840
3 275895
3 93825
3 220221
3 170595
3 212895
3 217134
3 270810
3 212094
3 234369
3 210456
3 235521
3 133425
3 167139
3 139284
3 150840
3 88362
3 121176
3 89091
3 363816
3 288549
3 115929
3 223911
3 91530
3 187911
3 356607
3 110709
3 105876
3 203805
3 101916
3 304182
3 172305
3 111897
3 161955
3 150462
3 150840
3 316521
3 139824
3 245574
3 257040
3 117207
3 223956
3 173241
3 203805
3 427482
3 122841
3 198387
3 145845
3 141039
3 275895
3 276768
3 290709
3 187911
3 250776
3 79749
3 279585
3 151056
3 194373
3 232047
3 219006
3 237951
3 248094
3 203544
3 203544
3 212094
3 194373
3 212472
3 121671
3 157284
3 115929
3 254844
3 203544
3 213903
3 115929
3 80991
3 92619
3 235845
3 72702
3 201420
3 150417
3 136350
3 220221
3 150840
3 90927
3 71316
3 198108
3 175401
3 194373
3 104328
3 233613
3 238590
3 115929
3 90927
3 280395
3 128763
3 263052
3 114021
3 151848
3 198387
3 148671
3 133254
3 145845
3 223911
3 157284
3 142362
3 116622
3 212094
3 175761
3 264276
3 101916
3 326160
3 115929
3 347103
3 223956
3 161955
3 200817
3 94896
3 158157
3 237951
3 80991
3 156402
3 223578
3 217134
3 219006
3 210789
3 336294
3 157284
3 177633
3 113400
3 198387
3 180243
3 121203
3 286074
3 235521
3 246618
3 128763
3 117666
3 81036
3 114021
3 351297
3 346644
3 122841
3 114021
3 118116
3 223578
3 122841
3 223911
3 308178
3 211212
3 279756
3 71091
3 109944
3 290502
3 221742
3 234630
3 154710
3 117666
3 290709
3 147600
3 200817
3 235521
3 422847
3 139239
3 346185
3 150417
3 213750
3 441405
3 122841
3 298962
3 233613
3 276768
3 200817
3 299421
3 328824
3 93825
3 328824
3 316521
3 203544
3 134190
3 137583
3 91530
3 90234
3 280395
3 139824
3 275895
3 421911
3 139284
3 121176
3 122841
3 114021
3 289440
3 228069
3 210213
3 150975
3 282006
3 203544
3 139509
3 304182
3 220221
3 217134
3 245043
3 255375
3 223533
3 166455
3 91512
3 240669
3 122886
3 122886
3 200736
3 301059
3 219006
3 166455
3 248499
3 233316
3 115929
3 108567
3 71316
3 194409
3 251028
3 253116
3 192897
3 141039
3 194445
3 257040
3 223713
3 222390
3 290502
3 330588
3 121176
3 71163
3 198387
3 280062
3 122886
3 338328
3 139824
3 101961
3 336294
3 384030
3 185292
3 254844
3 171567
3 196947
3 217134
3 308331
3 109944
3 211212
3 134190
3 245043
3 219006
3 299421
3 171495
3 200817
3 234477
3 223956
3 198387
3 194445
3 275445
3 223956
3 141039
3 150507
3 318663
3 217134
3 292878
3 150579
3 151893
3 256590
3 240669
3 145845
3 117666
3 145845
3 122841
3 341073
3 212472
3 171036
3 223911
3 304137
3 200736
3 279657
3 133254
3 251028
3 283590
3 200817
3 223956
3 118674
3 41337
3 121176
3 187443
3 301428
3 129393
3 200736
3 145845
3 108567
3 203805
3 122886
3 399033
3 276768
3 150579
3 136314
3 134190
3 294192
3 157113
3 151038
3 194373
3 203544
3 151848
3 220221
3 150840
3 223956
3 260145
3 227124
3 254844
3 136350
3 254844
3 256590
3 209781
3 114021
3 122886
3 170595
3 308178
3 156402
3 212094
3 298962
3 248094
3 228546
3 108567
3 170577
3 101916
3 248094
3 219006
3 287874
3 213903
3 219006
3 235521
3 140985
3 267678
3 200736
3 150975
3 267723
3 280395
3 103995
3 161955
3 262287
3 150975
3 260145
3 101961
3 251028
3 220221
3 122841
3 121176
3 248094
3 86823
3 165861
3 117135
3 203544
3 197847
3 423999
3 145845
3 141039
3 154710
3 158751
3 156600
3 170595
3 101961
3 167148
3 340965
3 279756
3 134190
3 101916
3 243252
3 342090
3 190062
3 416790
3 280395
3 396765
3 157284
3 262971
3 99810
3 316269
3 196506
3 101871
3 276768
3 240669
3 233613
3 96039
3 270810
3 212445
3 115371
3 230562
3 248094
3 194445
3 377568
3 145845
3 228546
3 55629
3 122886
3 385641
3 235521
3 308331
3 150975
3 113400
3 262287
3 244017
3 248499
3 90234
3 220221
3 180243
3 239877
3 158967
3 109944
3 332541
3 298962
3 196506
3 282006
3 279756
3 248499
3 319806
3 136350
3 170595
3 198387
3 273465
3 256590
3 157284
3 179838
3 238590
3 113400
3 133254
3 212445
3 347103
3 108567
3 200736
3 91467
3 267723
3 107424
3 173241
3 157113
3 260676
3 263052
3 86427
3 109944
3 251028
3 58824
3 163080
3 94896
3 104328
3 260145
3 90234
3 122841
3 203544
3 177138
3 113373
3 134541
3 174384
3 396999
3 86427
3 141039
3 117207
3 190062
3 270864
3 300654
3 150507
3 255375
3 235521
3 267723
3 212472
3 217134
3 130761
3 246618
3 64998
3 235521
3 350343
3 200817
3 140913
3 164691
3 318663
3 150975
3 198108
3 248094
3 260145
3 257040
3 101916
3 118116
3 71091
3 139824
3 211212
3 198108
3 318960
3 261270
3 71361
3 157284
3 171567
3 198387
3 150840
3 181917
3 145845
3 203544
3 258921
3 159894
3 203544
3 248094
3 276624
3 280269
3 280269
3 338328
3 287874
3 90234
3 145845
3 79389
3 161955
3 94851
3 89091
3 213903
3 267723
3 150417
3 234477
3 268632
3 191646
3 198108
3 203805
3 150975
3 215451
3 139824
3 230931
3 142362
3 134235
3 326160
3 227124
3 166455
3 89091
3 145845
3 219006
3 200736
3 279756
3 101916
3 115371
3 299826
3 175401
3 289926
3 320211
3 122886
3 357498
3 99810
3 287874
3 188874
3 275895
3 282006
3 133254
3 60705
3 287874
3 203805
3 248094
3 150417
3 244017
3 204084
3 121176
3 151038
3 331227
3 219006
3 317961
3 170595
3 146880
3 157284
3 140913
3 71091
3 101916
3 203544
3 210843
3 157284
3 154710
3 93825
3 198108
3 203301
3 145845
3 162504
3 264276
3 170595
3 90234
3 143082
3 109944
3 317088
3 198108
3 201096
3 198387
3 244062
3 78561
3 175401
3 201870
3 203544
3 251028
3 173241
3 275895
3 211212
3 221742
3 150462
3 264276
3 109944
3 220221
3 165861
3 115929
3 223911
3 283590
3 198387
3 203805
3 170595
3 279585
3 280395
3 223911
3 157113
3 177138
3 90234
3 151056
3 171567
3 325728
3 90234
3 122841
3 212472
3 203544
3 67275
3 225693
3 405162
3 210501
3 121176
3 180243
3 186570
3 156402
3 186570
3 223911
3 328824
3 280395
3 139284
3 175401
3 279657
3 86427
3 150840
3 101916
3 389070
3 246618
3 280395
3 157347
3 351891
3 209394
3 141039
3 217134
3 186804
3 213903
3 115929
3 106371
3 75933
3 170595
3 147600
3 145845
3 91530
3 157284
3 150840
3 210501
3 290457
3 341073
3 244062
3 201870
3 262287
3 133254
3 151056
3 301383
3 96039
3 198387
3 79389
3 286074
3 200736
3 47655
3 316521
3 115371
3 151848
3 290502
3 147555
3 151893
3 427482
3 200736
3 237366
3 141039
3 248094
3 65187
3 257904
3 143991
3 256590
3 168822
3 222390
3 299007
3 223956
3 101088
3 219006
3 122886
3 88362
3 79749
3 234477
3 212094
3 203805
3 212895
3 60390
3 150975
3 156402
3 170595
3 267723
3 151893
3 245556
3 122841
3 200538
3 110709
3 235521
3 264276
3 150417
3 142371
3 180243
3 238590
3 251028
3 186570
3 279756
3 281232
3 157113
3 264276
3 198387
3 203544
3 217134
3 245205
3 134190
3 146880
3 145845
3 177633
3 270828
3 156600
3 122886
3 223911
3 90234
3 180243
3 262287
3 244017
3 75933
3 357498
3 212445
3 101871
3 235521
3 280269
3 279585
3 282564
3 203544
3 254844
3 246618
3 150840
3 145845
3 157284
3 141201
3 161955
3 212445
3 279756
3 275895
3 148671
3 170595
3 65187
3 316521
3 103680
3 136350
3 301338
3 198387
3 212472
3 136350
3 210213
3 256590
3 145845
3 198387
3 147600
3 424512
3 71316
3 150417
3 223578
3 186570
3 246771
3 198387
3 341073
3 151893
3 220221
3 150417
3 134190
3 219006
3 150840
3 212445
3 275895
3 265617
3 223956
3 217134
3 90927
3 223911
3 141039
3 137583
3 115929
3 44370
3 223956
3 139752
3 286074
3 223488
3 139824
3 201870
3 223956
3 200385
3 298224
3 232047
3 213237
3 151812
3 102465
3 353178
3 248094
3 121203
3 276066
3 201870
3 304992
3 157284
3 317961
3 151893
3 290502
3 86823
3 295353
3 156600
3 101871
3 290709
3 198387
3 151056
3 170595
3 200817
3 267723
3 150975
3 262287
3 177633
3 161955
3 150507
3 304992
3 235521
3 290709
3 234369
3 255375
3 147600
3 221742
3 221742
3 185292
3 215451
3 300654
3 139824
3 145305
3 260145
3 203544
3 92619
3 217134
3 186570
3 200673
3 198108
3 282006
3 305145
3 94896
3 150975
3 151893
3 203544
3 140913
3 212445
3 150975
3 275895
3 203544
3 141084
3 223578
3 160452
3 201870
3 280395
3 145845
3 267723
3 160911
3 220104
3 417285
3 128763
3 255375
3 244017
3 65187
3 145845
3 281313
3 171063
3 167382
3 275895
3 234369
3 139824
3 90234
3 203805
3 185436
3 117666
3 209781
3 315441
3 316521
3 244062
3 363816
3 264276
3 211086
3 304137
3 175635
3 276768
3 141039
3 139824
3 212445
3 101961
3 186804
3 113400
3 157284
3 143037
3 86823
3 94896
3 356607
3 280269
3 133254
3 220221
3 109944
3 194373
3 262287
3 156402
3 133785
3 395496
3 75933
3 167382
3 143082
3 203805
3 198387
3 200538
3 401904
3 139824
3 282006
3 93825
3 122841
3 163080
3 114021
3 212472
3 217134
3 51093
3 279756
3 151083
3 150975
3 260370
3 150417
3 150840
3 171567
3 150417
3 145845
3 223578
3 212895
3 157284
3 257040
3 137583
3 94896
3 196506
3 90234
3 383364
3 226701
3 133254
3 71361
3 133254
3 219006
3 139824
3 336339
3 235521
3 170595
3 235521
3 133425
3 244062
3 93825
3 349191
3 90234
3 170595
3 198387
3 185292
3 248094
3 194445
3 219006
3 221742
3 151893
3 146565
3 200736
3 251028
3 221742
3 122886
3 254844
3 251028
3 203805
3 276066
3 101871
3 251028
3 254844
3 75933
3 227124
3 170928
3 292878
3 276768
3 122886
3 129492
3 205749
3 203544
3 212445
3 282006
3 46062
3 192168
3 222390
3 258606
3 292878
3 60390
3 114021
3 171036
3 175761
3 137583
3 122886
3 235521
3 301104
3 119268
3 257040
3 198387
3 280395
3 408537
3 266958
3 157284
3 117666
3 235521
3 117666
3 389898
3 133425
3 170595
3 257040
3 223578
3 176877
3 201870
3 213903
3 400905
3 203544
3 223956
3 146565
3 37980
3 122886
3 263691
3 234828
3 203544
3 171567
3 52740
3 139824
3 220221
3 230418
3 217134
3 292878
3 280269
3 99810
3 238590
3 159444
3 117666
3 91530
3 212445
3 201870
3 198387
3 139284
3 292878
3 308331
3 230094
3 198387
3 142371
3 203805
3 375804
3 242361
3 150462
3 379188
3 265617
3 192897
3 279657
3 230391
3 301059
3 117666
3 227124
3 79389
3 145845
3 301428
3 115929
3 103680
3 121176
3 325728
3 226512
3 224433
3 290709
3 228069
3 210852
3 109944
3 157284
3 203544
3 280269
3 223956
3 145845
3 217134
3 221742
3 117666
3 65556
3 279495
3 185436
3 71091
3 287874
3 75933
3 200817
3 251028
3 257040
3 115929
3 212094
3 86427
3 80694
3 139824
3 122886
3 121176
3 308331
3 200538
3 234270
3 101916
3 301338
3 214866
3 166779
3 179838
3 108567
3 179838
3 281313
3 137583
3 308331
3 250776
3 147555
3 89091
3 157284
3 385686
3 341010
3 94851
3 157113
3 248499
3 147312
3 78597
3 92619
3 280395
3 262242
3 134190
3 121176
3 232335
3 338328
3 317565
3 319887
3 117666
3 238590
3 250812
3 371133
3 128763
3 148662
3 254844
3 122886
3 168876
3 122841
3 299151
3 194373
3 122886
3 263052
3 290502
3 287874
3 194445
3 236520
3 246618
3 150975
3 122841
3 262287
3 186570
3 145845
3 46062
3 15858
3 134190
3 226575
3 58824
3 317961
3 200817
3 185220
3 242379
3 198108
3 203544
3 197973
3 272898
3 150975
3 198387
3 299007
3 94896
3 65187
3 136350
3 150840
3 257085
3 223956
3 150840
3 136350
3 71361
3 260676
3 128484
3 300915
3 200673
3 150840
3 137583
3 212445
3 275895
3 343431
3 101088
3 203805
3 235521
3 212445
3 198387
3 264276
3 128556
3 201870
3 350343
3 223578
3 299007
3 154710
3 234369
3 23400
3 304182
3 198108
3 219006
3 240669
3 276768
3 90234
3 217134
3 234828
3 318663
3 177381
3 224505
3 151848
3 336339
3 171036
3 175401
3 261108
3 217134
3 255375
3 308331
3 256590
3 253116
3 122886
3 305145
3 280269
3 60390
3 151893
3 242379
3 78642
3 235521
3 214137
3 101961
3 200817
3 139509
3 198387
3 304227
3 290457
3 90234
3 157284
3 219006
3 133254
3 190062
3 128763
3 396720
3 254412
3 260145
3 223911
3 113400
3 220104
3 317961
3 376326
3 292275
3 203760
3 139824
3 171036
3 280395
3 141669
3 264276
3 256581
3 134235
3 248094
3 43938
3 117666
3 170595
3 94896
3 134190
3 150975
3 145845
3 134190
3 250776
3 248094
3 212445
3 145845
3 251028
3 198387
3 244062
3 254844
3 194445
3 220221
3 401904
3 114021
3 280269
3 371439
3 280269
3 230391
3 213903
3 113400
3 114021
3 224505
3 394884
3 90234
3 201096
3 26838
3 221742
3 235521
3 211212
3 220482
3 246618
3 60390
3 134568
3 210456
3 161955
3 150975
3 92664
3 99810
3 150840
3 139824
3 150840
3 261270
3 244062
3 170595
3 171036
3 60390
3 145845
3 79389
3 150417
3 150975
3 157113
3 90234
3 290709
3 115929
3 114021
3 186570
3 79749
3 65187
3 91530
3 122886
3 257040
3 97677
3 227124
3 101871
3 117666
3 219006
3 181341
3 235521
3 158157
3 261270
3 101961
3 346230
3 109944
3 147312
3 203544
3 219006
3 151848
3 235521
3 234270
3 234270
3 213903
3 238590
3 79749
3 238590
3 220221
3 198108
3 198387
3 86427
3 244062
3 139779
3 312912
3 396999
3 200817
3 145845
3 234369
3 279756
3 192492
3 200736
3 212094
3 141039
3 203544
3 350397
3 213435
3 145845
3 290412
3 150462
3 253350
3 264276
3 203544
3 248094
3 186570
3 156600
3 231129
3 101916
3 212445
3 223911
3 145764
3 106371
3 203805
3 210213
3 150840
3 290457
3 235521
3 280395
3 287874
3 170595
3 248094
3 223956
3 97677
3 134235
3 267723
3 223173
3 351891
3 145764
3 80991
3 219006
3 331605
3 198387
3 79749
3 279756
3 262287
3 185292
3 197433
3 80991
3 145764
3 217134
3 300654
3 133254
3 101916
3 198108
3 101088
3 170595
3 219006
3 71361
3 171036
3 190062
3 151848
3 198387
3 262242
3 150975
3 350343
3 145764
3 101871
3 122841
3 255375
3 175401
3 221742
3 142371
3 94896
3 141039
3 240939
3 210456
3 79749
3 203544
3 203805
3 170595
3 180243
3 141039
3 121203
3 180243
3 118116
3 305037
3 157113
3 150840
3 145764
3 150975
3 238077
3 254844
3 223956
3 151056
3 244062
3 299700
3 55629
3 200736
3 171036
3 78237
3 203805
3 145764
3 299826
3 171036
3 210213
3 212472
3 191700
3 262242
3 276768
3 223578
3 275562
3 170595
3 217134
3 234477
3 302976
3 122886
3 210501
3 110511
3 141669
3 379800
3 210213
3 262242
3 203544
3 287874
3 234369
3 60390
3 299826
3 331479
3 240669
3 136350
3 148671
3 194445
3 122841
3 190062
3 212472
3 334782
3 198387
3 260145
3 181908
3 150615
3 203544
3 260676
3 194445
3 78561
3 219006
3 276768
3 204084
3 275895
3 94896
3 256590
3 65187
3 301059
3 128763
3 145845
3 287874
3 134190
3 145845
3 290457
3 275895
3 143037
3 190062
3 220221
3 188757
3 256590
3 104328
3 223956
3 158112
3 326160
3 233613
3 159012
3 145764
3 154710
3 166779
3 262287
3 28206
3 221742
3 227502
3 291501
3 117666
3 154710
3 280395
3 150840
3 230391
3 139284
3 217134
3 197847
3 87210
3 341073
3 198387
3 234369
3 200736
3 117666
3 130572
3 110709
3 352017
3 371700
3 150975
3 121176
3 159444
3 142371
3 198387
3 86427
3 213903
3 301338
3 219006
3 264276
3 157284
3 154710
3 286074
3 203544
3 145764
3 114021
3 150975
3 356661
3 108801
3 308331
3 93825
3 141669
3 117666
3 203805
3 232335
3 145845
3 75933
3 234828
3 198387
3 294363
3 223578
3 280395
3 223578
3 222390
3 219006
3 231129
3 232047
3 79749
3 244062
3 375804
3 170595
3 122841
3 244062
3 251028
3 71091
3 292338
3 267723
3 94851
3 203544
3 198387
3 268632
3 213903
3 61848
3 244062
3 238590
3 90234
3 167148
3 109368
3 330282
3 322920
3 150975
3 226620
3 141039
3 219006
3 235521
3 203544
3 101916
3 318663
3 223911
3 134190
3 260145
3 356661
3 58824
3 358461
3 101871
3 261324
3 115929
3 143082
3 148662
3 315441
3 232047
3 245043
3 298962
3 101871
3 90234
3 222975
3 316521
3 328824
3 219006
3 204084
3 147600
3 188757
3 171036
3 223488
3 370449
3 145764
3 143082
3 194445
3 177138
3 134190
3 243477
3 143037
3 114021
3 282006
3 299151
3 90234
3 328986
3 220221
3 194445
3 175401
3 175761
3 223956
3 248094
3 308331
3 198108
3 90234
3 65187
3 267723
3 200736
3 212445
3 187911
3 213903
3 113400
3 320319
3 219006
3 198387
3 91530
3 71361
3 330588
3 122886
3 198108
3 113400
3 224433
3 86427
3 154710
3 270810
3 200817
3 203301
3 157113
3 101916
3 319437
3 339516
3 139824
3 134190
3 179838
3 198387
3 357822
3 283770
3 288774
3 190062
3 357138
3 137583
3 159444
3 280269
3 134190
3 170595
3 245043
3 290502
3 203805
3 219006
3 400905
3 276768
3 173241
3 326160
3 101916
3 151848
3 171567
3 145764
3 171567
3 122841
3 211212
3 133254
3 151848
3 200817
3 188757
3 71091
3 194445
3 157284
3 247671
3 171495
3 44154
3 119268
3 60390
3 145764
3 175662
3 135630
3 213903
3 90234
3 122886
3 223173
3 90234
3 108801
3 147600
3 235521
3 198387
3 238590
3 133254
3 217134
3 145845
3 223956
3 150840
3 276804
3 101916
3 101916
3 163080
3 227502
3 31752
3 203544
3 248094
3 141201
3 297441
3 235521
3 316521
3 219006
3 213102
3 175401
3 135792
3 198387
3 101961
3 188757
3 203544
3 290052
3 156600
3 157284
3 171036
3 223911
3 330030
3 170595
3 194445
3 150507
3 122841
3 185220
3 159921
3 217134
3 223956
3 290709
3 143910
3 141039
3 301059
3 87210
3 276768
3 245043
3 122841
3 101961
3 101961
3 280269
3 427320
3 65187
3 230391
3 223956
3 136350
3 282006
3 290709
3 151893
3 336294
3 279756
3 251028
3 171495
3 80991
3 212472
3 171036
3 253116
3 93951
3 260739
3 92619
3 65556
3 238590
3 160380
3 121176
3 74439
3 227502
3 145764
3 118116
3 373653
3 210789
3 389898
3 122841
3 170595
3 223956
3 279585
3 158193
3 245043
3 357138
3 86427
3 121203
3 150975
3 257382
3 262287
3 215451
3 219006
3 114021
3 210213
3 157113
3 280395
3 114021
3 357498
3 171036
3 280395
3 122886
3 200673
3 223911
3 150975
3 248094
3 288549
3 122841
3 279756
3 90234
3 213903
3 151056
3 134190
3 270810
3 238590
3 371700
3 133254
3 357498
3 299007
3 177138
3 316746
3 294192
3 170595
3 177417
3 75933
3 151893
3 181386
3 234369
3 198108
3 235521
3 150975
3 86823
3 235521
3 198387
3 117666
3 101916
3 177417
3 171036
3 165861
3 212445
3 114021
3 290502
3 227124
3 192897
3 122886
3 200817
3 246618
3 221742
3 328824
3 318663
3 134190
3 147600
3 80991
3 219006
3 122886
3 250776
3 104328
3 139824
3 200601
3 248499
3 117666
3 304245
3 233613
3 264276
3 232335
3 167382
3 140913
3 248094
3 137295
3 210852
3 203544
3 159876
3 133254
3 230562
3 122841
3 171036
3 200817
3 86319
3 210843
3 157284
3 150975
3 179838
3 101961
3 248094
3 101961
3 150579
3 236961
3 256590
3 79749
3 114021
3 238590
3 234369
3 151848
3 301338
3 170595
3 156402
3 301338
3 115929
3 119268
3 239877
3 198387
3 203544
3 122841
3 219006
3 187542
3 204084
3 135630
3 145845
3 113400
3 248094
3 79389
3 248094
3 94347
3 34155
3 187542
3 231183
3 140913
3 154710
3 238590
3 203805
3 230391
3 185220
3 240669
3 143037
3 26883
3 244017
3 212094
3 126432
3 268848
3 254844
3 122841
3 133254
3 170595
3 164691
3 139824
3 114021
3 170595
3 134190
3 154710
3 357138
3 160911
3 217134
3 94851
3 221742
3 220221
3 198387
3 150840
3 244062
3 151056
3 256590
3 330588
3 101916
3 151056
3 117135
3 114021
3 151056
3 99810
3 191925
3 109944
3 245043
3 255375
3 248499
3 139779
3 115929
3 238590
3 357138
3 71361
3 75933
3 203544
3 115371
3 198387
3 405828
3 275895
3 341073
3 201870
3 212472
3 203544
3 375759
3 122841
3 338328
3 143082
3 276768
3 347337
3 267723
3 170595
3 396657
3 280395
3 256590
3 200817
3 170595
3 196947
3 223956
3 301797
3 128556
3 173241
3 150840
3 219006
3 101961
3 264321
3 58824
3 101916
3 256590
3 79749
3 223911
3 217134
3 104328
3 391239
3 280269
3 213435
3 198387
3 237951
3 157284
3 92619
3 251028
3 245205
3 150417
3 223911
3 220221
3 166779
3 323883
3 279756
3 128763
3 203544
3 203544
3 198387
3 148671
3 220221
3 200817
3 401904
3 154710
3 118116
3 197928
3 397377
3 203544
3 288549
3 194373
3 145764
3 290457
3 150975
3 280395
3 394578
3 268632
3 219006
3 203544
3 157284
3 147600
3 203805
3 442908
3 148671
3 263052
3 150975
3 257382
3 235521
3 186804
3 202266
3 317961
3 223956
3 157284
3 145845
3 250776
3 235521
3 264321
3 298962
3 101916
3 156600
3 209394
3 256590
3 156402
3 267723
3 217134
3 147600
3 198108
3 203544
3 212094
3 235521
3 175635
3 111132
3 200736
3 175635
3 151848
3 203544
3 154710
3 322875
3 168822
3 114021
3 117666
3 145845
3 223956
3 133254
3 226701
3 276804
3 291735
3 281232
3 207108
3 117666
3 187542
3 137439
3 220221
3 103266
3 224505
3 177138
3 180243
3 357138
3 203544
3 122841
3 73161
3 257040
3 159921
3 157284
3 203805
3 226512
3 210456
3 194445
3 260676
3 268848
3 41337
3 110709
3 60390
3 189630
3 237780
3 109980
3 198108
3 94896
3 220104
3 171036
3 94896
3 147600
3 200736
3 139824
3 130356
3 156402
3 114021
3 101871
3 224505
3 390753
3 180243
3 304137
3 223956
3 290502
3 228069
3 346185
3 60705
3 122886
3 151056
3 235845
3 346644
3 254412
3 150417
3 198387
3 134190
3 71091
3 150840
3 122886
3 141039
3 141039
3 357138
3 299421
3 150840
3 316521
3 145845
3 78561
3 136350
3 91530
3 276804
3 267723
3 153630
3 213435
3 157284
3 326115
3 151893
3 68229
3 389898
3 356634
3 203805
3 170595
3 192168
3 219231
3 106371
3 88362
3 203544
3 299826
3 257040
3 108801
3 46062
3 122886
3 114021
3 212895
3 328824
3 213903
3 264276
3 146880
3 121203
3 264276
3 337644
3 91530
3 331479
3 257040
3 103995
3 187398
3 145845
3 148671
3 267723
3 90234
3 212445
3 114021
3 122841
3 235521
3 173340
3 101871
3 269370
3 273942
3 200817
3 290502
3 223956
3 219231
3 121671
3 203544
3 310320
3 175707
3 60390
3 44154
3 254844
3 223956
3 279756
3 161460
3 150417
3 151893
3 198387
3 224505
3 273465
3 321183
3 101961
3 151893
3 74439
3 167139
3 117666
3 150975
3 139824
3 276768
3 300222
3 260676
3 284076
3 236520
3 109944
3 81801
3 301059
3 308331
3 58824
3 256590
3 251028
3 137583
3 220221
3 170595
3 150840
3 244062
3 320211
3 299007
3 357138
3 251028
3 273465
3 131454
3 147600
3 276804
3 141039
3 236520
3 158967
3 203544
3 151848
3 156600
3 276723
3 94851
3 280269
3 398988
3 212472
3 240813
3 150975
3 223578
3 374625
3 210213
3 250776
3 282006
3 198387
3 200817
3 158157
3 270144
3 141039
3 220221
3 439659
3 139509
3 173241
3 139752
3 110709
3 147600
3 187155
3 175401
3 137583
3 256590
3 90234
3 163080
3 257040
3 260676
3 264276
3 113976
3 217134
3 304137
3 203544
3 101961
3 212472
3 248094
3 203544
3 146880
3 142362
3 308331
3 170595
3 248094
3 134190
3 134190
3 177138
3 232047
3 185292
3 118116
3 194445
3 200817
3 104328
3 137583
3 223956
3 300654
3 122886
3 180243
3 280395
3 194445
3 200736
3 175401
3 198387
3 117207
3 200817
3 235521
3 331479
3 203805
3 198387
3 201870
3 139824
3 385686
3 170595
3 279756
3 262287
3 131652
3 350397
3 133254
3 103995
3 238590
3 256590
3 121671
3 246618
3 276804
3 238545
3 212445
3 206730
3 145764
3 136314
3 65556
3 213903
3 248094
3 203805
3 220221
3 329769
3 186804
3 198387
3 114021
3 151848
3 186804
3 246771
3 265617
3 117666
3 283428
3 79389
3 117666
3 150840
3 150579
3 231174
3 323883
3 147600
3 279756
3 280269
3 101916
3 187443
3 234369
3 263052
3 108801
3 280269
3 190062
3 219006
3 157284
3 275373
3 71361
3 113400
3 139752
3 201870
3 308178
3 150840
3 145764
3 101916
3 331479
3 177138
3 101916
3 161460
3 185292
3 260145
3 136350
3 212094
3 257130
3 114021
3 287874
3 171567
3 140913
3 109944
3 177633
3 170595
3 150840
3 210501
3 90234
3 200736
3 192483
3 256590
3 177633
3 122841
3 316521
3 101871
3 200673
3 323883
3 200817
3 317961
3 213903
3 198387
3 201870
3 170595
3 71361
3 288549
3 101871
3 212472
3 230094
3 150840
3 223911
3 72702
3 271188
3 223173
3 219231
3 390753
3 425097
3 115929
3 234828
3 115371
3 95391
3 200817
3 111897
3 350343
3 223956
3 139824
3 210456
3 108567
3 63882
3 283590
3 134190
3 65187
3 282006
3 418005
3 198387
3 198387
3 134190
3 139824
3 298224
3 76959
3 133425
3 35613
3 224505
3 279756
3 203544
3 108567
3 157284
3 276768
3 170595
3 201420
3 298962
3 150975
3 299421
3 268632
3 211212
3 50787
3 109980
3 201420
3 262287
3 360531
3 226215
3 215451
3 154710
3 279756
3 213102
3 201420
3 233613
3 213435
3 330588
3 235521
3 115929
3 134190
3 101916
3 235521
3 96039
3 77004
3 156402
3 217134
3 279585
3 264276
3 388017
3 58824
3 177336
3 160542
3 114021
3 80991
3 244062
3 65187
3 224505
3 219006
3 246618
3 194445
3 94896
3 198108
3 51093
3 263052
3 170595
3 180243
3 131697
3 244062
3 299700
3 133254
3 238590
3 125577
3 255375
3 101871
3 139284
3 140913
3 90234
3 75933
3 194445
3 129024
3 261270
3 276804
3 203544
3 286074
3 283770
3 292275
3 244062
3 282006
3 262287
3 198387
3 164349
3 263862
3 122841
3 256590
3 317565
3 139824
3 200817
3 122886
3 219006
3 240669
3 157284
3 209394
3 258606
3 389799
3 157284
3 213903
3 169632
3 276066
3 201870
3 250776
3 373284
3 180243
3 113364
3 231129
3 108567
3 229671
3 268632
3 203805
3 201870
3 101916
3 86823
3 187911
3 145764
3 242361
3 198387
3 86427
3 170595
3 262242
3 337599
3 212445
3 279756
3 248094
3 283428
3 235521
3 244017
3 198108
3 305037
3 134190
3 203544
3 170379
3 357138
3 198387
3 290502
3 248499
3 118116
3 304182
3 203805
3 166779
3 260145
3 279657
3 141039
3 114021
3 198387
3 176877
3 256590
3 217134
3 150462
3 65187
3 157284
3 233613
3 60705
3 151812
3 122886
3 248400
3 221742
3 35613
3 122841
3 133254
3 223956
3 114021
3 198387
3 386676
3 158301
3 270810
3 145764
3 161955
3 223173
3 133254
3 308178
3 275895
3 210213
3 235521
3 121203
3 299970
3 198387
3 122886
3 158967
3 129492
3 121176
3 146565
3 220104
3 226575
3 90234
3 133254
3 373284
3 320211
3 126432
3 187911
3 197847
3 288774
3 222021
3 134190
3 292878
3 151893
3 298962
3 203544
3 118116
3 151893
3 150417
3 58824
3 262287
3 151848
3 170595
3 267723
3 203544
3 157284
3 201870
3 114741
3 290502
3 60390
3 248094
3 384030
3 150417
3 198387
3 139824
3 223956
3 147555
3 212472
3 74439
3 134190
3 198108
3 192897
3 279540
3 235521
3 86823
3 37980
3 290502
3 200601
3 134190
3 165186
3 151893
3 115929
3 257382
3 147600
3 210843
3 283428
3 224505
3 203544
3 73161
3 157284
3 239877
3 65187
3 145764
3 234477
3 185220
3 198387
3 391878
3 141084
3 75933
3 148671
3 170595
3 192897
3 165861
3 46062
3 200736
3 280395
3 145845
3 279495
3 418023
3 150417
3 298962
3 108567
3 115929
3 201870
3 227502
3 212094
3 331479
3 186570
3 114021
3 28098
3 203301
3 259776
3 103680
3 253350
3 260145
3 177588
3 198387
3 101916
3 99810
3 246771
3 137583
3 279756
3 299700
3 219006
3 238590
3 122841
3 114021
3 122841
3 94896
3 139509
3 79749
3 115929
3 74439
3 207108
3 177138
3 198108
3 99810
3 121176
3 282006
3 279756
3 200736
3 200817
3 233613
3 230391
3 113427
3 387576
3 280395
3 99810
3 154710
3 280395
3 290457
3 235521
3 256590
3 212472
3 246618
3 180243
3 60390
3 128763
3 227070
3 159894
3 137583
3 350343
3 223956
3 240669
3 170595
3 113562
3 157284
3 267723
3 288549
3 234522
3 150507
3 203544
3 101916
3 143082
3 81036
3 244062
3 235521
3 180234
3 117666
3 280269
3 203544
3 60390
3 198387
3 317961
3 290457
3 257382
3 79749
3 122886
3 257904
3 219006
3 201870
3 212724
3 198387
3 167382
3 328986
3 190062
3 204084
3 223578
3 270144
3 160911
3 150174
3 134190
3 251028
3 223956
3 145845
3 331479
3 222390
3 240669
3 417285
3 280395
3 161955
3 177138
3 145764
3 227124
3 179838
3 101871
3 90234
3 64998
3 234477
3 157284
3 157113
3 47124
3 141201
3 136350
3 134190
3 244062
3 94851
3 198387
3 101916
3 194445
3 37980
3 142371
3 209781
3 234369
3 196506
3 150975
3 194445
3 133254
3 230391
3 200673
3 223173
3 86427
3 265617
3 136350
3 248094
3 250776
3 350343
3 198108
3 118116
3 219006
3 34263
3 267723
3 151893
3 260676
3 187443
3 318519
3 280395
3 248094
3 101826
3 282006
3 326160
3 156600
3 161955
3 260676
3 215451
3 79389
3 280269
3 150975
3 267678
3 246771
3 198387
3 274329
3 134190
3 289440
3 150840
3 200736
3 203544
3 154710
3 223533
3 78597
3 212094
3 175761
3 468594
3 99810
3 260676
3 134190
3 203544
3 151281
3 160380
3 170595
3 317961
3 201870
3 246618
3 90234
3 196317
3 275895
3 79749
3 233613
3 108567
3 80991
3 150417
3 150840
3 186570
3 273465
3 128763
3 401868
3 55629
3 103995
3 80991
3 91530
3 137583
3 79389
3 222390
3 210456
3 277893
3 271926
3 227124
3 213903
3 200673
3 93249
3 226215
3 200817
3 219006
3 200736
3 90927
3 318663
3 238590
3 212094
3 173241
3 248094
3 201870
3 113400
3 188757
3 389907
3 134190
3 244062
3 131652
3 137070
3 276804
3 251028
3 201870
3 248094
3 198387
3 279585
3 261270
3 101916
3 116910
3 79749
3 173340
3 200736
3 330894
3 302985
3 114741
3 299421
3 248094
3 260676
3 198387
3 188757
3 211212
3 156600
3 260145
3 101826
3 150840
3 176877
3 203544
3 210213
3 242883
3 58824
3 170595
3 101961
3 101916
3 134190
3 170595
3 166455
3 280269
3 190062
3 156402
3 198387
3 120861
3 71316
3 172107
3 246771
3 235521
3 267723
3 113400
3 213903
3 181386
3 271188
3 145845
3 133254
3 279495
3 223956
3 150417
3 113427
3 203544
3 111132
3 240669
3 267723
3 122886
3 248094
3 154710
3 260739
3 282564
3 301428
3 226602
3 108567
3 267723
3 357138
3 115929
3 371133
3 220221
3 187911
3 217134
3 55629
3 275562
3 213903
3 134190
3 223911
3 260145
3 212895
3 201870
3 390753
3 142371
3 339516
3 103680
3 157113
3 223911
3 235521
3 279756
3 335349
3 248094
3 250812
3 151848
3 198108
3 237366
3 145989
3 212445
3 143946
3 145845
3 204444
3 199827
3 192897
3 117207
3 177633
3 173241
3 254844
3 275895
3 220221
3 287874
3 94896
3 194112
3 341073
3 117666
3 200736
3 185292
3 171567
3 260676
3 226602
3 290502
3 114021
3 338328
3 217134
3 147312
3 217134
3 207108
3 122886
3 180243
3 223956
3 301338
3 171036
3 136314
3 136314
3 151893
3 180243
3 212472
3 200817
3 180243
3 219006
3 220221
3 254844
3 257040
3 109944
3 212445
3 235521
3 94896
3 356607
3 103680
3 275445
3 91512
3 246618
3 78597
3 134235
3 146880
3 246618
3 88362
3 122886
3 212445
3 341073
3 148671
3 290502
3 276768
3 263862
3 244062
3 221742
3 270810
3 203301
3 256590
3 90927
3 223956
3 107424
3 219006
3 213903
3 109944
3 227124
3 222390
3 212472
3 147600
3 200736
3 157113
3 308331
3 145764
3 385425
3 134190
3 94563
3 227124
3 217134
3 198585
3 134190
3 119268
3 254844
3 260145
3 194445
3 175401
3 108801
3 280395
3 122841
3 199827
3 223956
3 276768
3 151848
3 279585
3 134190
3 242379
3 392193
3 170595
3 89136
3 264321
3 235521
3 134190
3 267678
3 145764
3 90927
3 297441
3 219006
3 213903
3 108621
3 257040
3 223956
3 279756
3 94851
3 171567
3 234477
3 265275
3 276804
3 220221
3 101961
3 145764
3 235521
3 180243
3 212094
3 220221
3 276768
3 391194
3 151848
3 406089
3 267723
3 150975
3 448254
3 200736
3 117207
3 170595
3 80991
3 133425
3 117666
3 145845
3 198387
3 157113
3 203544
3 150507
3 209232
3 194445
3 151056
3 119268
3 150417
3 260145
3 280395
3 114021
3 145764
3 122886
3 173241
3 219006
3 94896
3 139284
3 256590
3 114021
3 425241
3 203805
3 201870
3 257040
3 223956
3 150975
3 156600
3 228069
3 290502
3 175635
3 148617
3 260145
3 187443
3 146565
3 220221
3 157284
3 156402
3 290709
3 134190
3 117666
3 212445
3 151281
3 295416
3 300654
3 265662
3 203544
3 233613
3 200736
3 67437
3 223956
3 257040
3 86823
3 99810
3 357498
3 194445
3 341937
3 300654
3 134541
3 128484
3 148671
3 170595
3 210501
3 220221
3 223956
3 211212
3 150507
3 117207
3 71361
3 279756
3 217134
3 364698
3 101961
3 223956
3 217134
3 287874
3 270810
3 267723
3 203805
3 332541
3 128484
3 134190
3 109323
3 122841
3 101916
3 203544
3 217134
3 92619
3 186570
3 117666
3 369954
3 194445
3 141849
3 256590
3 351846
3 279585
3 143037
3 266049
3 196506
3 198387
3 203805
3 271188
3 122886
3 235521
3 235521
3 150975
3 154710
3 235521
3 145845
3 198387
3 244062
3 298962
3 108666
3 203805
3 288549
3 220221
3 90927
3 175401
3 260145
3 96039
3 141084
3 262287
3 403677
3 116910
3 90234
3 150579
3 203805
3 295353
3 134190
3 279585
3 301428
3 211212
3 399033
3 226215
3 238590
3 267723
3 86823
3 172107
3 42813
3 212472
3 122841
3 141039
3 150975
3 92619
3 267723
3 143037
3 198387
3 282006
3 137583
3 150417
3 291735
3 146880
3 254844
3 121176
3 226215
3 114021
3 220221
3 187371
3 171036
3 157113
3 238590
3 317961
3 154710
3 219006
3 235521
3 101916
3 150975
3 154710
3 161460
3 244062
3 151893
3 244062
3 203544
3 111087
3 326115
3 238590
3 140913
3 244017
3 223911
3 223911
3 92619
3 140913
3 296226
3 204084
3 200817
3 134235
3 198387
3 263052
3 254844
3 101961
3 221742
3 203544
3 203544
3 177138
3 170595
3 143037
3 117666
3 212472
3 222390
3 141039
3 232938
3 187443
3 267723
3 141039
3 170595
3 109944
3 320211
3 109944
3 198108
3 264276
3 223956
3 101961
3 287874
3 134190
3 147600
3 97695
3 260145
3 276768
3 194409
3 224505
3 280395
3 200673
3 133254
3 280395
3 301338
3 223911
3 311751
3 292878
3 94896
3 203544
3 179838
3 163080
3 276768
3 340965
3 180243
3 262242
3 263052
3 212094
3 338328
3 331479
3 351675
3 227124
3 143037
3 341073
3 154710
3 330282
3 156402
3 222975
3 234477
3 198387
3 191097
3 212094
3 118116
3 89091
3 262242
3 220221
3 235521
3 101961
3 292878
3 260676
3 140913
3 290457
3 248094
3 335349
3 304137
3 137583
3 114021
3 90234
3 121203
3 79389
3 280395
3 280395
3 203805
3 145764
3 110466
3 139779
3 275895
3 198387
3 145764
3 145845
3 157284
3 238590
3 292878
3 223956
3 86319
3 236997
3 86427
3 163080
3 201870
3 326115
3 213903
3 223713
3 219006
3 251028
3 302796
3 114021
3 122841
3 150975
3 187911
3 203544
3 298224
3 290457
3 145845
3 121176
3 210843
3 90234
3 272898
3 186570
3 371394
3 141039
3 256590
3 238590
3 265617
3 217134
3 264636
3 175401
3 118116
3 212445
3 287874
3 150507
3 128763
3 221742
3 223956
3 212472
3 134190
3 358461
3 198387
3 219006
3 101916
3 145764
3 290457
3 213903
3 159894
3 115929
3 150840
3 256581
3 165861
3 210852
3 109944
3 147600
3 145764
3 260676
3 198108
3 235521
3 157284
3 150975
3 203544
3 290502
3 198387
3 108567
3 256581
3 90234
3 157113
3 159894
3 139824
3 234369
3 161460
3 198387
3 79389
3 166779
3 216837
3 101961
3 147312
3 101826
3 226701
3 128763
3 235521
3 213903
3 137583
3 165861
3 141039
3 262242
3 324603
3 156402
3 65187
3 316521
3 134190
3 275895
3 254844
3 90234
3 375462
3 122886
3 203544
3 290502
3 223911
3 171036
3 240669
3 167139
3 200736
3 261270
3 145845
3 275940
3 134190
3 121203
3 141039
3 194373
3 145764
3 186570
3 117207
3 280395
3 240669
3 134235
3 234477
3 203544
3 244062
3 86823
3 101916
3 115371
3 91845
3 212094
3 90234
3 173340
3 200817
3 330993
3 131652
3 151893
3 217134
3 298962
3 128763
3 172107
3 109944
3 121176
3 235521
3 173241
3 92619
3 290457
3 203544
3 89091
3 317961
3 287874
3 200817
3 177633
3 101871
3 260145
3 282006
3 101961
3 134190
3 275895
3 143037
3 280395
3 122841
3 279495
3 148671
3 71361
3 79749
3 174798
3 194445
3 251028
3 114021
3 330588
3 263052
3 254844
3 213903
3 283770
3 194445
3 72702
3 244062
3 201870
3 228069
3 234369
3 171036
3 440901
3 203544
3 244062
3 104328
3 234369
3 275373
3 219096
3 115929
3 267723
3 260145
3 256581
3 357498
3 101916
3 110664
3 122886
3 280269
3 60390
3 219006
3 248094
3 200673
3 134190
3 206460
3 103995
3 257382
3 90234
3 158157
3 248094
3 295353
3 126468
3 244062
3 235521
3 220221
3 150417
3 160911
3 171567
3 200736
3 275463
3 139824
3 234369
3 335115
3 198387
3 203544
3 219006
3 166455
3 200673
3 115929
3 198387
3 390933
3 210213
3 150417
3 145845
3 198387
3 270144
3 88362
3 246618
3 322875
3 292878
3 198387
3 159921
3 317961
3 139824
3 150975
3 211923
3 280395
3 251028
3 270144
3 212895
3 203544
3 137583
3 186570
3 280395
3 134190
3 243630
3 220221
3 290709
3 65187
3 198387
3 177138
3 219231
3 156402
3 154710
3 234369
3 198387
3 280395
3 223578
3 60390
3 140733
3 187542
3 150975
3 150840
3 219006
3 126432
3 299826
3 113400
3 275895
3 200817
3 252927
3 282006
3 180243
3 134685
3 122841
3 276768
3 134190
3 171036
3 65187
3 154710
3 150417
3 117666
3 260145
3 109944
3 223713
3 145764
3 261270
3 145845
3 399042
3 203544
3 119268
3 148671
3 223578
3 223956
3 201420
3 203544
3 90234
3 227124
3 337644
3 122841
3 143082
3 275895
3 256590
3 137295
3 150975
3 151848
3 238590
3 340965
3 187911
3 234369
3 134190
3 222390
3 248094
3 78642
3 282006
3 223911
3 78237
3 246618
3 288549
3 90927
3 220221
3 166626
3 248499
3 104940
3 170595
3 265617
3 257040
3 219006
3 375813
3 185292
3 173241
3 302985
3 101916
3 151893
3 185220
3 151893
3 114021
3 165861
3 409617
3 151281
3 177633
3 137583
3 212895
3 147555
3 154710
3 194445
3 276102
3 233613
3 257040
3 213903
3 260676
3 262287
3 117666
3 171036
3 167139
3 63882
3 139509
3 210213
3 175401
3 240669
3 170595
3 175401
3 290052
3 228069
3 244062
3 150417
3 404082
3 203544
3 154710
3 203544
3 251028
3 101961
3 187371
3 88362
3 131652
3 150507
3 212094
3 235521
3 147600
3 260145
3 275895
3 121176
3 170595
3 203544
3 92619
3 113562
3 151056
3 203544
3 94851
3 198108
3 151848
3 243891
3 159921
3 225693
3 150975
3 128763
3 212445
3 150975
3 202311
3 241353
3 65556
3 265662
3 86427
3 260145
3 302976
3 185220
3 139284
3 77004
3 237780
3 203544
3 223911
3 314433
3 170595
3 173241
3 282006
3 198387
3 79389
3 262287
3 276768
3 91530
3 264276
3 65187
3 80991
3 223173
3 316521
3 65187
3 248094
3 157284
3 114021
3 164691
3 238590
3 331605
3 32256
3 238590
3 186570
3 150975
3 198387
3 114021
3 385641
3 203544
3 60705
3 242379
3 77004
3 328824
3 101916
3 122841
3 151848
3 276066
3 136350
3 198387
3 223911
3 91530
3 122886
3 170595
3 233613
3 117666
3 115371
3 141039
3 128763
3 134190
3 154710
3 220221
3 198387
3 134235
3 223173
3 198108
3 335115
3 280503
3 157284
3 279756
3 108567
3 248499
3 331479
3 308331
3 104328
3 186804
3 238149
3 156402
3 118116
3 99810
3 248094
3 270810
3 118062
3 114021
3 147555
3 180243
3 292491
3 316521
3 224505
3 213435
3 122886
3 203544
3 252927
3 267723
3 186570
3 265617
3 212094
3 254844
3 223173
3 179838
3 268632
3 103680
3 317961
3 109944
3 175401
3 52740
3 136350
3 290502
3 137583
3 210501
3 250812
3 194445
3 145764
3 299007
3 267723
3 223956
3 223956
3 264276
3 254844
3 265617
3 150417
3 134190
3 179838
3 203544
3 194445
3 140913
3 235521
3 112860
3 226575
3 299007
3 261270
3 139824
3 165861
3 238590
3 150417
3 151038
3 210213
3 276768
3 203805
3 271188
3 276066
3 78561
3 235521
3 122886
3 117207
3 319464
3 121176
3 325728
3 108567
3 139284
3 180243
3 236961
3 157113
3 287874
3 235521
3 170595
3 141669
3 150417
3 173286
3 209394
3 139824
3 326160
3 279756
3 118116
3 134190
3 136350
3 203544
3 113400
3 235521
3 122886
3 213903
3 290457
3 157113
3 122418
3 94896
3 143037
3 257040
3 157113
3 223911
3 139284
3 134190
3 212472
3 144774
3 330588
3 117666
3 156600
3 114021
3 156600
3 151893
3 301797
3 43938
3 223956
3 396810
3 326115
3 242334
3 276804
3 180243
3 290457
3 246771
3 290502
3 203544
3 267723
3 177633
3 213903
3 248094
3 261270
3 260676
3 145845
3 177138
3 389898
3 194445
3 60705
3 350901
3 187443
3 125028
3 139779
3 211212
3 221742
3 201870
3 141669
3 103680
3 318663
3 294651
3 72702
3 277893
3 207108
3 187155
3 109944
3 280269
3 177138
3 94896
3 341235
3 136350
3 133254
3 139509
3 150975
3 94563
3 179298
3 60750
3 217134
3 114021
3 134190
3 198108
3 391194
3 198387
3 94851
3 244062
3 119268
3 71091
3 157284
3 173241
3 219006
3 262287
3 212895
3 72702
3 154710
3 223956
3 292878
3 210213
3 244062
3 200736
3 331479
3 151848
3 61101
3 305145
3 136350
3 117666
3 186570
3 300915
3 235521
3 265662
3 235521
3 425511
3 201870
3 122841
3 275391
3 143037
3 280503
3 323883
3 220221
3 200736
3 362547
3 319806
3 316521
3 264276
3 150975
3 181917
3 271107
3 213903
3 79389
3 165861
3 258606
3 65556
3 328986
3 227124
3 219006
3 170037
3 150417
3 150462
3 254844
3 101961
3 71118
3 145845
3 298962
3 186570
3 90234
3 311751
3 198108
3 265617
3 254844
3 142371
3 279585
3 151848
3 139824
3 161955
3 175401
3 232335
3 260145
3 267246
3 177138
3 99810
3 136350
3 217134
3 248094
3 198387
3 217134
3 154710
3 209781
3 234369
3 101916
3 328986
3 284706
3 271188
3 238590
3 175401
3 241353
3 246771
3 357138
3 363816
3 134190
3 99855
3 139824
3 167382
3 134190
3 103266
3 226215
3 308331
3 175401
3 203544
3 242379
3 222390
3 139824
3 150579
3 203544
3 90234
3 145845
3 115929
3 212445
3 251028
3 210843
3 196101
3 270828
3 211212
3 195552
3 150840
3 156402
3 235521
3 232047
3 308331
3 207108
3 190062
3 235521
3 101961
3 200817
3 121203
3 117666
3 60390
3 139284
3 254844
3 173340
3 160911
3 144972
3 279756
3 134235
3 203805
3 150840
3 316521
3 213750
3 177183
3 106371
3 211212
3 203544
3 139752
3 246618
3 114021
3 190062
3 248499
3 234477
3 134190
3 139284
3 238545
3 190062
3 151893
3 101916
3 150840
3 248094
3 147600
3 177138
3 94896
3 175401
3 329166
3 141201
3 150417
3 134190
3 198387
3 331227
3 276768
3 117666
3 122841
3 200736
3 78237
3 117666
3 121671
3 139752
3 197847
3 121176
3 180243
3 115929
3 267723
3 304992
3 140913
3 71316
3 121203
3 179838
3 389106
3 134190
3 101826
3 145764
3 121797
3 352017
3 148662
3 101826
3 257040
3 139284
3 253116
3 292878
3 198387
3 187155
3 282006
3 90927
3 117666
3 213903
3 194445
3 316521
3 139824
3 173241
3 151821
3 198387
3 260145
3 399033
3 223911
3 212445
3 298962
3 279585
3 219006
3 145845
3 248400
3 293094
3 316521
3 175401
3 94707
3 276768
3 213903
3 413982
3 238590
3 418023
3 194445
3 224505
3 179298
3 233613
3 305145
3 300654
3 222390
3 220221
3 292878
3 171063
3 198387
3 211212
3 90234
3 191970
3 160911
3 275895
3 250776
3 323883
3 226620
3 90927
3 201870
3 150417
3 276768
3 154710
3 224433
3 133254
3 137583
3 219006
3 126000
3 141039
3 177633
3 298224
3 203544
3 109944
3 203544
3 258606
3 270144
3 142371
3 242757
3 257040
3 198387
3 290502
3 139284
3 145845
3 203544
3 161955
3 198387
3 336339
3 380025
3 199269
3 246618
3 384030
3 244062
3 134190
3 234369
3 114021
3 165186
3 122841
3 128763
3 343431
3 139824
3 330588
3 330030
3 269370
3 290457
3 194445
3 117666
3 110664
3 170595
3 204084
3 217134
3 203805
3 221742
3 257184
3 300915
3 86427
3 101961
3 299970
3 220221
3 121176
3 65187
3 89091
3 139509
3 140913
3 290502
3 226512
3 186570
3 122886
3 289440
3 280269
3 151893
3 238590
3 200673
3 297711
3 151038
3 181926
3 291699
3 292239
3 200673
3 292878
3 117666
3 192897
3 160497
3 212094
3 196506
3 101826
3 375795
3 160380
3 246618
3 151893
3 41337
3 209970
3 200736
3 232335
3 210213
3 133254
3 71532
3 75933
3 203805
3 234477
3 265617
3 298962
3 289440
3 173241
3 150462
3 392499
3 276804
3 265617
3 209781
3 109944
3 151848
3 235521
3 103995
3 157113
3 122841
3 256590
3 171036
3 150975
3 188757
3 170595
3 292878
3 121671
3 128763
3 162504
3 235521
3 280395
3 200736
3 213102
3 114021
3 91530
3 150417
3 141039
3 165861
3 287874
3 115929
3 146565
3 256590
3 219006
3 145845
3 223911
3 298962
3 114021
3 299007
3 331479
3 203805
3 186570
3 290502
3 220221
3 220221
3 203544
3 263862
3 299700
3 256590
3 254844
3 299421
3 220221
3 150975
3 287874
3 133785
3 262287
3 86427
3 141039
3 271188
3 150462
3 190062
3 194445
3 357138
3 201870
3 212472
3 265617
3 257040
3 234369
3 101916
3 104328
3 80622
3 143037
3 166455
3 145845
3 138294
3 147600
3 121671
3 234369
3 194445
3 198387
3 320319
3 156600
3 331479
3 220221
3 141084
3 297441
3 156402
3 147600
3 101916
3 150507
3 279756
3 145764
3 115929
3 140913
3 150417
3 136350
3 194445
3 245205
3 140913
3 115929
3 117666
3 145845
3 219006
3 264276
3 279495
3 139824
3 210456
3 198387
3 268848
3 318663
3 176877
3 290709
3 117207
3 220221
3 114021
3 219006
3 80991
3 217134
3 122841
3 177633
3 122841
3 196947
3 290457
3 114021
3 279756
3 308331
3 203544
3 180243
3 159894
3 261270
3 223533
3 263862
3 276768
3 314874
3 219006
3 271188
3 261270
3 113562
3 217134
3 154710
3 122841
3 357138
3 142362
3 280395
3 139239
3 150840
3 219006
3 318663
3 141084
3 117666
3 313443
3 244017
3 191646
3 221742
3 118062
3 150417
3 71091
3 227124
3 150417
3 200817
3 261270
3 251028
3 165861
3 192168
3 300654
3 265752
3 200673
3 223938
3 173241
3 150840
3 145764
3 203544
3 157347
3 198387
3 290502
3 235521
3 255375
3 345411
3 203544
3 220221
3 244062
3 157113
3 246771
3 242379
3 262287
3 292878
3 151893
3 251028
3 267723
3 223956
3 60390
3 133254
3 139284
3 187542
3 157284
3 65187
3 227124
3 143082
3 203805
3 271188
3 157284
3 101916
3 234369
3 139239
3 179838
3 263052
3 90927
3 396765
3 121176
3 250776
3 136350
3 357822
3 357138
3 337086
3 114021
3 198387
3 290457
3 251028
3 330993
3 134190
3 187398
3 71091
3 410598
3 200538
3 115929
3 290502
3 211212
3 167139
3 189405
3 157113
3 160911
3 151848
3 234567
3 244062
3 316746
3 140913
3 180234
3 150417
3 150840
3 151056
3 223578
3 50787
3 90234
3 121176
3 219006
3 192897
3 90234
3 244017
3 397998
3 37980
3 320211
3 117207
3 148671
3 200736
3 213435
3 150840
3 79749
3 212472
3 134190
3 203121
3 264276
3 65187
3 219006
3 122886
3 94896
3 235521
3 122886
3 260676
3 151893
3 154710
3 200736
3 107424
3 251028
3 94896
3 254844
3 198387
3 177633
3 301428
3 94851
3 117207
3 150975
3 197847
3 220221
3 55629
3 108801
3 223956
3 177633
3 295308
3 298161
3 288549
3 323883
3 254844
3 463572
3 196506
3 409617
3 358461
3 150840
3 257904
3 248094
3 248094
3 101871
3 170595
3 150975
3 219006
3 245385
3 200736
3 220221
3 304182
3 281232
3 99810
3 207108
3 219006
3 141039
3 203805
3 203544
3 418023
3 186570
3 245043
3 223956
3 180234
3 179298
3 347382
3 217134
3 223578
3 347337
3 170595
3 270810
3 203544
3 284706
3 280395
3 148671
3 122841
3 151848
3 217134
3 198387
3 170595
3 294363
3 356607
3 290709
3 170595
3 141039
3 203544
3 341073
3 364698
3 210501
3 351891
3 257382
3 117666
3 230562
3 117666
3 94851
3 210843
3 356607
3 330588
3 198387
3 201870
3 219006
3 151893
3 99810
3 279585
3 328986
3 180243
3 275895
3 335205
3 246771
3 234369
3 207801
3 304182
3 157284
3 219006
3 185220
3 79389
3 139284
3 220104
3 190359
3 113562
3 224433
3 134190
3 157113
3 231183
3 65187
3 150417
3 246618
3 165861
3 171036
3 67275
3 276768
3 79749
3 217134
3 217134
3 46062
3 366813
3 255375
3 271926
3 350901
3 141084
3 151893
3 263052
3 77004
3 101916
3 227502
3 234270
3 150840
3 307971
3 115929
3 244017
3 217134
3 280269
3 212445
3 151893
3 157284
3 263052
3 114021
3 240669
3 139824
3 234369
3 290457
3 223911
3 58824
3 265617
3 316269
3 165861
3 288549
3 115929
3 151893
3 203805
3 90234
3 223713
3 308331
3 80991
3 220221
3 150462
3 150417
3 86823
3 133254
3 276102
3 276768
3 256527
3 145845
3 302985
3 65187
3 287874
3 121176
3 76959
3 383769
3 223578
3 205425
3 101961
3 199521
3 203544
3 198108
3 194445
3 151893
3 242379
3 145764
3 273465
3 317961
3 136350
3 196947
3 267723
3 179298
3 203805
3 254844
3 316521
3 280062
3 150840
3 223713
3 121176
3 203544
3 117666
3 137295
3 113742
3 248094
3 271188
3 235521
3 335115
3 203544
3 122886
3 201870
3 203805
3 280269
3 238545
3 134190
3 151893
3 203544
3 194373
3 194445
3 219006
3 290502
3 203805
3 198387
3 230562
3 244062
3 240669
3 220221
3 234477
3 213903
3 108801
3 246618
3 212472
3 113400
3 139284
3 192897
3 129492
3 196506
3 150840
3 170595
3 203544
3 262287
3 134190
3 122841
3 223911
3 288549
3 102015
3 65187
3 150507
3 275895
3 114021
3 93825
3 217134
3 156600
3 145845
3 185139
3 220221
3 111654
3 276102
3 273465
3 290709
3 316962
3 185292
3 226575
3 203544
3 90234
3 270144
3 447795
3 122886
3 203949
3 198387
3 212445
3 244017
3 121203
3 80991
3 213903
3 248094
3 121176
3 194445
3 299007
3 115929
3 180243
3 200736
3 125631
3 203544
3 117666
3 180243
3 213390
3 171567
3 227124
3 136350
3 101916
3 154710
3 194445
3 235521
3 101961
3 160911
3 203544
3 282006
3 235521
3 113400
3 113400
3 42732
3 90234
3 275895
3 271188
3 276102
3 220221
3 232047
3 190062
3 308331
3 151893
3 284706
3 210501
3 122886
3 114021
3 409050
3 236520
3 170595
3 203301
3 170595
3 299421
3 221742
3 232047
3 267723
3 191925
3 117666
3 166626
3 245043
3 280269
3 210213
3 101961
3 90234
3 257040
3 268632
3 170595
3 145764
3 213903
3 358605
3 217134
3 215451
3 191646
3 74439
3 283428
3 247671
3 173340
3 65187
3 203544
3 188757
3 117666
3 198108
3 157284
3 177336
3 244017
3 246618
3 113400
3 65187
3 161460
3 212094
3 276102
3 86427
3 122886
3 248400
3 316521
3 243630
3 160497
3 244062
3 198387
3 260676
3 263052
3 196506
3 201870
3 139284
3 234369
