3 648
3 1188
3 1125
3 1512
3 702
3 1188
3 864
3 1134
3 1431
3 558
3 954
3 2511
3 549
3 792
3 1674
3 1818
3 1080
3 1071
3 693
3 918
3 1251
3 450
3 909
3 981
3 747
3 954
3 1026
3 999
3 1080
3 1215
3 1053
3 1827
3 783
3 792
3 801
3 1089
3 990
3 954
3 918
3 855
3 1818
3 1188
3 1611
3 1188
3 1386
3 450
3 1620
3 1395
3 927
3 2610
3 666
3 2079
3 1179
3 1116
3 801
3 918
3 675
3 468
3 666
3 765
3 585
3 2484
3 1431
3 711
3 675
3 612
3 1260
3 1089
3 1791
3 1008
3 1413
3 828
3 513
3 558
3 2385
3 828
3 468
3 981
3 1521
3 999
3 1071
3 1170
3 837
3 1071
3 954
3 675
3 1467
3 999
3 1422
3 1269
3 945
3 441
3 1044
3 702
3 783
3 675
3 1512
3 2205
3 441
3 1125
3 1053
3 585
3 936
3 1035
3 1611
3 1170
3 1026
3 1071
3 1494
3 1566
3 1467
3 783
3 585
3 1494
3 702
3 873
3 1044
3 1125
3 486
3 774
3 1026
3 1098
3 1512
3 1161
3 954
3 1179
3 1386
3 1566
3 1017
3 1980
3 540
3 801
3 1179
3 2943
3 1287
3 918
3 1260
3 1386
3 738
3 981
3 1854
3 1233
3 864
3 1170
3 774
3 855
3 1638
3 1593
3 2466
3 1827
3 1251
3 900
3 747
3 468
3 1233
3 702
3 954
3 837
3 1089
3 891
3 585
3 1116
3 2538
3 783
3 810
3 945
3 891
3 1152
3 1224
3 693
3 945
3 1107
3 1503
3 666
3 2025
3 2835
3 882
3 1125
3 1053
3 567
3 774
3 1251
3 1242
3 1044
3 594
3 1170
3 1035
3 657
3 927
3 756
3 684
3 2646
3 2403
3 1080
3 1485
3 1359
3 1458
3 972
3 585
3 945
3 1881
3 1737
3 918
3 2817
3 711
3 2142
3 846
3 2061
3 801
3 369
3 1638
3 369
3 1161
3 855
3 1197
3 1566
3 1845
3 1926
3 1233
3 855
3 999
3 1296
3 1116
3 864
3 1512
3 1044
3 1242
3 882
3 1791
3 576
3 666
3 999
3 504
3 693
3 954
3 1620
3 864
3 612
3 531
3 2196
3 1818
3 945
3 747
3 1395
3 945
3 1143
3 639
3 1512
3 1395
3 1332
3 1359
3 630
3 1269
3 1089
3 1053
3 675
3 1602
3 792
3 2160
3 549
3 3069
3 918
3 666
3 882
3 873
3 765
3 1521
3 720
3 729
3 1386
3 1737
3 1287
3 558
3 810
3 666
3 864
3 1161
3 1053
3 1242
3 1440
3 531
3 1899
3 1836
3 774
3 1179
3 423
3 1341
3 1647
3 450
3 1368
3 1278
3 927
3 927
3 630
3 585
3 1116
3 1035
3 792
3 1152
3 828
3 738
3 1224
3 1881
3 2079
3 1107
3 891
3 828
3 603
3 1107
3 846
3 1386
3 945
3 1143
3 693
3 1683
3 594
3 1791
3 1485
3 1476
3 855
3 1476
3 603
3 2025
3 729
3 1359
3 2349
3 873
3 1215
3 1476
3 1080
3 1035
3 729
3 1314
3 954
3 1197
3 720
3 675
3 594
3 855
3 1125
3 1251
3 513
3 630
3 1602
3 1503
3 1089
3 693
3 1503
3 693
3 1008
3 1035
3 981
3 513
3 1098
3 846
3 999
3 621
3 1188
3 1179
3 1152
3 783
3 1233
3 711
3 1071
3 2727
3 567
3 1656
3 801
3 756
3 1656
3 837
3 639
3 459
3 1404
3 576
3 2052
3 666
3 3033
3 954
3 1620
3 1323
3 1422
3 720
3 801
3 1881
3 504
3 441
3 990
3 972
3 2376
3 909
3 837
3 1386
3 1008
3 468
3 765
3 918
3 1080
3 1134
3 837
3 1098
3 1161
3 855
3 1341
3 738
3 1053
3 1188
3 1665
3 1656
3 1989
3 657
3 936
3 450
3 774
3 1035
3 2070
3 1026
3 819
3 531
3 630
3 630
3 972
3 1098
3 747
3 729
3 1341
3 1161
3 1035
3 1035
3 1296
3 1377
3 1629
3 1728
3 1107
3 909
3 1062
3 1044
3 1143
3 531
3 1062
3 873
3 882
3 1710
3 657
3 1062
3 738
3 1539
3 756
3 1071
3 2196
3 2178
3 1260
3 1620
3 1431
3 1017
3 1872
3 783
3 1062
3 1890
3 1386
3 1017
3 2097
3 1476
3 1197
3 873
3 1917
3 1179
3 1170
3 1215
3 1620
3 1845
3 918
3 1116
3 1251
3 1134
3 954
3 963
3 1341
3 657
3 792
3 1431
3 495
3 720
3 1539
3 702
3 1359
3 1089
3 1215
3 999
3 1863
3 684
3 1152
3 891
3 702
3 729
3 828
3 1764
3 1611
3 1701
3 936
3 900
3 1809
3 693
3 1089
3 1296
3 693
3 1368
3 648
3 585
3 1377
3 1647
3 1134
3 1134
3 1629
3 1746
3 855
3 693
3 2322
3 540
3 927
3 1008
3 873
3 864
3 1530
3 1953
3 1215
3 1431
3 1206
3 3420
3 1674
3 945
3 486
3 1431
3 774
3 603
3 1728
3 387
3 1071
3 441
3 1548
3 738
3 783
3 1458
3 693
3 873
3 1674
3 720
3 1197
3 891
3 1134
3 2232
3 1431
3 378
3 1620
3 1809
3 1854
3 1818
3 1251
3 657
3 1287
3 378
3 1593
3 810
3 1341
3 639
3 2223
3 1755
3 864
3 1053
3 2331
3 1404
3 711
3 1719
3 738
3 630
3 1107
3 2241
3 531
3 1206
3 1818
3 1395
3 1314
3 1026
3 1467
3 918
3 846
3 1134
3 855
3 1071
3 990
3 1566
3 855
3 1089
3 873
3 756
3 522
3 2061
3 1764
3 1728
3 999
3 999
3 1593
3 900
3 1584
3 1773
3 1053
3 810
3 936
3 1458
3 1647
3 837
3 1188
3 684
3 450
3 495
3 1512
3 729
3 828
3 1251
3 1557
3 954
3 639
3 1530
3 1134
3 1872
3 738
3 972
3 1323
3 1827
3 432
3 747
3 1161
3 927
3 666
3 3681
3 1161
3 1161
3 558
3 1476
3 828
3 2556
3 594
3 891
3 1071
3 513
3 810
3 1098
3 1224
3 522
3 1008
3 792
3 2727
3 378
3 1341
3 972
3 1278
3 981
3 630
3 801
3 675
3 1458
3 1566
3 1170
3 396
3 1962
3 1089
3 675
3 1026
3 1035
3 882
3 972
3 1683
3 1053
3 1026
3 702
3 1980
3 900
3 477
3 1008
3 1224
3 756
3 1260
3 1548
3 801
3 1494
3 1728
3 1017
3 1017
3 1161
3 1287
3 1620
3 2115
3 882
3 864
3 1125
3 1350
3 1359
3 1548
3 756
3 1008
3 801
3 423
3 1710
3 873
3 1485
3 1260
3 1341
3 810
3 1467
3 576
3 765
3 1278
3 1098
3 1710
3 2295
3 765
3 918
3 1089
3 1449
3 495
3 981
3 1026
3 1242
3 1980
3 2916
3 801
3 378
3 1683
3 936
3 423
3 936
3 1134
3 1314
3 1098
3 1683
3 855
3 1080
3 972
3 1665
3 711
3 549
3 1971
3 1305
3 1314
3 999
3 819
3 837
3 810
3 612
3 2034
3 900
3 1458
3 738
3 1305
3 1818
3 1926
3 1566
3 630
3 1089
3 1008
3 1170
3 1764
3 882
3 837
3 900
3 2331
3 774
3 1026
3 2412
3 1143
3 639
3 639
3 909
3 1314
3 2142
3 1071
3 1206
3 819
3 1386
3 1449
3 1170
3 1314
3 2097
3 558
3 2943
3 1098
3 1206
3 864
3 1179
3 477
3 2025
3 1017
3 1926
3 963
3 468
3 702
3 1161
3 972
3 2610
3 810
3 621
3 981
3 603
3 1242
3 576
3 666
3 2223
3 954
3 2232
3 450
3 1332
3 1107
3 927
3 1476
3 522
3 1917
3 1422
3 666
3 657
3 765
3 1215
3 1710
3 1881
3 1467
3 900
3 711
3 909
3 1332
3 1881
3 1134
3 1350
3 1062
3 612
3 801
3 1143
3 495
3 999
3 1305
3 2007
3 1899
3 1116
3 909
3 1584
3 1053
3 1305
3 1152
3 1359
3 378
3 783
3 1017
3 1854
3 1242
3 1206
3 792
3 1197
3 1575
3 1323
3 621
3 648
3 1170
3 1620
3 1332
3 1395
3 2241
3 1791
3 954
3 1332
3 1854
3 1134
3 1044
3 1638
3 1719
3 639
3 774
3 1251
3 684
3 1098
3 1098
3 756
3 1233
3 1242
3 945
3 837
3 918
3 603
3 837
3 1224
3 1116
3 648
3 648
3 1116
3 1026
3 1476
3 936
3 1332
3 1071
3 1620
3 1665
3 810
3 864
3 936
3 540
3 918
3 1197
3 1629
3 1107
3 369
3 2232
3 909
3 756
3 1152
3 819
3 1512
3 1368
3 864
3 846
3 801
3 531
3 657
3 1044
3 711
3 1350
3 495
3 684
3 1278
3 774
3 1476
3 1071
3 1854
3 1008
3 1287
3 486
3 2583
3 1935
3 1638
3 1080
3 1323
3 657
3 459
3 999
3 1296
3 981
3 1062
3 846
3 1062
3 1215
3 1314
3 1719
3 1719
3 567
3 504
3 639
3 837
3 2178
3 936
3 1170
3 927
3 648
3 927
3 2295
3 882
3 1026
3 1368
3 891
3 819
3 639
3 918
3 990
3 1980
3 1818
3 594
3 1791
3 459
3 1161
3 612
3 1098
3 450
3 594
3 1989
3 1539
3 1377
3 1071
3 1242
3 1719
3 630
3 1314
3 711
3 936
3 1278
3 972
3 1287
3 2187
3 1008
3 873
3 1080
3 1026
3 801
3 1206
3 1017
3 1053
3 477
3 1089
3 1116
3 1530
3 927
3 1026
3 1359
3 909
3 738
3 828
3 774
3 2817
3 1746
3 657
3 1035
3 909
3 837
3 675
3 1107
3 1107
3 2196
3 2601
3 630
3 990
3 711
3 2025
3 774
3 549
3 621
3 1008
3 945
3 1791
3 621
3 2439
3 999
3 1755
3 990
3 1017
3 1179
3 729
3 1314
3 1125
3 1026
3 846
3 603
3 1116
3 468
3 990
3 1431
3 1026
3 1224
3 990
3 1161
3 576
3 891
3 630
3 603
3 2187
3 1890
3 1152
3 900
3 1215
3 2106
3 882
3 1116
3 864
3 954
3 1071
3 774
3 702
3 1017
3 1125
3 1260
3 945
3 972
3 981
3 1053
3 1053
3 981
3 2115
3 702
3 1566
3 1170
3 585
3 882
3 1197
3 1062
3 1890
3 1764
3 1521
3 378
3 531
3 1413
3 1080
3 1917
3 2070
3 1269
3 1836
3 1809
3 1395
3 594
3 810
3 2646
3 1260
3 999
3 963
3 621
3 648
3 1413
3 999
3 1134
3 1224
3 1242
3 864
3 972
3 1719
3 909
3 1683
3 783
3 558
3 1575
3 702
3 531
3 1170
3 378
3 504
3 1215
3 459
3 1224
3 837
3 918
3 1197
3 936
3 819
3 747
3 1062
3 1710
3 999
3 2043
3 855
3 927
3 639
3 990
3 1089
3 729
3 1224
3 612
3 1008
3 864
3 477
3 945
3 657
3 1350
3 765
3 1422
3 909
3 1503
3 1350
3 1341
3 2394
3 1287
3 1062
3 882
3 2241
3 1926
3 945
3 531
3 738
3 432
3 1485
3 1350
3 1071
3 1692
3 819
3 1575
3 1953
3 1404
3 1773
3 756
3 1107
3 999
3 1152
3 792
3 702
3 1269
3 666
3 954
3 1017
3 1422
3 1287
3 1062
3 2007
3 468
3 1962
3 747
3 1809
3 2367
3 756
3 774
3 576
3 2538
3 630
3 576
3 882
3 864
3 837
3 1386
3 873
3 1710
3 2097
3 1575
3 549
3 1728
3 990
3 1449
3 1215
3 594
3 522
3 1287
3 1719
3 675
3 1224
3 918
3 675
3 1125
3 2664
3 369
3 1017
3 1107
3 963
3 846
3 945
3 666
3 927
3 1521
3 1143
3 1278
3 1278
3 666
3 1098
3 1386
3 1197
3 1161
3 1647
3 1053
3 1980
3 657
3 765
3 756
3 441
3 1134
3 2349
3 1152
3 1206
3 864
3 1728
3 2169
3 1242
3 2619
3 1197
3 1197
3 1107
3 1746
3 972
3 603
3 1188
3 1080
3 1161
3 558
3 1134
3 891
3 828
3 648
3 1269
3 765
3 1467
3 711
3 882
3 810
3 1179
3 810
3 792
3 558
3 747
3 567
3 1377
3 1242
3 1341
3 1251
3 549
3 1215
3 1026
3 630
3 2718
3 1233
3 1557
3 999
3 1440
3 549
3 612
3 2268
3 1062
3 1197
3 945
3 1323
3 1494
3 819
3 990
3 1584
3 1089
3 837
3 1188
3 1188
3 468
3 1782
3 1863
3 981
3 1143
3 2115
3 1323
3 1026
3 2484
3 1260
3 2223
3 1350
3 963
3 1521
3 1881
3 1647
3 747
3 1026
3 810
3 612
3 954
3 981
3 1449
3 1377
3 576
3 1035
3 1782
3 621
3 1206
3 1404
3 675
3 1998
3 1341
3 927
3 1206
3 378
3 1557
3 486
3 684
3 405
3 1881
3 1116
3 513
3 1125
3 1071
3 1674
3 702
3 1053
3 828
3 1062
3 1341
3 1233
3 756
3 747
3 1773
3 666
3 918
3 900
3 873
3 1404
3 909
3 747
3 1143
3 1431
3 729
3 927
3 630
3 630
3 1152
3 1062
3 648
3 972
3 1089
3 981
3 540
3 1026
3 1638
3 666
3 891
3 765
3 1053
3 1116
3 1251
3 1134
3 1071
3 531
3 873
3 765
3 657
3 1278
3 1638
3 1449
3 1638
3 2403
3 774
3 1809
3 1359
3 1206
3 1062
3 1890
3 1404
3 1467
3 1305
3 1971
3 828
3 495
3 1161
3 1782
3 630
3 711
3 675
3 765
3 1602
3 423
3 1287
3 1035
3 855
3 1044
3 1215
3 918
3 774
3 864
3 1431
3 810
3 1530
3 1908
3 936
3 738
3 1044
3 900
3 1089
3 873
3 540
3 1080
3 1737
3 963
3 945
3 1575
3 585
3 954
3 846
3 1053
3 801
3 1071
3 1170
3 1368
3 1413
3 963
3 774
3 1152
3 1314
3 1116
3 981
3 882
3 1080
3 558
3 990
3 1458
3 630
3 558
3 1143
3 855
3 1476
3 1296
3 801
3 891
3 837
3 1674
3 1152
3 504
3 1350
3 1179
3 1305
3 1053
3 1332
3 1512
3 909
3 639
3 666
3 873
3 549
3 1278
3 999
3 378
3 1260
3 1548
3 1719
3 2079
3 702
3 900
3 657
3 1431
3 729
3 846
3 1323
3 882
3 900
3 1089
3 882
3 774
3 2394
3 945
3 423
3 927
3 1782
3 954
3 504
3 711
3 666
3 1431
3 621
3 720
3 1197
3 711
3 909
3 837
3 1449
3 765
3 1242
3 810
3 828
3 1179
3 1035
3 693
3 1287
3 1089
3 1080
3 1620
3 1179
3 1296
3 1710
3 918
3 2466
3 1008
3 1098
3 1512
3 747
3 828
3 1593
3 918
3 981
3 990
3 621
3 945
3 792
3 1449
3 2466
3 1368
3 1413
3 1152
3 909
3 2151
3 963
3 999
3 1476
3 2124
3 1008
3 1926
3 1134
3 1656
3 1017
3 1161
3 1854
3 1458
3 918
3 963
3 1935
3 945
3 783
3 864
3 675
3 747
3 441
3 612
3 522
3 1251
3 1764
3 1449
3 2169
3 864
3 1431
3 1197
3 1026
3 1539
3 1008
3 1134
3 783
3 855
3 1008
3 2349
3 1413
3 513
3 765
3 504
3 1602
3 585
3 1647
3 1512
3 1008
3 684
3 1674
3 801
3 1107
3 1881
3 567
3 783
3 621
3 1719
3 1080
3 387
3 1134
3 1845
3 765
3 702
3 936
3 1062
3 3357
3 828
3 774
3 504
3 774
3 1494
3 837
3 675
3 1458
3 1161
3 909
3 1044
3 2142
3 1224
3 621
3 3096
3 1116
3 855
3 738
3 1764
3 1404
3 1179
3 1089
3 603
3 1188
3 1233
3 1728
3 1917
3 702
3 585
3 909
3 1062
3 1107
3 1629
3 486
3 963
3 1719
3 1224
3 1422
3 558
3 1575
3 1656
3 738
3 1323
3 540
3 1206
3 387
3 630
3 1098
3 666
3 1017
3 657
3 1953
3 837
3 477
3 1314
3 1008
3 810
3 1161
3 954
3 891
3 1143
3 1251
3 576
3 1017
3 2259
3 432
3 1008
3 1638
3 2070
3 837
3 1152
3 495
3 531
3 486
3 1296
3 1215
3 2295
3 1332
3 1035
3 1035
3 1521
3 1044
3 1809
3 2538
3 1044
3 1620
3 1044
3 1440
3 1593
3 522
3 954
3 585
3 702
3 1035
3 1305
3 900
3 1098
3 720
3 1008
3 765
3 720
3 1350
3 738
3 918
3 1512
3 1908
3 765
3 927
3 1233
3 1008
3 738
3 981
3 1179
3 882
3 765
3 675
3 1584
3 1125
3 1332
3 2160
3 1557
3 441
3 702
3 882
3 1170
3 1170
3 1341
3 729
3 1602
3 513
3 1053
3 810
3 882
3 1305
3 1179
3 792
3 1359
3 936
3 1323
3 1584
3 864
3 1278
3 1431
3 1242
3 1710
3 1143
3 1890
3 1872
3 1251
3 1035
3 1053
3 2115
3 1539
3 1170
3 702
3 1881
3 1431
3 1359
3 1053
3 765
3 1629
3 2115
3 1818
3 1008
3 2610
3 585
3 1368
3 954
3 756
3 918
3 846
3 513
3 369
3 414
3 1530
3 666
3 1071
3 1080
3 720
3 1017
3 1674
3 1476
3 675
3 1404
3 810
3 486
3 1152
3 675
3 756
3 2196
3 1017
3 801
3 1062
3 774
3 765
3 918
3 774
3 1197
3 549
3 945
3 1287
3 450
3 963
3 504
3 1107
3 963
3 477
3 846
3 1197
3 819
3 477
3 729
3 1953
3 2565
3 1026
3 504
3 1260
3 927
3 855
3 1620
3 972
3 864
3 819
3 567
3 891
3 720
3 1872
3 1404
3 711
3 747
3 1359
3 1629
3 810
3 1035
3 2115
3 1143
3 747
3 1872
3 675
3 963
3 1368
3 459
3 1746
3 1017
3 1701
3 684
3 909
3 1305
3 1440
3 1386
3 585
3 756
3 450
3 1206
3 999
3 648
3 1458
3 945
3 1062
3 1143
3 675
3 2322
3 1224
3 1593
3 864
3 1044
3 2376
3 774
3 1143
3 1890
3 999
3 945
3 1224
3 1233
3 1602
3 1323
3 882
3 648
3 1728
3 1602
3 1791
3 1026
3 963
3 621
3 819
3 1170
3 675
3 1917
3 1008
3 999
3 1143
3 729
3 810
3 540
3 1179
3 1098
3 1485
3 900
3 1467
3 927
3 1656
3 1998
3 2367
3 1305
3 801
3 1584
3 837
3 864
3 1359
3 1170
3 369
3 1854
3 855
3 711
3 648
3 1287
3 1278
3 882
3 1197
3 639
3 1521
3 864
3 585
3 1134
3 1476
3 1773
3 486
3 621
3 1683
3 486
3 1206
3 1314
3 738
3 918
3 1431
3 1125
3 999
3 1053
3 513
3 1188
3 1044
3 1791
3 1170
3 1116
3 720
3 810
3 666
3 378
3 1431
3 603
3 810
3 1107
3 1710
3 1620
3 567
3 909
3 1800
3 1260
3 1575
3 657
3 1008
3 495
3 1017
3 639
3 2682
3 783
3 1233
3 1071
3 2313
3 585
3 855
3 1557
3 513
3 369
3 540
3 1386
3 918
3 846
3 891
3 1872
3 1098
3 918
3 846
3 603
3 1836
3 1764
3 720
3 684
3 1017
3 972
3 846
3 2115
3 945
3 1413
3 567
3 558
3 1071
3 972
3 729
3 1548
3 1296
3 1053
3 684
3 918
3 2331
3 945
3 1422
3 864
3 1260
3 675
3 1161
3 1152
3 882
3 630
3 1116
3 621
3 540
3 891
3 774
3 1620
3 819
3 1062
3 1125
3 1845
3 747
3 513
3 711
3 1494
3 1017
3 585
3 801
3 936
3 1062
3 1062
3 1071
3 630
3 747
3 747
3 1611
3 963
3 1044
3 1188
3 1701
3 936
3 999
3 1494
3 576
3 1233
3 513
3 1143
3 783
3 1188
3 567
3 1116
3 2340
3 1467
3 702
3 1665
3 1503
3 990
3 1422
3 1890
3 693
3 1809
3 3258
3 1602
3 756
3 801
3 972
3 1539
3 1323
3 693
3 1017
3 1071
3 927
3 1296
3 918
3 1620
3 882
3 1197
3 423
3 468
3 1035
3 1233
3 1548
3 954
3 909
3 1062
3 1575
3 1323
3 1116
3 1098
3 1053
3 1494
3 819
3 1467
3 819
3 819
3 972
3 1197
3 1044
3 621
3 522
3 1674
3 1278
3 1116
3 522
3 1008
3 864
3 2079
3 1422
3 2547
3 756
3 837
3 1125
3 2520
3 2115
3 846
3 1098
3 909
3 1791
3 873
3 558
3 2430
3 1881
3 783
3 1278
3 1269
3 864
3 1026
3 2907
3 873
3 1467
3 1323
3 801
3 1989
3 2547
3 1638
3 837
3 567
3 639
3 1044
3 1224
3 648
3 1377
3 1080
3 549
3 1467
3 1746
3 531
3 1251
3 1737
3 1377
3 1341
3 693
3 1377
3 2016
3 972
3 828
3 1467
3 576
3 810
3 441
3 990
3 1215
3 1674
3 1260
3 1332
3 1143
3 819
3 1026
3 1071
3 765
3 1386
3 792
3 1062
3 2385
3 1143
3 792
3 1638
3 675
3 801
3 2340
3 729
3 855
3 837
3 783
3 1674
3 783
3 828
3 909
3 1377
3 1053
3 576
3 927
3 1044
3 774
3 621
3 1350
3 1854
3 891
3 1467
3 594
3 864
3 702
3 2151
3 765
3 2763
3 1899
3 1044
3 1089
3 1665
3 585
3 684
3 1107
3 792
3 1395
3 1359
3 486
3 1638
3 1395
3 1152
3 864
3 1485
3 1791
3 819
3 657
3 927
3 954
3 594
3 1197
3 936
3 900
3 1836
3 828
3 756
3 1449
3 1332
3 999
3 1935
3 981
3 765
3 972
3 1089
3 1278
3 1314
3 864
3 1422
3 1071
3 684
3 1809
3 927
3 1395
3 1719
3 1251
3 450
3 756
3 1233
3 1170
3 855
3 720
3 792
3 693
3 1350
3 1350
3 1620
3 1215
3 513
3 657
3 981
3 387
3 891
3 1521
3 2376
3 1269
3 630
3 1053
3 1035
3 1260
3 666
3 855
3 729
3 936
3 684
3 1638
3 378
3 1935
3 1638
3 621
3 603
3 1836
3 864
3 954
3 1557
3 1197
3 621
3 864
3 1476
3 702
3 783
3 1224
3 954
3 1368
3 1629
3 756
3 954
3 1188
3 1017
3 1692
3 891
3 918
3 1170
3 1278
3 1467
3 648
3 2070
3 819
3 1944
3 1170
3 1251
3 1053
3 1143
3 1539
3 963
3 549
3 1845
3 1125
3 873
3 1134
3 2925
3 981
3 1089
3 603
3 981
3 594
3 2016
3 558
3 1152
3 1575
3 702
3 909
3 747
3 846
3 2466
3 837
3 729
3 1593
3 990
3 1584
3 729
3 1557
3 639
3 450
3 1017
3 1116
3 630
3 918
3 648
3 1908
3 1674
3 1395
3 1071
3 1656
3 1557
3 846
3 1944
3 648
3 1665
3 1485
3 621
3 1035
3 837
3 729
3 1224
3 1359
3 1233
3 1161
3 1719
3 954
3 765
3 522
3 1476
3 792
3 684
3 666
3 1323
3 2070
3 2133
3 1566
3 2124
3 945
3 2601
3 1197
3 828
3 1278
3 1755
3 1512
3 486
3 1179
3 729
3 729
3 360
3 738
3 1152
3 1395
3 981
3 855
3 621
3 1593
3 1242
3 1251
3 783
3 1656
3 1548
3 1044
3 1413
3 981
3 1098
3 1269
3 1323
3 684
3 1467
3 1809
3 1539
3 639
3 1161
3 1656
3 1026
3 648
3 1233
3 576
3 2295
3 1179
3 783
3 720
3 576
3 1026
3 1179
3 1944
3 2169
3 1062
3 1404
3 909
3 846
3 1377
3 495
3 1701
3 918
3 441
3 864
3 1827
3 1035
3 783
3 999
3 1971
3 945
3 468
3 522
3 1224
3 639
3 891
3 1161
3 846
3 873
3 936
3 792
3 828
3 450
3 963
3 909
3 1107
3 603
3 693
3 1935
3 1593
3 954
3 549
3 621
3 810
3 810
3 657
3 999
3 1422
3 1179
3 630
3 1908
3 693
3 1251
3 630
3 1170
3 747
3 918
3 783
3 1188
3 1179
3 1107
3 954
3 468
3 774
3 864
3 774
3 1107
3 702
3 1116
3 1305
3 1035
3 801
3 945
3 720
3 828
3 747
3 1080
3 1575
3 1224
3 1647
3 873
3 558
3 1422
3 2340
3 567
3 864
3 846
3 657
3 954
3 918
3 585
3 612
3 1053
3 909
3 792
3 558
3 882
3 729
3 1575
3 900
3 936
3 783
3 666
3 1899
3 1215
3 1314
3 801
3 1341
3 540
3 909
3 1566
3 1116
3 1332
3 1710
3 810
3 747
3 909
3 1305
3 1143
3 639
3 1845
3 648
3 927
3 1098
3 873
3 972
3 891
3 1170
3 1440
3 2106
3 1494
3 954
3 1431
3 828
3 3231
3 1467
3 1035
3 999
3 1494
3 783
3 2079
3 1395
3 729
3 648
3 1503
3 774
3 918
3 1584
3 765
3 801
3 972
3 2052
3 1692
3 1323
3 729
3 828
3 594
3 1845
3 2412
3 1521
3 1125
3 2448
3 603
3 792
3 1593
3 837
3 1503
3 1188
3 531
3 882
3 2016
3 801
3 1044
3 1395
3 1737
3 783
3 936
3 747
3 2844
3 801
3 1287
3 1404
3 1971
3 459
3 702
3 1035
3 1269
3 1530
3 387
3 945
3 1485
3 1647
3 1881
3 783
3 1269
3 1125
3 1287
3 1242
3 549
3 1107
3 945
3 1593
3 846
3 846
3 1962
3 963
3 603
3 603
3 1791
3 1341
3 1080
3 810
3 630
3 1089
3 909
3 1764
3 801
3 603
3 1233
3 990
3 612
3 513
3 756
3 1854
3 783
3 2286
3 1908
3 837
3 657
3 549
3 1665
3 1971
3 855
3 486
3 999
3 891
3 783
3 1980
3 630
3 603
3 1755
3 1044
3 594
3 666
3 720
3 1449
3 1692
3 1098
3 720
3 432
3 1656
3 1431
3 765
3 1242
3 1188
3 1107
3 423
3 837
3 1296
3 2817
3 711
3 1260
3 936
3 477
3 2313
3 1476
3 702
3 936
3 603
3 891
3 2007
3 1215
3 1332
3 1197
3 864
3 1098
3 1350
3 783
3 1179
3 837
3 1107
3 657
3 900
3 954
3 513
3 855
3 999
3 864
3 756
3 513
3 1251
3 1620
3 1224
3 1683
3 855
3 999
3 855
3 1242
3 864
3 2655
3 648
3 999
3 900
3 2250
3 1206
3 927
3 1863
3 1422
3 900
3 819
3 981
3 1098
3 1116
3 882
3 819
3 1539
3 522
3 657
3 891
3 738
3 738
3 1395
3 1296
3 1476
3 1215
3 1080
3 1674
3 1197
3 1899
3 765
3 774
3 1620
3 756
3 1242
3 1296
3 945
3 423
3 378
3 909
3 1467
3 1719
3 1710
3 1215
3 540
3 882
3 891
3 2277
3 504
3 1485
3 891
3 765
3 468
3 990
3 1782
3 1197
3 657
3 423
3 1422
3 1323
3 828
3 2007
3 1035
3 1269
3 1188
3 783
3 1890
3 765
3 1251
3 810
3 1251
3 1611
3 1044
3 1134
3 1260
3 963
3 819
3 1440
3 549
3 1008
3 783
3 1359
3 1944
3 1125
3 1332
3 855
3 945
3 1107
3 495
3 954
3 909
3 1008
3 540
3 1179
3 2277
3 504
3 1647
3 666
3 1035
3 900
3 621
3 1521
3 1197
3 1647
3 990
3 1215
3 1665
3 684
3 2196
3 1881
3 1413
3 1323
3 1359
3 1008
3 936
3 1125
3 1278
3 1359
3 990
3 522
3 747
3 1197
3 1143
3 1098
3 1359
3 792
3 657
3 1008
3 963
3 666
3 837
3 630
3 657
3 2673
3 999
3 1503
3 1170
3 1305
3 468
3 999
3 1836
3 801
3 1638
3 1071
3 864
3 999
3 720
3 423
3 1134
3 1125
3 1863
3 1026
3 738
3 1791
3 873
3 1971
3 1494
3 540
3 684
3 657
3 1548
3 1647
3 1521
3 2556
3 2070
3 1449
3 882
3 1089
3 1242
3 1107
3 945
3 1260
3 1179
3 612
3 936
3 810
3 1809
3 639
3 567
3 1890
3 801
3 819
3 432
3 981
3 1665
3 1179
3 1350
3 1044
3 1215
3 1242
3 963
3 1170
3 1008
3 1224
3 603
3 810
3 1494
3 1404
3 2565
3 1116
3 1485
3 783
3 576
3 1116
3 2016
3 2331
3 3258
3 2826
3 684
3 837
3 774
3 2079
3 1395
3 1008
3 1719
3 1233
3 1152
3 1269
3 1098
3 819
3 1215
3 891
3 1512
3 2151
3 918
3 1161
3 1107
3 819
3 1431
3 1800
3 1044
3 378
3 3006
3 873
3 1467
3 1602
3 999
3 981
3 1260
3 1071
3 1062
3 1602
3 621
3 2187
3 621
3 963
3 918
3 576
3 792
3 675
3 1242
3 630
3 756
3 450
3 828
3 918
3 1872
3 1116
3 2088
3 945
3 1467
3 765
3 999
3 639
3 1413
3 909
3 1071
3 1359
3 621
3 963
3 882
3 1458
3 1620
3 2079
3 1602
3 1143
3 891
3 918
3 1818
3 909
3 963
3 1386
3 1008
3 747
3 1359
3 1125
3 945
3 846
3 1683
3 630
3 909
3 1476
3 432
3 693
3 2574
3 1485
3 846
3 891
3 954
3 2448
3 2160
3 747
3 1089
3 1197
3 810
3 1494
3 855
3 657
3 783
3 387
3 729
3 414
3 378
3 765
3 1620
3 2043
3 2727
3 963
3 711
3 666
3 369
3 1674
3 711
3 1314
3 1413
3 918
3 1818
3 603
3 711
3 846
3 837
3 1953
3 1080
3 1827
3 981
3 1053
3 1224
3 1476
3 441
3 738
3 621
3 567
3 2052
3 603
3 1152
3 423
3 1287
3 603
3 1053
3 1179
3 594
3 1395
3 1008
3 1224
3 828
3 1161
3 1557
3 882
3 1908
3 441
3 3168
3 1116
3 684
3 1170
3 846
3 2025
3 1197
3 675
3 504
3 1602
3 369
3 1107
3 783
3 837
3 2241
3 756
3 567
3 612
3 1143
3 1188
3 621
3 1134
3 1098
3 531
3 1080
3 927
3 1125
3 855
3 1431
3 945
3 468
3 603
3 738
3 1044
3 828
3 1179
3 1008
3 846
3 1485
3 990
3 648
3 1134
3 981
3 1008
3 873
3 918
3 918
3 621
3 693
3 1647
3 810
3 1710
3 1746
3 1260
3 1224
3 882
3 1080
3 1449
3 2502
3 891
3 882
3 1926
3 1332
3 720
3 648
3 387
3 648
3 1566
3 1287
3 855
3 882
3 603
3 432
3 1755
3 900
3 1116
3 1053
3 1827
3 540
3 765
3 684
3 666
3 2574
3 3285
3 549
3 900
3 1233
3 1674
3 1269
3 792
3 1107
3 540
3 1458
3 720
3 1161
3 1017
3 1251
3 729
3 1485
3 882
3 1035
3 585
3 693
3 468
3 1017
3 1251
3 549
3 1170
3 1737
3 1800
3 1296
3 558
3 990
3 1422
3 900
3 783
3 1755
3 567
3 1575
3 1188
3 675
3 1584
3 783
3 729
3 846
3 1035
3 1926
3 1512
3 441
3 1602
3 1098
3 954
3 945
3 2592
3 1080
3 972
3 1998
3 981
3 2070
3 1341
3 855
3 1341
3 1575
3 1062
3 477
3 1395
3 1098
3 540
3 819
3 1098
3 2043
3 594
3 540
3 1089
3 1278
3 792
3 1332
3 459
3 621
3 963
3 513
3 972
3 774
3 819
3 657
3 945
3 1503
3 1611
3 819
3 2295
3 819
3 1782
3 1188
3 684
3 846
3 1413
3 900
3 900
3 810
3 639
3 648
3 936
3 1044
3 1062
3 1431
3 1053
3 531
3 2511
3 999
3 648
3 1242
3 1368
3 1305
3 1413
3 1026
3 765
3 1170
3 1269
3 819
3 1359
3 2340
3 954
3 1998
3 1188
3 1755
3 675
3 783
3 531
3 621
3 1098
3 1989
3 648
3 657
3 963
3 648
3 1071
3 729
3 693
3 819
3 1341
3 1674
3 945
3 972
3 621
3 1890
3 963
3 630
3 747
3 630
3 576
3 2394
3 2313
3 675
3 630
3 531
3 981
3 954
3 1530
3 2574
3 1080
3 2133
3 1521
3 1773
3 1116
3 972
3 738
3 522
3 1233
3 378
3 1287
3 594
3 540
3 1755
3 783
3 1710
3 792
3 2538
3 1449
3 1152
3 630
3 1125
3 1314
3 1413
3 2133
3 1296
3 459
3 1017
3 585
3 378
3 1521
3 1962
3 1323
3 1341
3 1143
3 594
3 1863
3 1260
3 630
3 1863
3 1197
3 927
3 621
3 720
3 954
3 1665
3 459
3 1269
3 1377
3 1287
3 882
3 945
3 459
3 936
3 1386
3 2007
3 666
3 1611
3 1206
3 1791
3 1188
3 2187
3 585
3 1359
3 945
3 963
3 1305
3 927
3 540
3 1629
3 1251
3 792
3 1116
3 1782
3 1404
3 1701
3 1962
3 1107
3 801
3 936
3 1233
3 648
3 1224
3 2070
3 1242
3 1017
3 630
3 909
3 1368
3 1863
3 1017
3 1026
3 1539
3 612
3 1656
3 1863
3 2169
3 1404
3 882
3 1314
3 1260
3 720
3 810
3 1656
3 1053
3 2385
3 1962
3 1593
3 1062
3 531
3 1062
3 1080
3 2682
3 1098
3 738
3 2151
3 909
3 882
3 2205
3 504
3 945
3 1206
3 765
3 918
3 1080
3 1287
3 1107
3 1323
3 1062
3 729
3 1512
3 1368
3 936
3 1908
3 801
3 567
3 783
3 1215
3 1647
3 2205
3 657
3 603
3 792
3 1800
3 702
3 774
3 1278
3 918
3 1269
3 1224
3 1656
3 990
3 954
3 1323
3 1827
3 756
3 1107
3 1449
3 720
3 1512
3 1107
3 2169
3 1080
3 567
3 432
3 1125
3 603
3 612
3 747
3 999
3 765
3 801
3 396
3 477
3 810
3 1062
3 639
3 1620
3 432
3 792
3 1737
3 1053
3 1377
3 1206
3 1701
3 1944
3 486
3 2223
3 1197
3 792
3 1368
3 2052
3 1224
3 909
3 1008
3 1188
3 1395
3 1287
3 792
3 1602
3 522
3 846
3 1053
3 891
3 549
3 819
3 1035
3 1413
3 1629
3 891
3 2403
3 1071
3 738
3 684
3 1287
3 1062
3 1368
3 1854
3 1368
3 540
3 693
3 648
3 648
3 945
3 1413
3 1611
3 1269
3 594
3 567
3 2349
3 603
3 1296
3 1107
3 1215
3 1314
3 1143
3 837
3 846
3 1863
3 1548
3 1359
3 1332
3 1863
3 747
3 936
3 576
3 594
3 1548
3 900
3 756
3 801
3 1908
3 1026
3 1188
3 999
3 1350
3 954
3 1080
3 963
3 1647
3 1062
3 756
3 2322
3 621
3 810
3 585
3 909
3 2088
3 1413
3 999
3 891
3 882
3 1638
3 747
3 1152
3 1692
3 540
3 1170
3 981
3 1629
3 1089
3 1062
3 1134
3 1233
3 1233
3 1602
3 918
3 1386
3 1287
3 360
3 1458
3 873
3 927
3 1233
3 657
3 1071
3 1323
3 1026
3 2691
3 1179
3 1548
3 990
3 1251
3 1782
3 2205
3 1071
3 882
3 720
3 2079
3 1719
3 765
3 1836
3 855
3 855
3 450
3 711
3 1782
3 2106
3 936
3 819
3 891
3 999
3 1377
3 810
3 1242
3 1017
3 765
3 1125
3 1764
3 630
3 1323
3 504
3 693
3 792
3 1557
3 495
3 648
3 909
3 918
3 819
3 774
3 1179
3 612
3 1521
3 1098
3 999
3 1089
3 2034
3 1557
3 1125
3 1440
3 1017
3 1782
3 1134
3 1215
3 1467
3 909
3 873
3 1611
3 594
3 423
3 1395
3 882
3 1422
3 774
3 630
3 2205
3 1413
3 603
3 1296
3 990
3 1017
3 2115
3 837
3 621
3 684
3 549
3 477
3 1251
3 864
3 540
3 963
3 972
3 1341
3 1314
3 2457
3 693
3 1359
3 873
3 1143
3 675
3 594
3 1188
3 1935
3 1629
3 1305
3 909
3 1998
3 1890
3 1206
3 1233
3 819
3 522
3 1206
3 900
3 1260
3 2277
3 1107
3 801
3 873
3 1917
3 585
3 459
3 1539
3 720
3 738
3 720
3 1746
3 1971
3 1026
3 675
3 1341
3 1773
3 648
3 846
3 828
3 711
3 1422
3 2547
3 1611
3 1278
3 630
3 792
3 1134
3 1224
3 891
3 1089
3 999
3 765
3 828
3 1386
3 657
3 2115
3 1692
3 1314
3 612
3 1350
3 873
3 729
3 909
3 810
3 648
3 1224
3 1386
3 1053
3 729
3 729
3 855
3 828
3 2106
3 2592
3 540
3 2376
3 1143
3 900
3 1854
3 873
3 693
3 738
3 1134
3 1539
3 2160
3 1134
3 972
3 2610
3 1521
3 603
3 1368
3 1341
3 603
3 720
3 1206
3 1431
3 828
3 981
3 468
3 792
3 1260
3 558
3 1323
3 486
3 2619
3 927
3 702
3 576
3 441
3 819
3 900
3 2313
3 801
3 1863
3 1242
3 477
3 657
3 1827
3 1098
3 1755
3 468
3 1017
3 549
3 666
3 1080
3 1197
3 1539
3 819
3 1116
3 639
3 801
3 981
3 1107
3 792
3 738
3 972
3 1953
3 729
3 720
3 558
3 1719
3 1008
3 1116
3 666
3 846
3 765
3 675
3 657
3 846
3 1845
3 945
3 666
3 657
3 1341
3 1296
3 1080
3 918
3 972
3 1656
3 594
3 846
3 1809
3 765
3 963
3 1062
3 1431
3 1602
3 828
3 1053
3 1197
3 900
3 504
3 1197
3 927
3 1350
3 639
3 747
3 1242
3 918
3 666
3 1350
3 2412
3 1557
3 882
3 846
3 837
3 2160
3 972
3 1557
3 639
3 1044
3 990
3 441
3 1800
3 792
3 1251
3 1413
3 873
3 1296
3 1008
3 1359
3 2196
3 855
3 1017
3 1836
3 1296
3 2124
3 927
3 1467
3 1359
3 756
3 1044
3 675
3 1350
3 927
3 1053
3 2475
3 819
3 819
3 2268
3 891
3 1359
3 963
3 594
3 612
3 1107
3 1233
3 1260
3 1323
3 882
3 1494
3 720
3 612
3 594
3 558
3 603
3 1791
3 1962
3 1530
3 1035
3 621
3 837
3 1521
3 972
3 1026
3 1035
3 981
3 1008
3 1179
3 1539
3 1224
3 1602
3 693
3 909
3 1359
3 864
3 1260
3 1053
3 873
3 558
3 1647
3 468
3 783
3 1269
3 936
3 1755
3 378
3 765
3 747
3 927
3 918
3 1053
3 1179
3 1287
3 891
3 900
3 1035
3 774
3 540
3 2061
3 873
3 1728
3 810
3 1611
3 1035
3 1206
3 765
3 639
3 1458
3 459
3 981
3 999
3 855
3 765
3 720
3 1683
3 2061
3 1575
3 1134
3 567
3 432
3 549
3 1197
3 387
3 954
3 2043
3 1134
3 819
3 1170
3 1098
3 1017
3 2232
3 1890
3 909
3 873
3 1692
3 1791
3 945
3 1089
3 792
3 765
3 1413
3 657
3 684
3 1575
3 882
3 549
3 621
3 1359
3 774
3 1107
3 585
3 963
3 810
3 468
3 1323
3 1287
3 468
3 1404
3 819
3 1449
3 738
3 792
3 1215
3 711
3 477
3 711
3 828
3 378
3 2331
3 909
3 2151
3 1980
3 738
3 1908
3 1125
3 1503
3 1134
3 855
3 936
3 432
3 945
3 972
3 693
3 720
3 1395
3 1251
3 810
3 927
3 864
3 990
3 1206
3 2961
3 1332
3 639
3 1053
3 567
3 459
3 630
3 1251
3 1287
3 1134
3 774
3 1368
3 603
3 837
3 747
3 1152
3 1683
3 1449
3 1161
3 648
3 2718
3 495
3 1026
3 1188
3 1287
3 1386
3 783
3 612
3 1107
3 1062
3 828
3 1332
3 630
3 621
3 1314
3 756
3 1395
3 864
3 1161
3 693
3 1638
3 2664
3 936
3 1404
3 1620
3 801
3 1134
3 819
3 549
3 765
3 1377
3 567
3 1539
3 918
3 477
3 936
3 999
3 1071
3 792
3 1368
3 1089
3 2061
3 828
3 1314
3 1071
3 927
3 1422
3 648
3 423
3 1332
3 477
3 972
3 792
3 576
3 1053
3 1152
3 756
3 1323
3 1431
3 1647
3 1467
3 648
3 837
3 792
3 1620
3 828
3 2187
3 1116
3 1143
3 1107
3 1512
3 1071
3 1269
3 945
3 576
3 909
3 756
3 1962
3 1386
3 1125
3 1044
3 1656
3 945
3 504
3 981
3 1611
3 693
3 585
3 1323
3 675
3 837
3 909
3 468
3 666
3 891
3 1638
3 2097
3 774
3 1116
3 1278
3 747
3 855
3 531
3 468
3 1458
3 1269
3 1017
3 1620
3 810
3 1413
3 2331
3 711
3 1179
3 1287
3 945
3 1206
3 720
3 1503
3 1008
3 1080
3 1143
3 1197
3 594
3 1467
3 2115
3 1062
3 1854
3 2367
3 2349
3 873
3 1350
3 1719
3 702
3 522
3 2304
3 1170
3 774
3 1503
3 1062
3 1062
3 1503
3 1692
3 1575
3 1989
3 792
3 1422
3 828
3 1881
3 1467
3 3114
3 792
3 603
3 567
3 810
3 1008
3 1215
3 1206
3 423
3 1062
3 2034
3 2106
3 1440
3 783
3 1278
3 657
3 837
3 1134
3 1224
3 1647
3 1188
3 1800
3 576
3 1206
3 1458
3 729
3 1098
3 720
3 1278
3 1089
3 1827
3 918
3 1494
3 1710
3 1242
3 1584
3 774
3 720
3 1053
3 612
3 2430
3 882
3 648
3 819
3 684
3 1089
3 1845
3 1206
3 594
3 1260
3 531
3 1251
3 819
3 1683
3 864
3 1008
3 1755
3 495
3 711
3 693
3 594
3 1638
3 1134
3 1188
3 765
3 909
3 927
3 2349
3 693
3 612
3 765
3 2826
3 477
3 1170
3 972
3 1269
3 522
3 504
3 1368
3 1332
3 1386
3 2250
3 594
3 774
3 846
3 1197
3 1440
3 909
3 1836
3 864
3 882
3 1611
3 468
3 666
3 981
3 828
3 594
3 639
3 1044
3 810
3 558
3 1611
3 1422
3 1053
3 2034
3 540
3 1395
3 1035
3 1611
3 1440
3 594
3 1719
3 1467
3 1935
3 738
3 1548
3 927
3 675
3 2223
3 603
3 1206
3 1089
3 1080
3 1458
3 1287
3 675
3 1080
3 2871
3 756
3 1602
3 1152
3 1818
3 918
3 1584
3 792
3 531
3 1746
3 891
3 801
3 387
3 477
3 2394
3 1269
3 1494
3 972
3 1143
3 1242
3 819
3 918
3 828
3 540
3 1800
3 918
3 720
3 1161
3 1206
3 612
3 1908
3 2214
3 738
3 918
3 783
3 1161
3 1017
3 1107
3 2826
3 1053
3 1080
3 792
3 1044
3 972
3 585
3 711
3 846
3 909
3 675
3 1494
3 1179
3 1026
3 468
3 963
3 1080
3 1413
3 693
3 1215
3 711
3 909
3 1188
3 1548
3 1017
3 999
3 729
3 738
3 1809
3 621
3 1845
3 666
3 612
3 1179
3 954
3 891
3 369
3 936
3 1836
3 540
3 1782
3 792
3 900
3 1737
3 549
3 2277
3 2205
3 1395
3 1296
3 1170
3 1440
3 1134
3 2286
3 1188
3 1359
3 423
3 1368
3 819
3 549
3 1143
3 1251
3 738
3 1377
3 981
3 567
3 1044
3 1035
3 1206
3 963
3 1071
3 675
3 585
3 747
3 540
3 756
3 1845
3 1098
3 477
3 1494
3 1260
3 594
3 3699
3 675
3 900
3 1395
3 2520
3 1602
3 1935
3 1467
3 1260
3 810
3 1539
3 936
3 639
3 531
3 450
3 1836
3 621
3 666
3 891
3 1026
3 774
3 1557
3 1008
3 1845
3 657
3 576
3 837
3 747
3 945
3 945
3 621
3 648
3 1665
3 1656
3 1071
3 531
3 783
3 1179
3 1386
3 1494
3 2196
3 954
3 846
3 855
3 864
3 900
3 594
3 873
3 1557
3 1251
3 846
3 1179
3 693
3 747
3 2367
3 1746
3 1260
3 1269
3 927
3 792
3 540
3 1080
3 1350
3 999
3 900
3 2403
3 1530
3 3204
3 1800
3 459
3 1233
3 1062
3 1026
3 1818
3 783
3 981
3 765
3 945
3 1809
3 729
3 1899
3 2475
3 1296
3 1485
3 1188
3 801
3 1710
3 891
3 963
3 639
3 2043
3 1017
3 648
3 711
3 792
3 873
3 1791
3 756
3 783
3 1755
3 585
3 936
3 531
3 585
3 999
3 1071
3 1530
3 630
3 738
3 1125
3 1242
3 936
3 900
3 2007
3 1134
3 1548
3 729
3 1098
3 2187
3 1809
3 540
3 747
3 819
3 1305
3 1656
3 612
3 1845
3 1323
3 1485
3 702
3 1224
3 954
3 702
3 1053
3 585
3 846
3 1386
3 567
3 747
3 477
3 2052
3 810
3 468
3 774
3 1188
3 720
3 1125
3 1080
3 810
3 1152
3 1152
3 1935
3 1044
3 1143
3 1467
3 891
3 1386
3 432
3 1080
3 954
3 1431
3 1026
3 936
3 963
3 2250
3 2016
3 1494
3 1746
3 729
3 1764
3 1071
3 549
3 945
3 432
3 612
3 756
3 846
3 1179
3 828
3 540
3 729
3 540
3 657
3 891
3 900
3 999
3 1197
3 657
3 1206
3 918
3 891
3 810
3 972
3 648
3 720
3 1044
3 630
3 1215
3 1602
3 936
3 972
3 648
3 1728
3 2412
3 585
3 1071
3 3348
3 1395
3 1152
3 936
3 1053
3 1701
3 540
3 747
3 1566
3 594
3 1278
3 1251
3 1107
3 1755
3 567
3 693
3 783
3 1683
3 1413
3 801
3 2349
3 1242
3 1071
3 1674
3 2106
3 576
3 648
3 1422
3 1170
3 810
3 1161
3 1026
3 1125
3 1071
3 1188
3 774
3 576
3 2052
3 711
3 810
3 2034
3 1404
3 1458
3 819
3 2133
3 2304
3 1044
3 747
3 1071
3 837
3 630
3 963
3 1827
3 756
3 1053
3 1458
3 1224
3 468
3 1071
3 2511
3 1026
3 1800
3 702
3 918
3 1035
3 1728
3 891
3 675
3 882
3 1377
3 2286
3 783
3 2178
3 1557
3 1305
3 900
3 1161
3 567
3 1116
3 1107
3 612
3 783
3 1170
3 828
3 738
3 1062
3 819
3 1449
3 738
3 2016
3 909
3 711
3 576
3 1296
3 1026
3 432
3 1458
3 1152
3 729
3 720
3 1224
3 756
3 963
3 1314
3 423
3 720
3 900
3 1503
3 549
3 1458
3 891
3 2241
3 1044
3 738
3 1881
3 1089
3 900
3 1116
3 1152
3 1098
3 909
3 1314
3 621
3 1323
3 738
3 1557
3 1629
3 531
3 1782
3 774
3 1206
3 1080
3 954
3 738
3 459
3 936
3 1125
3 1674
3 1215
3 765
3 441
3 2178
3 1278
3 774
3 675
3 1368
3 486
3 1386
3 1404
3 756
3 1575
3 549
3 585
3 1287
3 531
3 711
3 819
3 1431
3 1386
3 522
3 1998
3 1107
3 1395
3 855
3 585
3 792
3 522
3 2241
3 1341
3 549
3 612
3 873
3 1269
3 1359
3 873
3 999
3 639
3 684
3 432
3 1098
3 675
3 486
3 1359
3 918
3 1845
3 963
3 504
3 486
3 954
3 1413
3 675
3 1026
3 1701
3 1575
3 3042
3 1512
3 576
3 810
3 1602
3 1980
3 810
3 2214
3 729
3 999
3 1026
3 774
3 774
3 1926
3 1071
3 756
3 3150
3 1035
3 1188
3 1647
3 918
3 1098
3 729
3 675
3 603
3 927
3 540
3 1638
3 972
3 540
3 2178
3 1143
3 2286
3 1026
3 792
3 1710
3 801
3 756
3 1143
3 1134
3 954
3 684
3 711
3 675
3 1476
3 675
3 1368
3 936
3 2115
3 954
3 999
3 927
3 954
3 423
3 882
3 1458
3 1629
3 630
3 981
3 1143
3 1242
3 1044
3 1116
3 1116
3 513
3 936
3 981
3 1116
3 963
3 855
3 882
3 729
3 846
3 693
3 1449
3 1242
3 1044
3 846
3 612
3 1386
3 1359
3 693
3 594
3 774
3 594
3 711
3 747
3 1215
3 1170
3 1134
3 981
3 702
3 711
3 720
3 2160
3 1368
3 1125
3 1062
3 756
3 783
3 1521
3 1980
3 1908
3 531
3 612
3 2601
3 1755
3 882
3 999
3 819
3 1017
3 1647
3 675
3 558
3 1674
3 468
3 927
3 891
3 900
3 2115
3 648
3 1332
3 693
3 450
3 1683
3 954
3 1719
3 738
3 1989
3 2052
3 999
3 1026
3 1206
3 1215
3 666
3 558
3 927
3 378
3 927
3 909
3 963
3 1269
3 801
3 765
3 1233
3 1566
3 1242
3 630
3 981
3 801
3 891
3 891
3 1188
3 387
3 936
3 1224
3 999
3 1548
3 891
3 1476
3 1467
3 810
3 1134
3 549
3 1845
3 558
3 1791
3 1827
3 1188
3 720
3 2142
3 630
3 1395
3 693
3 819
3 1593
3 1602
3 1017
3 810
3 702
3 738
3 1242
3 459
3 1089
3 981
3 2106
3 783
3 1080
3 378
3 873
3 468
3 612
3 1197
3 1440
3 1188
3 927
3 1188
3 864
3 873
3 558
3 909
3 1161
3 1089
3 1035
3 810
3 1656
3 3564
3 801
3 1071
3 963
3 1035
3 1125
3 549
3 1188
3 1089
3 2430
3 981
3 882
3 1134
3 2016
3 630
3 1305
3 1170
3 720
3 1746
3 1278
3 1080
3 1206
3 2367
3 1116
3 1332
3 720
3 1008
3 864
3 558
3 693
3 891
3 1701
3 1143
3 1386
3 1611
3 2187
3 1413
3 810
3 1206
3 1116
3 1665
3 864
3 1503
3 711
3 837
3 1467
3 792
3 1215
3 1350
3 1602
3 1557
3 1179
3 1170
3 621
3 1188
3 972
3 2007
3 675
3 1422
3 954
3 855
3 1791
3 693
3 513
3 2214
3 729
3 1188
3 1917
3 1350
3 1287
3 801
3 963
3 1089
3 1053
3 1377
3 810
3 1152
3 981
3 882
3 837
3 1971
3 639
3 1206
3 1008
3 954
3 1440
3 846
3 1773
3 1476
3 1305
3 2862
3 666
3 1233
3 1008
3 1962
3 1575
3 612
3 639
3 1017
3 1359
3 1035
3 927
3 1557
3 1440
3 1737
3 1062
3 774
3 675
3 1386
3 504
3 2871
3 657
3 1008
3 1359
3 1035
3 1422
3 1107
3 954
3 1062
3 3276
3 1071
3 1044
3 558
3 981
3 1251
3 1242
3 1737
3 2313
3 2511
3 1107
3 1566
3 1197
3 1287
3 1512
3 891
3 756
3 1746
3 693
3 801
3 1467
3 900
3 1881
3 1125
3 1170
3 1206
3 1161
3 1926
3 513
3 747
3 720
3 1179
3 2394
3 567
3 855
3 945
3 1107
3 1890
3 936
3 855
3 603
3 1143
3 423
3 1332
3 1539
3 1638
3 1107
3 1395
3 1539
3 2556
3 1044
3 639
3 792
3 963
3 1098
3 819
3 1503
3 2421
3 963
3 1062
3 1017
3 1800
3 531
3 1035
3 1170
3 3528
3 972
3 909
3 1332
3 1305
3 450
3 1179
3 1341
3 1449
3 972
3 1971
3 882
3 810
3 1188
3 531
3 963
3 783
3 864
3 2034
3 1197
3 531
3 1215
3 1557
3 1413
3 846
3 1089
3 756
3 963
3 2736
3 1422
3 1737
3 1611
3 846
3 1710
3 1305
3 1908
3 981
3 837
3 567
3 972
3 567
3 1449
3 1359
3 1278
3 729
3 990
3 468
3 999
3 846
3 1485
3 576
3 1917
3 810
3 558
3 711
3 1260
3 927
3 1800
3 549
3 1107
3 1314
3 1377
3 900
3 1611
3 792
3 1629
3 864
3 1728
3 954
3 1458
3 693
3 981
3 468
3 594
3 1071
3 1314
3 2007
3 1341
3 2259
3 2331
3 1332
3 936
3 990
3 873
3 1728
3 648
3 936
3 1251
3 1089
3 2565
3 378
3 792
3 495
3 585
3 1089
3 1836
3 585
3 1386
3 1035
3 1278
3 1206
3 1431
3 693
3 819
3 1044
3 1233
3 1143
3 792
3 675
3 981
3 918
3 783
3 1332
3 1017
3 1017
3 720
3 504
3 1071
3 720
3 792
3 2025
3 1413
3 459
3 1710
3 1620
3 666
3 1197
3 900
3 1143
3 918
3 1071
3 1593
3 864
3 675
3 819
3 1107
3 549
3 693
3 1062
3 1071
3 585
3 927
3 1188
3 963
3 1269
3 774
3 459
3 1125
3 1143
3 630
3 711
3 837
3 972
3 3033
3 2169
3 1404
3 1863
3 1125
3 1863
3 1188
3 1152
3 963
3 1521
3 441
3 972
3 954
3 1800
3 1683
3 774
3 837
3 1683
3 801
3 630
3 1125
3 1017
3 1125
3 2232
3 846
3 675
3 657
3 1260
3 900
3 639
3 864
3 1584
3 1233
3 459
3 963
3 1305
3 693
3 1494
3 1692
3 1782
3 846
3 801
3 1404
3 774
3 864
3 1440
3 1260
3 594
3 1017
3 981
3 819
3 2178
3 1044
3 648
3 1404
3 756
3 648
3 378
3 702
3 1188
3 522
3 432
3 729
3 2178
3 1431
3 1575
3 2601
3 711
3 864
3 1386
3 477
3 1665
3 468
3 1674
3 1098
3 1350
3 810
3 738
3 648
3 1224
3 711
3 765
3 1368
3 1368
3 1305
3 1647
3 387
3 1026
3 900
3 990
3 828
3 846
3 558
3 1998
3 657
3 1638
3 1611
3 2718
3 1800
3 837
3 729
3 1269
3 2061
3 747
3 936
3 1080
3 531
3 585
3 1791
3 1188
3 1044
3 828
3 648
3 765
3 1026
3 1503
3 1260
3 603
3 1224
3 810
3 1296
3 1161
3 1575
3 1251
3 1737
3 1764
3 1287
3 1296
3 1584
3 702
3 1476
3 1395
3 1053
3 792
3 810
3 864
3 828
3 846
3 2313
3 1026
3 873
3 1161
3 1665
3 477
3 2781
3 774
3 594
3 666
3 927
3 801
3 909
3 1278
3 639
3 1278
3 855
3 693
3 801
3 1071
3 504
3 819
3 1026
3 702
3 1071
3 1206
3 1062
3 1035
3 2223
3 1197
3 558
3 846
3 891
3 549
3 1413
3 1494
3 2286
3 873
3 864
3 549
3 1242
3 1035
3 837
3 999
3 3195
3 666
3 693
3 1080
3 1017
3 441
3 1584
3 900
3 1242
3 684
3 1341
3 954
3 837
3 522
3 1017
3 666
3 846
3 954
3 801
3 1503
3 2259
3 900
3 1287
3 1512
3 657
3 531
3 1179
3 612
3 1332
3 657
3 1485
3 558
3 828
3 1107
3 558
3 711
3 1107
3 1161
3 1026
3 1782
3 2412
3 1170
3 1701
3 1962
3 909
3 1521
3 1134
3 1044
3 459
3 1854
3 1890
3 2466
3 2718
3 954
3 2187
3 459
3 792
3 1197
3 936
3 1116
3 1368
3 945
3 1053
3 603
3 1710
3 765
3 1971
3 1215
3 657
3 1494
3 1791
3 459
3 963
3 1071
3 927
3 459
3 1494
3 522
3 1197
3 1143
3 747
3 576
3 792
3 1215
3 1548
3 1467
3 1602
3 1575
3 2619
3 1170
3 630
3 1179
3 621
3 531
3 864
3 1827
3 1503
3 423
3 1548
3 1575
3 549
3 639
3 675
3 1494
3 1107
3 720
3 1386
3 531
3 2241
3 1548
3 738
3 1242
3 1251
3 1521
3 1548
3 1224
3 990
3 720
3 711
3 1188
3 495
3 1062
3 927
3 819
3 1359
3 1494
3 1539
3 684
3 702
3 1188
3 1755
3 585
3 1440
3 2439
3 837
3 1197
3 1404
3 531
3 1287
3 549
3 945
3 1359
3 1413
3 1485
3 1215
3 1053
3 1125
3 2466
3 1098
3 1305
3 891
3 1647
3 1035
3 783
3 1476
3 945
3 540
3 1602
3 1197
3 369
3 792
3 981
3 1341
3 630
3 1026
3 459
3 981
3 810
3 1485
3 387
3 531
3 765
3 1710
3 1890
3 936
3 2034
3 1305
3 792
3 765
3 558
3 522
3 981
3 954
3 513
3 1458
3 1197
3 675
3 1332
3 486
3 711
3 1179
3 2475
3 1386
3 1746
3 522
3 675
3 1053
3 972
3 1116
3 1377
3 1521
3 702
3 1431
3 1638
3 1107
3 621
3 1251
3 1224
3 1044
3 738
3 729
3 1053
3 873
3 1953
3 765
3 657
3 792
3 1125
3 837
3 891
3 675
3 468
3 1926
3 585
3 1278
3 621
3 810
3 693
3 522
3 1350
3 963
3 801
3 1467
3 657
3 1638
3 909
3 999
3 2394
3 873
3 693
3 657
3 729
3 657
3 702
3 846
3 549
3 1134
3 1008
3 1539
3 738
3 2601
3 711
3 1503
3 432
3 900
3 684
3 1962
3 1125
3 1062
3 774
3 1089
3 2745
3 765
3 765
3 1359
3 423
3 1440
3 1683
3 684
3 648
3 459
3 711
3 2061
3 1368
3 891
3 477
3 1152
3 2799
3 1386
3 1044
3 729
3 747
3 1863
3 2295
3 2817
3 1449
3 1989
3 2493
3 666
3 648
3 2304
3 1260
3 2079
3 1269
3 1530
3 1593
3 1395
3 1629
3 774
3 927
3 1125
3 684
3 1458
3 837
3 702
3 2979
3 1116
3 1530
3 756
3 891
3 675
3 1089
3 765
3 963
3 1170
3 990
3 1008
3 792
3 810
3 531
3 1593
3 972
3 1332
3 1809
3 792
3 1026
3 1827
3 1287
3 1332
3 1386
3 1269
3 1386
3 855
3 1458
3 945
3 1008
3 2961
3 621
3 891
3 666
3 1251
3 1377
3 3375
3 1305
3 801
3 675
3 1863
3 1107
3 2007
3 567
3 1296
3 1971
3 1035
3 1242
3 2142
3 1278
3 1458
3 1269
3 1197
3 531
3 540
3 882
3 774
3 576
3 1701
3 864
3 873
3 504
3 936
3 963
3 504
3 1035
3 837
3 1818
3 927
3 1350
3 1323
3 513
3 1170
3 1521
3 918
3 1044
3 1269
3 1512
3 846
3 585
3 954
3 909
3 1296
3 468
3 1089
3 1215
3 1098
3 1476
3 1530
3 1665
3 1764
3 666
3 855
3 1044
3 585
3 909
3 999
3 1494
3 729
3 1008
3 1026
3 738
3 1179
3 1665
3 1170
3 1566
3 1449
3 1701
3 1026
3 2277
3 1053
3 2052
3 747
3 1242
3 954
3 567
3 882
3 1584
3 810
3 1602
3 765
3 828
3 999
3 1080
3 981
3 1089
3 1071
3 918
3 1494
3 720
3 702
3 1755
3 1125
3 2268
3 729
3 396
3 549
3 657
3 999
3 801
3 558
3 1314
3 855
3 729
3 1764
3 1908
3 1170
3 1278
3 990
3 1233
3 990
3 711
3 2826
3 1071
3 1107
3 657
3 1701
3 1062
3 1269
3 846
3 495
3 1341
3 720
3 990
3 927
3 1017
3 1242
3 540
3 972
3 639
3 648
3 1494
3 972
3 738
3 1017
3 1584
3 891
3 1296
3 909
3 801
3 1107
3 2205
3 972
3 1998
3 990
3 1170
3 1017
3 873
3 594
3 1044
3 1935
3 2016
3 972
3 1116
3 1188
3 1161
3 585
3 828
3 792
3 693
3 1638
3 1242
3 477
3 801
3 1368
3 1332
3 1467
3 1269
3 2124
3 702
3 468
3 1611
3 945
3 1017
3 945
3 837
3 603
3 1098
3 1107
3 864
3 2214
3 765
3 2592
3 522
3 1170
3 963
3 1098
3 1629
3 756
3 1692
3 1728
3 1854
3 1683
3 1080
3 1638
3 693
3 891
3 459
3 1926
3 1422
3 1026
3 1431
3 594
3 1449
3 612
3 1224
3 1368
3 1512
3 801
3 666
3 1368
3 900
3 783
3 1431
3 2169
3 630
3 2043
3 702
3 594
3 1548
3 999
3 567
3 963
3 720
3 594
3 1278
3 837
3 540
3 495
3 540
3 1584
3 1296
3 729
3 756
3 945
3 684
3 945
3 612
3 2250
3 2232
3 774
3 891
3 999
3 1836
3 981
3 1260
3 1116
3 1035
3 810
3 2430
3 882
3 2025
3 1584
3 846
3 2007
3 459
3 621
3 1080
3 1107
3 918
3 1224
3 882
3 1206
3 747
3 1134
3 1377
3 1674
3 810
3 1125
3 810
3 1557
3 774
3 1062
3 1053
3 1359
3 1926
3 1035
3 936
3 1008
3 531
3 1242
3 819
3 918
3 1566
3 1287
3 801
3 1665
3 774
3 1053
3 558
3 432
3 1107
3 2088
3 1305
3 747
3 1593
3 1746
3 459
3 2241
3 621
3 1206
3 909
3 657
3 477
3 1656
3 468
3 855
3 1080
3 1728
3 1008
3 1107
3 378
3 873
3 693
3 1215
3 1692
3 1098
3 1206
3 1962
3 1620
3 1107
3 1611
3 1278
3 1710
3 1035
3 1899
3 1161
3 783
3 1026
3 1062
3 702
3 945
3 756
3 2061
3 594
3 720
3 963
3 1044
3 1467
3 972
3 702
3 1314
3 1215
3 1287
3 1431
3 1278
3 711
3 1296
3 1242
3 1215
3 2313
3 900
3 810
3 576
3 1188
3 1404
3 594
3 468
3 1422
3 549
3 684
3 774
3 540
3 1125
3 1008
3 990
3 1116
3 1008
3 918
3 1332
3 729
3 738
3 1107
3 756
3 1494
3 2214
3 450
3 972
3 1026
3 1242
3 1530
3 594
3 684
3 963
3 1926
3 954
3 729
3 702
3 1026
3 864
3 648
3 630
3 774
3 1989
3 2331
3 2313
3 1188
3 783
3 963
3 1584
3 927
3 1206
3 1017
3 900
3 1134
3 909
3 1053
3 495
3 882
3 1692
3 1008
3 1296
3 729
3 657
3 1215
3 1035
3 1674
3 1143
3 855
3 1017
3 1458
3 981
3 720
3 1170
3 882
3 738
3 1053
3 1980
3 882
3 1134
3 441
3 981
3 1026
3 1728
3 1863
3 531
3 675
3 630
3 1278
3 1476
3 846
3 756
3 1827
3 711
3 1062
3 702
3 1080
3 1287
3 1026
3 963
3 990
3 1539
3 2016
3 1269
3 1368
3 936
3 594
3 774
3 999
3 702
3 1584
3 369
3 1359
3 468
3 666
3 1278
3 1980
3 621
3 585
3 1323
3 1773
3 927
3 774
3 972
3 612
3 1080
3 1467
3 594
3 1305
3 387
3 1314
3 738
3 1134
3 963
3 1017
3 1602
3 2808
3 2016
3 1170
3 1116
3 1494
3 756
3 954
3 1899
3 693
3 972
3 459
3 819
3 1080
3 639
3 1260
3 522
3 1845
3 945
3 711
3 1224
3 918
3 810
3 549
3 1638
3 1161
3 1467
3 900
3 1026
3 648
3 1161
3 1638
3 819
3 1647
3 1341
3 792
3 864
3 576
3 729
3 1143
3 1008
3 918
3 981
3 1134
3 711
3 1296
3 540
3 513
3 1188
3 648
3 1629
3 846
3 1251
3 783
3 801
3 711
3 1395
3 657
3 900
3 1008
3 864
3 1188
3 738
3 621
3 954
3 918
3 702
3 1548
3 1044
3 531
3 936
3 801
3 1242
3 657
3 1323
3 1188
3 1179
3 1602
3 981
3 1242
3 2178
3 945
3 1026
3 1377
3 792
3 765
3 747
3 648
3 1710
3 1692
3 1170
3 1269
3 1125
3 774
3 990
3 522
3 963
3 1233
3 1044
3 1404
3 1854
3 900
3 873
3 1728
3 711
3 1332
3 963
3 1647
3 1053
3 1287
3 1314
3 945
3 684
3 819
3 1062
3 720
3 1629
3 3339
3 1710
3 891
3 1080
3 765
3 1098
3 1440
3 1143
3 1611
3 1008
3 621
3 747
3 1179
3 1836
3 2655
3 2664
3 1143
3 540
3 504
3 2088
3 1854
3 846
3 765
3 1125
3 855
3 531
3 837
3 1206
3 999
3 1395
3 891
3 693
3 1404
3 1179
3 522
3 963
3 1179
3 1215
3 1107
3 855
3 927
3 1458
3 837
3 639
3 1242
3 2421
3 648
3 1350
3 693
3 1773
3 1098
3 1710
3 2016
3 1296
3 1107
3 657
3 972
3 873
3 936
3 720
3 621
3 1665
3 1296
3 585
3 927
3 1026
3 1539
3 1341
3 792
3 981
3 1098
3 468
3 1143
3 1809
3 1863
3 783
3 954
3 801
3 2502
3 468
3 891
3 1134
3 1350
3 1341
3 1368
3 1791
3 1827
3 1134
3 1296
3 819
3 864
3 1017
3 603
3 819
3 1755
3 1170
3 927
3 1449
3 513
3 612
3 540
3 693
3 1413
3 1170
3 1368
3 594
3 1125
3 711
3 954
3 1395
3 2421
3 972
3 1341
3 1179
3 1674
3 738
3 1296
3 2268
3 1602
3 513
3 2862
3 648
3 1458
3 1665
3 369
3 1170
3 1287
3 1638
3 657
3 1593
3 1116
3 738
3 918
3 1053
3 396
3 738
3 1728
3 1008
3 882
3 585
3 1323
3 909
3 1917
3 936
3 882
3 621
3 594
3 1008
3 378
3 774
3 1134
3 567
3 1287
3 693
3 1944
3 1611
3 1305
3 990
3 810
3 1665
3 567
3 2520
3 2277
3 900
3 1638
3 1629
3 1197
3 1341
3 747
3 1026
3 1224
3 846
3 639
3 2403
3 729
3 585
3 828
3 1026
3 666
3 1089
3 1278
3 873
3 2556
3 2061
3 693
3 1845
3 441
3 1854
3 1044
3 1323
3 936
3 1035
3 963
3 693
3 999
3 1179
3 540
3 1215
3 729
3 765
3 1269
3 1899
3 819
3 936
3 999
3 1512
3 441
3 639
3 1476
3 603
3 999
3 756
3 1431
3 1566
3 1134
3 1809
3 1818
3 477
3 1530
3 1494
3 1017
3 981
3 459
3 954
3 792
3 1323
3 1332
3 1431
3 1152
3 1557
3 1539
3 1116
3 1116
3 1314
3 2178
3 792
3 540
3 1287
3 1251
3 1233
3 747
3 702
3 666
3 1116
3 459
3 1827
3 621
3 882
3 747
3 837
3 1017
3 1584
3 1143
3 630
3 1089
3 855
3 783
3 1422
3 1341
3 1134
3 1278
3 1332
3 1503
3 1116
3 1017
3 954
3 1827
3 1467
3 378
3 1611
3 1656
3 1800
3 1899
3 756
3 630
3 1386
3 486
3 513
3 954
3 1035
3 1224
3 1206
3 648
3 459
3 1287
3 1233
3 756
3 1620
3 1827
3 1710
3 693
3 873
3 1863
3 927
3 1206
3 1233
3 927
3 999
3 441
3 1215
3 1224
3 756
3 630
3 1179
3 1242
3 1854
3 1071
3 1296
3 2934
3 1710
3 1872
3 963
3 945
3 1305
3 594
3 1188
3 2133
3 1260
3 909
3 1089
3 936
3 1062
3 1431
3 1611
3 1863
3 1017
3 2412
3 783
3 1044
3 2160
3 864
3 648
3 747
3 873
3 1872
3 1836
3 1998
3 945
3 594
3 1962
3 774
3 792
3 1665
3 756
3 684
3 1377
3 1107
3 873
3 1422
3 963
3 1089
3 945
3 1440
3 2079
3 1656
3 1134
3 612
3 972
3 1404
3 1233
3 828
3 603
3 1125
3 810
3 2124
3 603
3 414
3 576
3 387
3 1026
3 630
3 810
3 765
3 1413
3 1665
3 855
3 1584
3 2331
3 1035
3 522
3 1269
3 432
3 648
3 1224
3 945
3 1692
3 1026
3 1386
3 1656
3 855
3 936
3 2529
3 1593
3 1395
3 1413
3 1566
3 1125
3 1377
3 1926
3 1431
3 954
3 1665
3 783
3 675
3 648
3 621
3 1629
3 1557
3 1134
3 603
3 1197
3 981
3 1377
3 477
3 1152
3 972
3 1053
3 630
3 1062
3 1152
3 1341
3 513
3 1071
3 1620
3 1467
3 1359
3 1917
3 1458
3 882
3 1791
3 1242
3 1260
3 846
3 468
3 882
3 495
3 801
3 819
3 1413
3 1701
3 837
3 1242
3 1998
3 1476
3 756
3 1440
3 828
3 774
3 900
3 810
3 1485
3 891
3 765
3 1260
3 1638
3 1206
3 729
3 1044
3 684
3 1287
3 711
3 522
3 594
3 1278
3 648
3 558
3 3195
3 1062
3 999
3 1017
3 720
3 936
3 819
3 936
3 1665
3 657
3 1197
3 567
3 1296
3 1701
3 1323
3 900
3 648
3 1683
3 1998
3 459
3 1107
3 2493
3 1719
3 1413
3 504
3 801
3 783
3 945
3 1647
3 603
3 855
3 3051
3 1161
3 1665
3 1566
3 1638
3 747
3 513
3 720
3 747
3 1449
3 2187
3 1953
3 909
3 1242
3 999
3 459
3 1278
3 567
3 702
3 2583
3 1053
3 621
3 1287
3 909
3 1467
3 1152
3 792
3 594
3 1980
3 1224
3 1089
3 801
3 738
3 882
3 639
3 891
3 747
3 675
3 2124
3 882
3 819
3 1350
3 1584
3 1287
3 1152
3 855
3 486
3 1116
3 1026
3 702
3 855
3 981
3 1125
3 729
3 1557
3 711
3 954
3 1161
3 1161
3 720
3 720
3 1008
3 1962
3 972
3 1890
3 639
3 945
3 936
3 1620
3 945
3 1692
3 1926
3 612
3 801
3 504
3 2007
3 1350
3 1161
3 2142
3 819
3 1638
3 1197
3 477
3 1494
3 3033
3 765
3 1170
3 864
3 1179
3 1251
3 864
3 1206
3 369
3 1215
3 1305
3 1053
3 396
3 1179
3 1089
3 1224
3 963
3 873
3 1269
3 1098
3 1224
3 1152
3 522
3 666
3 1152
3 1575
3 1206
3 558
3 873
3 1665
3 1035
3 747
3 432
3 594
3 621
3 2241
3 1278
3 558
3 2421
3 477
3 1251
3 1278
3 1557
3 3267
3 819
3 369
3 774
3 981
3 684
3 1062
3 1350
3 2070
3 648
3 864
3 945
3 729
3 1107
3 567
3 882
3 576
3 1521
3 855
3 729
3 369
3 711
3 990
3 1476
3 2475
3 585
3 765
3 522
3 2187
3 1638
3 1206
3 711
3 1503
3 3114
3 576
3 1053
3 1098
3 1431
3 738
3 1188
3 630
3 1656
3 531
3 1431
3 945
3 990
3 486
3 1332
3 2718
3 1746
3 783
3 1980
3 1260
3 1125
3 1296
3 1557
3 1611
3 414
3 1917
3 1206
3 1296
3 945
3 846
3 1170
3 1314
3 1710
3 675
3 720
3 468
3 909
3 1323
3 1881
3 1116
3 1377
3 837
3 873
3 621
3 1134
3 1152
3 1674
3 1773
3 918
3 594
3 1215
3 1215
3 2052
3 954
3 477
3 2061
3 1197
3 954
3 837
3 855
3 954
3 675
3 2547
3 882
3 1341
3 1386
3 756
3 576
3 855
3 1251
3 810
3 1269
3 1494
3 1269
3 945
3 1314
3 1017
3 1260
3 1989
3 1287
3 1737
3 792
3 1683
3 837
3 1071
3 801
3 1431
3 1413
3 1863
3 1089
3 432
3 1026
3 1611
3 2061
3 1233
3 900
3 963
3 846
3 1827
3 1206
3 1107
3 1305
3 441
3 711
3 846
3 963
3 837
3 684
3 2727
3 1008
3 639
3 1503
3 729
3 567
3 846
3 1026
3 765
3 837
3 1197
3 1152
3 549
3 918
3 1305
3 1125
3 684
3 828
3 720
3 2790
3 1674
3 702
3 945
3 639
3 756
3 1827
3 630
3 1584
3 1242
3 1476
3 1071
3 828
3 1323
3 2421
3 378
3 864
3 846
3 864
3 2007
3 1098
3 1593
3 522
3 2025
3 801
3 2484
3 783
3 1242
3 468
3 801
3 1962
3 702
3 1773
3 828
3 1044
3 1557
3 675
3 585
3 756
3 855
3 1017
3 1143
3 603
3 972
3 756
3 621
3 2106
3 738
3 1278
3 1422
3 738
3 1215
3 1683
3 585
3 891
3 1899
3 639
3 1206
3 1665
3 1116
3 1188
3 1512
3 2232
3 1872
3 1728
3 1341
3 1395
3 1395
3 981
3 711
3 3285
3 855
3 666
3 1008
3 477
3 792
3 639
3 954
3 1179
3 774
3 1305
3 459
3 1440
3 846
3 603
3 1026
3 666
3 2151
3 1251
3 576
3 1143
3 981
3 468
3 1737
3 1395
3 1314
3 855
3 1251
3 873
3 1062
3 684
3 2232
3 1053
3 819
3 819
3 684
3 864
3 1548
3 945
3 774
3 720
3 756
3 954
3 2358
3 720
3 1404
3 468
3 2133
3 558
3 1314
3 1161
3 567
3 981
3 1080
3 486
3 1134
3 2169
3 855
3 1350
3 774
3 1575
3 1206
3 594
3 2493
3 2385
3 702
3 1134
3 567
3 1251
3 828
3 1125
3 1935
3 1971
3 1530
3 1611
3 1152
3 1719
3 2169
3 612
3 1728
3 1476
3 981
3 2475
3 900
3 594
3 945
3 837
3 2331
3 1287
3 990
3 1503
3 1206
3 729
3 2925
3 1089
3 2097
3 1089
3 1503
3 819
3 1260
3 711
3 1368
3 1494
3 1449
3 1134
3 1170
3 495
3 1098
3 1152
3 1197
3 801
3 1089
3 1926
3 594
3 495
3 1134
3 2817
3 2241
3 648
3 1485
3 594
3 486
3 1404
3 702
3 495
3 1467
3 486
3 1323
3 828
3 540
3 999
3 882
3 1170
3 891
3 1944
3 720
3 1116
3 765
3 999
3 468
3 2088
3 1593
3 531
3 711
3 1503
3 2430
3 1053
3 1026
3 396
3 576
3 2133
3 1143
3 639
3 2223
3 1224
3 927
3 1494
3 540
3 1098
3 1449
3 1152
3 1215
3 3600
3 1611
3 1179
3 954
3 1404
3 801
3 1008
3 1080
3 1395
3 945
3 990
3 1467
3 711
3 855
3 1359
3 1260
3 414
3 846
3 1386
3 981
3 585
3 567
3 1719
3 1161
3 963
3 837
3 1080
3 648
3 765
3 1683
3 1800
3 900
3 792
3 1521
3 684
3 702
3 1161
3 1035
3 792
3 468
3 1080
3 927
3 1539
3 819
3 837
3 567
3 1017
3 873
3 675
3 1260
3 846
3 2061
3 945
3 711
3 1800
3 774
3 1008
3 1107
3 1503
3 1062
3 1287
3 1503
3 1089
3 1062
3 873
3 774
3 2961
3 855
3 873
3 621
3 1143
3 1341
3 792
3 1440
3 1152
3 1170
3 1368
3 1629
3 909
3 1251
3 972
3 1278
3 2178
3 1071
3 639
3 810
3 936
3 828
3 720
3 1215
3 360
3 1980
3 576
3 1080
3 1242
3 1125
3 1287
3 1143
3 810
3 963
3 900
3 927
3 1017
3 810
3 2052
3 603
3 1089
3 1962
3 900
3 693
3 1593
3 477
3 549
3 2304
3 2304
3 801
3 1386
3 1566
3 1314
3 1701
3 1602
3 1836
3 792
3 1665
3 864
3 1125
3 756
3 2304
3 801
3 1422
3 1251
3 630
3 774
3 1449
3 891
3 369
3 1053
3 639
3 972
3 945
3 576
3 513
3 576
3 2061
3 963
3 1521
3 1206
3 2097
3 1476
3 801
3 2565
3 1152
3 1575
3 1629
3 1296
3 1152
3 1323
3 765
3 828
3 1881
3 2448
3 918
3 1089
3 2187
3 2808
3 1602
3 1224
3 810
3 1107
3 918
3 1431
3 1521
3 684
3 1143
3 864
3 648
3 1737
3 1728
3 810
3 684
3 1548
3 864
3 936
3 855
3 972
3 657
3 747
3 2133
3 783
3 1359
3 936
3 2160
3 1539
3 378
3 576
3 1269
3 1026
3 999
3 1431
3 765
3 792
3 378
3 666
3 783
3 1062
3 945
3 1260
3 1260
3 783
3 1242
3 747
3 1008
3 711
3 603
3 909
3 1647
3 1179
3 1773
3 747
3 612
3 1521
3 1251
3 1584
3 378
3 2232
3 1503
3 999
3 1476
3 1494
3 990
3 1476
3 1827
3 639
3 1449
3 909
3 954
3 1413
3 1017
3 1296
3 441
3 567
3 1323
3 1089
3 1665
3 954
3 2313
3 666
3 909
3 1053
3 522
3 486
3 1197
3 873
3 1404
3 1152
3 1152
3 540
3 729
3 1800
3 1233
3 1917
3 873
3 1134
3 1026
3 1017
3 1071
3 657
3 558
3 2619
3 1557
3 909
3 846
3 576
3 747
3 495
3 684
3 1152
3 576
3 855
3 1755
3 1503
3 1548
3 531
3 1134
3 594
3 1089
3 765
3 855
3 1863
3 1827
3 693
3 1224
3 1035
3 567
3 963
3 1017
3 828
3 621
3 1062
3 2619
3 1161
3 1134
3 855
3 1134
3 1746
3 1260
3 783
3 819
3 1647
3 1593
3 873
3 1665
3 1251
3 1089
3 522
3 792
3 621
3 630
3 441
3 1413
3 684
3 1017
3 1764
3 1161
3 1638
3 936
3 1134
3 3015
3 1422
3 513
3 1359
3 1548
3 747
3 666
3 1224
3 1206
3 531
3 828
3 1143
3 909
3 1638
3 1323
3 1224
3 945
3 720
3 1026
3 918
3 1071
3 1206
3 1845
3 2052
3 1107
3 612
3 666
3 1377
3 1386
3 702
3 1206
3 738
3 1071
3 837
3 1566
3 1215
3 621
3 801
3 819
3 1206
3 1107
3 1692
3 1188
3 810
3 1278
3 1737
3 1152
3 1278
3 1224
3 1188
3 909
3 576
3 1035
3 1512
3 1305
3 1179
3 675
3 936
3 819
3 1638
3 909
3 1233
3 1980
3 1314
3 1422
3 1467
3 1548
3 819
3 801
3 837
3 999
3 756
3 1116
3 882
3 909
3 693
3 1305
3 1026
3 1692
3 468
3 1620
3 828
3 1170
3 612
3 1944
3 963
3 1287
3 603
3 1161
3 1071
3 1197
3 873
3 1962
3 729
3 1152
3 1332
3 1134
3 495
3 603
3 549
3 1323
3 1278
3 1620
3 1197
3 810
3 981
3 981
3 657
3 1170
3 3195
3 657
3 2295
3 1413
3 828
3 2295
3 945
3 864
3 846
3 810
3 1629
3 1512
3 783
3 603
3 630
3 1854
3 1089
3 765
3 1485
3 1341
3 1188
3 765
3 693
3 1674
3 828
3 819
3 576
3 2574
3 495
3 702
3 549
3 1008
3 1314
3 495
3 1152
3 1107
3 1080
3 909
3 1170
3 2898
3 1746
3 675
3 828
3 954
3 2250
3 1053
3 1242
3 1152
3 1377
3 684
3 1287
3 612
3 1215
3 756
3 1332
3 1206
3 954
3 1053
3 1746
3 702
3 873
3 909
3 2079
3 2367
3 2295
3 1233
3 1305
3 927
3 1125
3 837
3 927
3 999
3 1710
3 1152
3 783
3 621
3 1593
3 909
3 720
3 1368
3 1269
3 1368
3 549
3 612
3 2583
3 729
3 486
3 1458
3 1836
3 1503
3 1044
3 1494
3 1404
3 603
3 1089
3 2052
3 1458
3 1170
3 864
3 810
3 477
3 1467
3 1314
3 1143
3 2385
3 1458
3 1125
3 1305
3 711
3 1917
3 819
3 1557
3 684
3 1206
3 999
3 1044
3 1071
3 765
3 774
3 1458
3 504
3 1170
3 648
3 1908
3 1152
3 1071
3 1710
3 1350
3 630
3 1260
3 855
3 1116
3 639
3 378
3 855
3 738
3 981
3 1350
3 783
3 657
3 1440
3 792
3 882
3 1881
3 1872
3 603
3 927
3 972
3 972
3 1755
3 1098
3 1422
3 1035
3 1152
3 1314
3 648
3 711
3 441
3 603
3 963
3 972
3 918
3 1359
3 2313
3 999
3 774
3 1206
3 2061
3 1791
3 774
3 531
3 459
3 1683
3 945
3 954
3 1728
3 486
3 1233
3 954
3 621
3 1269
3 954
3 765
3 945
3 2097
3 846
3 828
3 1080
3 720
3 1116
3 1719
3 675
3 1458
3 864
3 810
3 774
3 1395
3 1053
3 720
3 576
3 1125
3 1557
3 1683
3 1647
3 1116
3 1602
3 1467
3 945
3 1998
3 1647
3 1053
3 594
3 1314
3 1908
3 1017
3 1107
3 2844
3 2277
3 1539
3 648
3 1170
3 693
3 2817
3 1773
3 513
3 558
3 1035
3 1233
3 1143
3 774
3 666
3 1260
3 909
3 1512
3 963
3 1521
3 639
3 666
3 1422
3 1467
3 567
3 1593
3 990
3 1260
3 1305
3 1278
3 990
3 1188
3 1620
3 882
3 450
3 1602
3 1692
3 1413
3 1611
3 738
3 837
3 810
3 1017
3 495
3 1080
3 459
3 567
3 729
3 1152
3 765
3 1368
3 621
3 774
3 1566
3 1521
3 1449
3 1107
3 2151
3 1395
3 504
3 702
3 783
3 873
3 1044
3 972
3 1044
3 720
3 1224
3 1359
3 1026
3 630
3 801
3 1053
3 792
3 1152
3 1422
3 1233
3 972
3 1224
3 990
3 1395
3 1404
3 873
3 810
3 1395
3 1647
3 1575
3 882
3 1242
3 720
3 855
3 936
3 387
3 1080
3 1134
3 432
3 1764
3 1062
3 1026
3 1035
3 765
3 1242
3 1062
3 1359
3 576
3 612
3 2106
3 684
3 972
3 1629
3 1215
3 1395
3 1998
3 1323
3 1674
3 1062
3 2448
3 1359
3 1107
3 1080
3 684
3 1206
3 1215
3 693
3 2061
3 1746
3 1764
3 1359
3 684
3 657
3 531
3 846
3 1260
3 693
3 729
3 1071
3 1089
3 918
3 2592
3 1341
3 585
3 450
3 1458
3 720
3 1080
3 1026
3 1881
3 1854
3 945
3 1890
3 1179
3 1971
3 864
3 972
3 1098
3 1449
3 1125
3 1404
3 693
3 1692
3 909
3 1035
3 1080
3 774
3 567
3 1269
3 1242
3 1143
3 1836
3 1017
3 1035
3 1143
3 1134
3 1233
3 1044
3 954
3 1044
3 612
3 2034
3 1323
3 891
3 1206
3 1431
3 630
3 1674
3 693
3 1359
3 1125
3 972
3 963
3 540
3 423
3 549
3 1341
3 3060
3 729
3 972
3 1116
3 837
3 1170
3 1170
3 1053
3 1440
3 2322
3 1323
3 747
3 1116
3 1377
3 693
3 1773
3 1143
3 999
3 657
3 1260
3 1107
3 1161
3 783
3 1638
3 1332
3 783
3 1152
3 738
3 990
3 1287
3 1683
3 1314
3 1008
3 801
3 765
3 2169
3 1602
3 1584
3 837
3 1557
3 1251
3 792
3 1359
3 1197
3 1152
3 1197
3 1602
3 639
3 1413
3 1458
3 1026
3 1017
3 1296
3 630
3 864
3 1485
3 981
3 675
3 1710
3 1143
3 864
3 1197
3 936
3 900
3 1116
3 540
3 918
3 891
3 2367
3 756
3 792
3 441
3 1530
3 738
3 585
3 1143
3 468
3 1377
3 1206
3 972
3 756
3 1350
3 1539
3 1944
3 783
3 810
3 972
3 1053
3 1854
3 2241
3 765
3 1926
3 945
3 531
3 729
3 1863
3 1368
3 612
3 1188
3 909
3 1575
3 909
3 522
3 2772
3 1026
3 2682
3 1548
3 2349
3 369
3 801
3 1152
3 1053
3 1764
3 990
3 1107
3 621
3 1287
3 639
3 1890
3 828
3 1287
3 1152
3 522
3 1377
3 927
3 1404
3 1080
3 1485
3 1755
3 2088
3 1323
3 765
3 2106
3 1305
3 1458
3 540
3 819
3 1026
3 1377
3 1233
3 2124
3 801
3 711
3 720
3 900
3 1233
3 1224
3 819
3 729
3 954
3 675
3 711
3 1341
3 378
3 558
3 873
3 1296
3 2664
3 1305
3 801
3 1305
3 909
3 972
3 558
3 378
3 630
3 1359
3 450
3 630
3 891
3 1107
3 1035
3 1134
3 999
3 909
3 1062
3 1539
3 864
3 450
3 531
3 945
3 1584
3 954
3 1899
3 1206
3 2160
3 1899
3 1593
3 711
3 387
3 2349
3 1602
3 639
3 729
3 972
3 1008
3 828
3 486
3 963
3 1116
3 900
3 1206
3 765
3 450
3 927
3 765
3 1845
3 1035
3 819
3 945
3 837
3 1287
3 855
3 1422
3 567
3 1962
3 837
3 1782
3 1476
3 1071
3 1017
3 900
3 1944
3 855
3 1395
3 774
3 855
3 2070
3 1377
3 1494
3 639
3 675
3 576
3 828
3 369
3 1638
3 1359
3 963
3 1278
3 1953
3 1611
3 1881
3 693
3 1062
3 1827
3 657
3 972
3 990
3 1152
3 2394
3 2025
3 1287
3 3330
3 2349
3 1638
3 972
3 855
3 1953
3 801
3 522
3 828
3 747
3 909
3 666
3 801
3 1296
3 1251
3 855
3 1143
3 2025
3 1386
3 1287
3 630
3 450
3 828
3 954
3 1296
3 1278
3 567
3 648
3 837
3 513
3 558
3 981
3 1215
3 900
3 1116
3 972
3 1737
3 558
3 1764
3 1341
3 1341
3 1071
3 531
3 783
3 810
3 936
3 1386
3 1179
3 675
3 1134
3 1746
3 1422
3 918
3 1143
3 1179
3 1953
3 693
3 1827
3 1044
3 720
3 1080
3 990
3 1305
3 729
3 1701
3 1044
3 1260
3 972
3 783
3 1386
3 1521
3 2223
3 1134
3 1080
3 612
3 369
3 1233
3 675
3 594
3 441
3 549
3 1278
3 3294
3 810
3 1422
3 828
3 1008
3 1332
3 1377
3 468
3 729
3 864
3 1314
3 774
3 837
3 1809
3 963
3 1269
3 1233
3 1188
3 801
3 1134
3 1080
3 1467
3 720
3 603
3 1008
3 999
3 810
3 882
3 810
3 1521
3 2313
3 900
3 990
3 1161
3 954
3 1737
3 837
3 1134
3 1368
3 1026
3 684
3 1665
3 1215
3 1197
3 1476
3 594
3 1530
3 1341
3 972
3 846
3 630
3 981
3 1251
3 909
3 702
3 1098
3 702
3 378
3 1674
3 1287
3 1854
3 810
3 1593
3 1044
3 864
3 630
3 594
3 1773
3 630
3 846
3 450
3 1224
3 558
3 846
3 936
3 1890
3 1296
3 810
3 1314
3 1296
3 738
3 1026
3 1017
3 486
3 1323
3 567
3 873
3 1602
3 936
3 684
3 1413
3 1107
3 639
3 1377
3 1458
3 1206
3 1314
3 936
3 846
3 1071
3 585
3 1017
3 657
3 378
3 783
3 603
3 1260
3 837
3 1350
3 936
3 837
3 630
3 1233
3 954
3 639
3 1188
3 2385
3 684
3 1134
3 1575
3 468
3 1233
3 2079
3 1098
3 1089
3 1422
3 432
3 702
3 1251
3 837
3 1422
3 684
3 522
3 2268
3 1710
3 1026
3 1368
3 1413
3 801
3 1242
3 936
3 810
3 1557
3 1161
3 1674
3 423
3 729
3 900
3 1395
3 1125
3 1332
3 1494
3 783
3 1305
3 855
3 828
3 603
3 918
3 495
3 459
3 1116
3 675
3 1593
3 837
3 1368
3 1836
3 909
3 1845
3 1395
3 1305
3 1512
3 1620
3 2088
3 720
3 1647
3 1485
3 963
3 612
3 999
3 963
3 576
3 972
3 1188
3 819
3 1242
3 2106
3 504
3 1170
3 1332
3 2160
3 1908
3 981
3 378
3 2133
3 1431
3 945
3 1683
3 1350
3 540
3 1179
3 1638
3 855
3 819
3 1143
3 1215
3 1305
3 1152
3 1503
3 1350
3 864
3 2016
3 1287
3 2331
3 1620
3 990
3 2034
3 648
3 981
3 432
3 594
3 819
3 2385
3 855
3 729
3 450
3 1521
3 810
3 1314
3 2745
3 1035
3 2871
3 2286
3 801
3 1026
3 621
3 1521
3 873
3 1062
3 819
3 1647
3 1107
3 1224
3 819
3 729
3 837
3 603
3 1458
3 990
3 873
3 720
3 720
3 1395
3 954
3 1188
3 693
3 972
3 1008
3 774
3 756
3 855
3 1350
3 1296
3 819
3 1359
3 774
3 2061
3 711
3 1476
3 1368
3 855
3 477
3 837
3 819
3 1809
3 1044
3 1116
3 702
3 963
3 909
3 1089
3 1368
3 1242
3 864
3 774
3 1242
3 1152
3 828
3 1368
3 1350
3 1701
3 1008
3 954
3 927
3 1395
3 1656
3 612
3 720
3 1269
3 720
3 657
3 1476
3 909
3 378
3 468
3 801
3 846
3 1314
3 2520
3 1845
3 810
3 1845
3 378
3 909
3 1188
3 2529
3 900
3 864
3 936
3 621
3 1386
3 801
3 729
3 738
3 1629
3 882
3 1206
3 756
3 1638
3 756
3 1053
3 1215
3 1503
3 738
3 891
3 801
3 1494
3 1998
3 2574
3 909
3 1395
3 1152
3 1008
3 1485
3 1989
3 2277
3 2034
3 846
3 963
3 918
3 918
3 549
3 783
3 1260
3 963
3 792
3 1395
3 1557
3 810
3 1161
3 1071
3 774
3 891
3 738
3 549
3 1278
3 432
3 927
3 873
3 3834
3 1440
3 1062
3 1332
3 675
3 1449
3 729
3 1332
3 1044
3 2484
3 1287
3 702
3 1530
3 1386
3 1485
3 747
3 1818
3 1476
3 1557
3 981
3 1143
3 792
3 378
3 990
3 1035
3 909
3 1278
3 522
3 1152
3 864
3 621
3 882
3 1242
3 828
3 864
3 1584
3 1935
3 1116
3 855
3 945
3 1305
3 1575
3 801
3 2052
3 1656
3 612
3 873
3 1197
3 1017
3 1755
3 702
3 594
3 1008
3 1485
3 2178
3 693
3 1179
3 936
3 531
3 1746
3 648
3 801
3 954
3 1350
3 405
3 909
3 864
3 1728
3 1719
3 774
3 1242
3 504
3 1305
3 846
3 1503
3 1332
3 1440
3 1683
3 1422
3 1467
3 657
3 576
3 693
3 1620
3 1143
3 972
3 594
3 639
3 882
3 747
3 648
3 954
3 1368
3 585
3 1701
3 756
3 1008
3 783
3 702
3 378
3 2106
3 747
3 1818
3 459
3 1656
3 2160
3 585
3 1242
3 1341
3 2124
3 378
3 1008
3 1035
3 1008
3 819
3 1377
3 1737
3 1620
3 657
3 774
3 873
3 918
3 999
3 1305
3 1134
3 1242
3 981
3 1170
3 873
3 729
3 1197
3 1467
3 1692
3 810
3 1044
3 387
3 1692
3 1044
3 1314
3 1071
3 1206
3 603
3 954
3 1062
3 999
3 738
3 927
3 621
3 1287
3 909
3 765
3 1539
3 477
3 1152
3 495
3 657
3 1485
3 801
3 873
3 1476
3 657
3 1161
3 738
3 747
3 693
3 900
3 756
3 1188
3 837
3 711
3 702
3 1179
3 981
3 1548
3 693
3 2034
3 558
3 702
3 1107
3 1332
3 1044
3 810
3 1017
3 855
3 1539
3 1152
3 837
3 378
3 612
3 1053
3 2268
3 756
3 522
3 783
3 1188
3 1260
3 2043
3 1683
3 2052
3 1422
3 927
3 1260
3 1260
3 2259
3 1440
3 1926
3 630
3 927
3 558
3 702
3 810
3 1116
3 1845
3 1368
3 1980
3 1593
3 648
3 864
3 918
3 558
3 936
3 936
3 1143
3 1584
3 1368
3 783
3 1071
3 1314
3 1035
3 1017
3 1125
3 1710
3 1215
3 783
3 1026
3 1269
3 1017
3 963
3 873
3 585
3 369
3 711
3 2088
3 648
3 774
3 1125
3 1017
3 747
3 990
3 1035
3 918
3 1251
3 1926
3 1233
3 1323
3 945
3 1026
3 2160
3 1107
3 1197
3 792
3 1467
3 1413
3 954
3 1341
3 1881
3 1188
3 2754
3 2547
3 720
3 1431
3 1287
3 1683
3 2466
3 1440
3 459
3 1062
3 621
3 774
3 1737
3 1089
3 747
3 1458
3 639
3 1557
3 630
3 2142
3 774
3 2142
3 1296
3 459
3 630
3 1620
3 1566
3 657
3 1620
3 1521
3 1314
3 1314
3 1440
3 900
3 1107
3 450
3 828
3 891
3 864
3 1206
3 1287
3 2142
3 1494
3 1935
3 1341
3 1107
3 531
3 1143
3 1422
3 1413
3 1026
3 981
3 1503
3 540
3 1179
3 819
3 1377
3 909
3 981
3 1251
3 1854
3 1656
3 1386
3 1638
3 792
3 450
3 441
3 594
3 819
3 594
3 2529
3 1044
3 720
3 684
3 702
3 1296
3 477
3 513
3 1557
3 513
3 918
3 873
3 2763
3 792
3 2178
3 1224
3 792
3 945
3 954
3 1080
3 1098
3 2817
3 936
3 1053
3 450
3 945
3 1917
3 2655
3 918
3 558
3 666
3 1386
3 801
3 1341
3 459
3 765
3 792
3 1422
3 666
3 918
3 522
3 1539
3 1665
3 945
3 2430
3 567
3 936
3 972
3 918
3 504
3 810
3 891
3 801
3 423
3 864
3 1872
3 1422
3 1296
3 828
3 1116
3 999
3 801
3 1026
3 882
3 1638
3 1026
3 1674
3 1233
3 567
3 1602
3 846
3 918
3 846
3 810
3 675
3 1251
3 1242
3 531
3 1305
3 1269
3 972
3 720
3 729
3 927
3 702
3 756
3 756
3 792
3 675
3 1062
3 1071
3 648
3 1656
3 558
3 1809
3 900
3 801
3 1413
3 2367
3 675
3 1530
3 1080
3 450
3 1152
3 1008
3 1368
3 1035
3 936
3 549
3 711
3 2322
3 540
3 702
3 981
3 810
3 954
3 684
3 1215
3 576
3 999
3 873
3 2295
3 963
3 459
3 1179
3 1620
3 1098
3 1755
3 675
3 783
3 1674
3 630
3 558
3 954
3 1314
3 639
3 1728
3 459
3 1359
3 630
3 1215
3 846
3 864
3 1188
3 1305
3 1179
3 981
3 2043
3 864
3 1278
3 1179
3 1368
3 1035
3 540
3 855
3 1800
3 855
3 1836
3 504
3 1881
3 693
3 1080
3 1377
3 1863
3 639
3 1224
3 1449
3 1251
3 1665
3 2250
3 954
3 1863
3 963
3 567
3 1161
3 639
3 1044
3 594
3 918
3 1062
3 522
3 522
3 1080
3 1269
3 693
3 1350
3 909
3 576
3 1647
3 1017
3 1044
3 1557
3 1062
3 1152
3 1872
3 414
3 1035
3 972
3 441
3 927
3 684
3 450
3 504
3 1665
3 900
3 1143
3 1818
3 1251
3 1170
3 648
3 441
3 792
3 1413
3 765
3 1107
3 873
3 684
3 1008
3 1053
3 1431
3 1737
3 711
3 1107
3 954
3 720
3 693
3 900
3 792
3 1395
3 1188
3 2358
3 1818
3 1170
3 972
3 1827
3 774
3 477
3 900
3 441
3 1116
3 1620
3 513
3 1215
3 1323
3 1476
3 783
3 459
3 1242
3 747
3 513
3 1323
3 1215
3 936
3 639
3 1152
3 702
3 747
3 729
3 486
3 819
3 918
3 1548
3 2547
3 576
3 963
3 630
3 1341
3 531
3 1251
3 846
3 513
3 1647
3 729
3 639
3 954
3 1161
3 936
3 891
3 2169
3 783
3 693
3 1377
3 1827
3 2061
3 882
3 1314
3 900
3 1017
3 756
3 1062
3 1170
3 774
3 873
3 1935
3 1683
3 756
3 954
3 999
3 720
3 585
3 576
3 1170
3 783
3 810
3 864
3 1134
3 1125
3 747
3 531
3 774
3 693
3 1836
3 2493
3 495
3 1827
3 1404
3 990
3 1638
3 792
3 1818
3 585
3 702
3 891
3 972
3 882
3 387
3 927
3 423
3 1656
3 891
3 1044
3 1224
3 846
3 1665
3 900
3 774
3 1998
3 1521
3 1242
3 747
3 1071
3 1008
3 1782
3 1440
3 594
3 657
3 972
3 729
3 1260
3 783
3 1467
3 1116
3 828
3 1656
3 1593
3 3384
3 792
3 549
3 846
3 828
3 1602
3 1026
3 1368
3 1035
3 1260
3 1233
3 954
3 558
3 1557
3 945
3 954
3 1152
3 2529
3 531
3 675
3 801
3 1782
3 1494
3 1269
3 513
3 936
3 1467
3 1179
3 477
3 594
3 1638
3 1656
3 1521
3 873
3 675
3 801
3 1170
3 2196
3 1845
3 1143
3 882
3 1593
3 765
3 909
3 3231
3 1395
3 1980
3 1062
3 1719
3 783
3 1890
3 639
3 1665
3 765
3 1881
3 792
3 1386
3 1332
3 504
3 738
3 1332
3 522
3 1287
3 1107
3 846
3 1161
3 1332
3 666
3 558
3 954
3 648
3 1260
3 369
3 972
3 1251
3 1611
3 828
3 2448
3 1080
3 1107
3 882
3 1008
3 1368
3 684
3 1728
3 873
3 1971
3 1305
3 1107
3 2034
3 2538
3 702
3 1305
3 1890
3 1539
3 1044
3 828
3 1692
3 675
3 504
3 1332
3 1026
3 1782
3 882
3 486
3 2358
3 2529
3 639
3 2277
3 756
3 594
3 927
3 900
3 1053
3 774
3 378
3 1071
3 630
3 720
3 846
3 1035
3 2016
3 711
3 909
3 423
3 603
3 1278
3 558
3 1836
3 702
3 729
3 2844
3 810
3 1314
