3 70740
3 134028
3 54018
3 111294
3 136188
3 85680
3 86787
3 187686
3 106074
3 37737
3 61767
3 118350
3 91224
3 55341
3 21915
3 157257
3 177453
3 245268
3 111087
3 56493
3 136944
3 82359
3 91224
3 96651
3 74979
3 78057
3 62613
3 30249
3 73458
3 92502
3 104679
3 86355
3 54864
3 121149
3 61767
3 103347
3 73890
3 61596
3 115092
3 68832
3 74997
3 41400
3 166599
3 107838
3 86985
3 121617
3 54729
3 167238
3 114237
3 60246
3 50670
3 101574
3 191772
3 80658
3 73674
3 86553
3 150489
3 104472
3 121896
3 26694
3 141300
3 59076
3 94149
3 55071
3 105462
3 70776
3 53244
3 69678
3 141804
3 77868
3 83412
3 74835
3 122238
3 89379
3 62010
3 76140
3 148095
3 144738
3 124200
3 85230
3 87264
3 136926
3 133434
3 109206
3 64116
3 124560
3 153522
3 139797
3 142668
3 133083
3 71676
3 93816
3 75042
3 62226
3 48735
3 86634
3 105516
3 114219
3 58842
3 70263
3 81612
3 113013
3 96228
3 73764
3 125730
3 92070
3 96246
3 42273
3 53352
3 54972
3 123138
3 138600
3 102951
3 84357
3 102339
3 96255
3 110457
3 161829
3 47556
3 161127
3 57276
3 40491
3 111636
3 157356
3 98739
3 85356
3 169452
3 58302
3 67338
3 70254
3 146799
3 44838
3 30258
3 72279
3 80748
3 112014
3 129438
3 86166
3 146763
3 105075
3 160938
3 71532
3 71343
3 185274
3 86355
3 94770
3 69966
3 180828
3 94149
3 80802
3 115911
3 141525
3 115902
3 50913
3 21294
3 38745
3 151173
3 91818
3 52938
3 157383
3 126558
3 160758
3 74430
3 76203
3 145881
3 91377
3 90306
3 95094
3 168129
3 129447
3 53298
3 104112
3 54432
3 48231
3 96480
3 54612
3 52182
3 60930
3 77220
3 93249
3 206064
3 86148
3 61542
3 92457
3 90576
3 70803
3 113184
3 144558
3 37368
3 119934
3 72918
3 151407
3 106074
3 92385
3 121716
3 81594
3 190593
3 126558
3 82836
3 85887
3 113346
3 42183
3 142704
3 61839
3 45369
3 66933
3 128394
3 58887
3 102186
3 62937
3 70785
3 187704
3 146844
3 60129
3 95346
3 123633
3 30348
3 67671
3 55062
3 88101
3 65655
3 62010
3 152271
3 120717
3 65106
3 123831
3 91215
3 77076
3 67824
3 122643
3 42660
3 50922
3 80811
3 139356
3 148185
3 150795
3 137070
3 41229
3 62559
3 84366
3 41841
3 82026
3 166851
3 36936
3 86238
3 164187
3 138591
3 180792
3 108504
3 107271
3 90135
3 155790
3 154503
3 68040
3 67833
3 102312
3 151542
3 84510
3 86652
3 107262
3 78174
3 105768
3 40734
3 184131
3 80811
3 115893
3 113238
3 43650
3 109071
3 72513
3 128043
3 111042
3 33435
3 86634
3 46584
3 80766
3 29214
3 55089
3 140508
3 67887
3 101421
3 91341
3 96282
3 102222
3 121770
3 163800
3 86562
3 112581
3 138303
3 95796
3 97281
3 97731
3 107919
3 56466
3 157149
3 136584
3 47574
3 112599
3 53829
3 72684
3 61227
3 79524
3 38448
3 107289
3 61713
3 119988
3 121122
3 121545
3 49482
3 61920
3 70749
3 147789
3 61578
3 83106
3 61416
3 113688
3 106668
3 100224
3 80874
3 79074
3 72756
3 123606
3 58320
3 69552
3 71946
3 66033
3 158967
3 78561
3 74673
3 72918
3 103923
3 79965
3 130383
3 120807
3 94203
3 74943
3 38079
3 72198
3 116091
3 61641
3 115497
3 61821
3 85941
3 74700
3 134793
3 132624
3 106020
3 91341
3 158913
3 123102
3 40086
3 111168
3 169461
3 100647
3 87048
3 79947
3 92358
3 119340
3 109566
3 127386
3 54252
3 146853
3 85761
3 193482
3 109557
3 130968
3 111294
3 80100
3 110889
3 88407
3 51867
3 179748
3 151776
3 158364
3 88389
3 64629
3 87435
3 83016
3 88434
3 110295
3 106101
3 127692
3 83961
3 190503
3 80010
3 103221
3 104652
3 35334
3 68517
3 78111
3 141138
3 80739
3 122913
3 143154
3 132678
3 37071
3 68706
3 40779
3 86760
3 69219
3 116019
3 90648
3 180486
3 168111
3 120402
3 86625
3 85383
3 119484
3 163440
3 162036
3 62505
3 105417
3 142443
3 103662
3 151623
3 50607
3 34596
3 118161
3 100485
3 128835
3 153603
3 118341
3 63495
3 181827
3 169470
3 173079
3 61920
3 76122
3 47448
3 82323
3 47385
3 83016
3 64341
3 312363
3 104508
3 97632
3 120042
3 145818
3 158166
3 110214
3 51570
3 33246
3 76203
3 58338
3 47790
3 46017
3 122751
3 89352
3 155907
3 116307
3 59301
3 53487
3 69624
3 105840
3 110340
3 154143
3 133893
3 64386
3 130995
3 67860
3 70839
3 93690
3 105894
3 126657
3 118377
3 165267
3 82017
3 67419
3 97884
3 77913
3 76176
3 68940
3 84006
3 53280
3 70686
3 82161
3 102258
3 176175
3 93987
3 138393
3 115182
3 74988
3 124218
3 81666
3 67176
3 158355
3 47124
3 97173
3 47097
3 47304
3 67950
3 93339
3 86616
3 117747
3 37197
3 52353
3 161208
3 92223
3 90315
3 38358
3 36234
3 103338
3 80739
3 187119
3 47907
3 117063
3 68274
3 142065
3 138411
3 98280
3 124371
3 146745
3 56502
3 140148
3 99882
3 170802
3 161082
3 116262
3 102303
3 109575
3 50652
3 148113
3 47358
3 119691
3 65538
3 53235
3 37980
3 145809
3 61182
3 119889
3 122040
3 28854
3 84114
3 128916
3 116865
3 160236
3 94617
3 75033
3 120510
3 128493
3 174312
3 111294
3 123759
3 131553
3 76086
3 91188
3 81603
3 88704
3 86616
3 119547
3 132426
3 136035
3 85491
3 40032
3 103347
3 113427
3 87498
3 71523
3 37188
3 118611
3 119565
3 128367
3 35370
3 111816
3 63036
3 20232
3 96471
3 52281
3 68202
3 83970
3 71109
3 141084
3 191016
3 60120
3 109287
3 64413
3 59076
3 93924
3 156096
3 52200
3 92367
3 110538
3 168084
3 118368
3 104643
3 180711
3 37179
3 79029
3 136980
3 93186
3 53352
3 146808
3 63522
3 115452
3 64674
3 141120
3 106479
3 108711
3 31302
3 93771
3 90540
3 72936
3 58149
3 39276
3 79623
3 149238
3 141480
3 131364
3 83934
3 67374
3 105732
3 123120
3 46575
3 34956
3 160236
3 130707
3 53721
3 121689
3 39321
3 55242
3 65007
3 92313
3 128898
3 55557
3 122949
3 54396
3 58869
3 79326
3 125748
3 40266
3 148896
3 62235
3 100233
3 47898
3 105534
3 59400
3 69957
3 34578
3 133560
3 145287
3 106758
3 140985
3 142407
3 77337
3 44532
3 57366
3 86652
3 51597
3 116766
3 42156
3 94239
3 128277
3 59031
3 37107
3 89280
3 61911
3 162072
3 107307
3 71352
3 158967
3 134136
3 92772
3 82350
3 29610
3 39321
3 83916
3 36144
3 140886
3 53361
3 57375
3 128259
3 58635
3 111321
3 42147
3 39321
3 54693
3 168426
3 54891
3 90360
3 163458
3 112842
3 165789
3 96390
3 120537
3 107280
3 86652
3 137826
3 54450
3 60462
3 108045
3 86526
3 110205
3 163494
3 93654
3 158994
3 113013
3 94500
3 18432
3 45513
3 139311
3 127053
3 74763
3 71253
3 34785
3 111024
3 80982
3 52236
3 81666
3 103230
3 134442
3 59076
3 111438
3 62118
3 96237
3 108531
3 209772
3 57843
3 61218
3 131535
3 162702
3 138636
3 83034
3 59157
3 89478
3 91350
3 108504
3 99225
3 93672
3 73890
3 140643
3 41733
3 138447
3 120537
3 115434
3 149472
3 171270
3 82845
3 47619
3 78147
3 130941
3 128277
3 96300
3 68301
3 82575
3 96408
3 131382
3 108306
3 58302
3 67878
3 154449
3 150696
3 72945
3 52236
3 154998
3 111663
3 107055
3 79875
3 92439
3 125613
3 64791
3 47439
3 111969
3 92475
3 61677
3 64422
3 46629
3 144666
3 112536
3 57033
3 34632
3 78372
3 86112
3 153639
3 96264
3 56970
3 92484
3 29592
3 129699
3 21321
3 127548
3 188505
3 90657
3 52821
3 131346
3 58869
3 56475
3 43551
3 111132
3 155817
3 107271
3 65151
3 83988
3 167823
3 112554
3 96282
3 83412
3 88677
3 113328
3 223731
3 82989
3 105813
3 136449
3 98208
3 97272
3 198000
3 49365
3 106749
3 63072
3 94554
3 105084
3 181503
3 99954
3 96291
3 61704
3 99297
3 173907
3 97866
3 103644
3 78012
3 105435
3 86832
3 186651
3 76185
3 58572
3 113418
3 110169
3 112788
3 70740
3 94266
3 96282
3 149967
3 112788
3 55008
3 38736
3 191367
3 131400
3 55755
3 83097
3 155880
3 63522
3 103626
3 111051
3 99000
3 62631
3 134793
3 135072
3 177192
3 39312
3 96471
3 47331
3 175077
3 162288
3 82017
3 82881
3 40887
3 140643
3 115371
3 152082
3 167220
3 163809
3 145404
3 142407
3 71550
3 224559
3 166473
3 122319
3 83745
3 146763
3 105822
3 61920
3 88929
3 21123
3 71694
3 90369
3 64917
3 63558
3 73719
3 154017
3 43695
3 96372
3 121554
3 91602
3 61461
3 84339
3 85302
3 62631
3 181161
3 133407
3 73827
3 122319
3 112194
3 119250
3 91323
3 115704
3 47439
3 44595
3 93645
3 91368
3 69417
3 133587
3 192348
3 61344
3 60039
3 95076
3 102141
3 122616
3 79326
3 152631
3 74502
3 81603
3 78534
3 143694
3 48249
3 142452
3 110115
3 137277
3 117045
3 71082
3 97776
3 171261
3 75105
3 175770
3 78228
3 103329
3 73818
3 134100
3 91215
3 142074
3 118332
3 48096
3 71568
3 102699
3 49815
3 87417
3 62631
3 57672
3 82188
3 107028
3 97245
3 105732
3 63522
3 90234
3 117513
3 61542
3 189000
3 107298
3 77868
3 80964
3 153576
3 61911
3 87687
3 55314
3 52263
3 61308
3 104436
3 20250
3 86337
3 154809
3 66924
3 201294
3 49563
3 128502
3 159615
3 64422
3 30321
3 131625
3 47916
3 76140
3 119484
3 70785
3 61947
3 136521
3 38340
3 134289
3 92340
3 162243
3 70110
3 115371
3 97281
3 112581
3 76086
3 97254
3 47295
3 34758
3 130977
3 127998
3 50634
3 146754
3 123435
3 125964
3 107415
3 144891
3 141057
3 50094
3 131157
3 82836
3 165447
3 113220
3 74763
3 114057
3 47466
3 148851
3 133947
3 111825
3 59571
3 73557
3 47880
3 92322
3 73755
3 52290
3 86643
3 82872
3 93654
3 157626
3 93348
3 29430
3 56952
3 161118
3 131013
3 87849
3 110709
3 53352
3 61668
3 34164
3 32868
3 96390
3 68841
3 55314
3 49995
3 118413
3 101592
3 59031
3 83709
3 92358
3 62514
3 94608
3 94815
3 76113
3 147159
3 55917
3 123075
3 115407
3 135459
3 70722
3 85707
3 90072
3 102978
3 142038
3 92205
3 91359
3 116460
3 123921
3 48042
3 102528
3 93672
3 62910
3 107244
3 167220
3 109575
3 41031
3 139500
3 55098
3 115470
3 35190
3 160380
3 86634
3 112203
3 103734
3 52353
3 136359
3 47322
3 104733
3 123759
3 79065
3 126981
3 127692
3 87273
3 97227
3 110142
3 64764
3 82224
3 87858
3 49464
3 130149
3 111069
3 120618
3 184293
3 70740
3 111870
3 93861
3 29394
3 110313
3 72450
3 51741
3 62748
3 133929
3 116334
3 30231
3 112662
3 59157
3 95157
3 176148
3 116622
3 148023
3 92313
3 139680
3 94608
3 61623
3 130419
3 121158
3 125091
3 153963
3 221094
3 143388
3 49554
3 171828
3 61434
3 58860
3 81648
3 27747
3 70299
3 101853
3 80019
3 76140
3 13149
3 56979
3 39258
3 103635
3 84105
3 139149
3 107451
3 46935
3 97947
3 57240
3 90639
3 81630
3 91224
3 61578
3 91350
3 140913
3 113211
3 79938
3 95058
3 171603
3 128844
3 127314
3 155178
3 111897
3 85878
3 106758
3 158004
3 56844
3 120303
3 80217
3 66627
3 68085
3 79839
3 95895
3 112563
3 146862
3 77913
3 195966
3 45144
3 130842
3 69210
3 120951
3 38970
3 83160
3 108855
3 142020
3 43632
3 130815
3 74754
3 64368
3 84330
3 39132
3 131535
3 112653
3 56799
3 44748
3 122544
3 135189
3 166581
3 114003
3 70299
3 62424
3 167031
3 61632
3 84717
3 115506
3 71415
3 87831
3 75555
3 129429
3 121248
3 48609
3 134424
3 40014
3 167796
3 120087
3 83520
3 60192
3 72009
3 74016
3 104481
3 109323
3 92997
3 59400
3 165465
3 61461
3 74988
3 60561
3 73881
3 157572
3 85563
3 97533
3 165141
3 129699
3 58779
3 56457
3 124137
3 58950
3 72765
3 117720
3 87390
3 113418
3 212526
3 73755
3 55539
3 33381
3 128142
3 108189
3 53361
3 93258
3 141273
3 119556
3 121581
3 138735
3 102168
3 95364
3 114507
3 68130
3 40725
3 62685
3 153522
3 95094
3 134271
3 83025
3 110385
3 106074
3 97902
3 106101
3 106884
3 106101
3 83592
3 125748
3 125613
3 83196
3 87246
3 74817
3 73728
3 144270
3 124695
3 128826
3 78111
3 55737
3 122265
3 63108
3 46179
3 119520
3 58869
3 107037
3 161244
3 82584
3 73737
3 125955
3 92088
3 153936
3 110367
3 54126
3 91197
3 123426
3 122364
3 61812
3 84087
3 83961
3 86787
3 76203
3 78129
3 129042
3 161406
3 71847
3 147816
3 138636
3 61308
3 114462
3 129204
3 203517
3 71955
3 142848
3 62424
3 55899
3 100692
3 91359
3 58509
3 133506
3 95103
3 153243
3 104247
3 152163
3 48033
3 82161
3 36090
3 61146
3 92538
3 129501
3 71190
3 57411
3 159552
3 114120
3 71838
3 130626
3 48951
3 153324
3 156708
3 110754
3 97272
3 165996
3 118260
3 85869
3 112527
3 58869
3 32211
3 106956
3 140328
3 66897
3 84609
3 92367
3 57015
3 144513
3 61065
3 87408
3 187731
3 70776
3 62919
3 31464
3 103248
3 63477
3 127071
3 43614
3 138627
3 83952
3 77382
3 150957
3 46611
3 61812
3 116460
3 185121
3 113751
3 73827
3 114498
3 71550
3 75987
3 64314
3 100512
3 74952
3 58869
3 54756
3 67167
3 83457
3 55251
3 105858
3 62973
3 44550
3 89829
3 161775
3 111924
3 132174
3 126171
3 74799
3 65196
3 140661
3 90657
3 89199
3 174987
3 112617
3 114201
3 139347
3 83970
3 173232
3 20421
3 88578
3 119898
3 142200
3 86148
3 61686
3 33156
3 58347
3 74502
3 92367
3 72720
3 110808
3 86256
3 185211
3 138465
3 62469
3 85518
3 86571
3 50436
3 58842
3 153315
3 85896
3 114012
3 99279
3 111771
3 144486
3 71181
3 118341
3 146871
3 63711
3 39105
3 110511
3 50193
3 107433
3 128259
3 81540
3 42264
3 53982
3 97479
3 57132
3 106101
3 110655
3 155916
3 165699
3 50454
3 115416
3 106497
3 149661
3 107271
3 53082
3 156276
3 57024
3 124380
3 127989
3 70767
3 110169
3 84492
3 107289
3 80802
3 63486
3 186516
3 84006
3 73008
3 148833
3 157644
3 131130
3 153927
3 55062
3 64404
3 94293
3 111294
3 74844
3 39321
3 176364
3 42102
3 114075
3 135288
3 92340
3 92448
3 21177
3 76140
3 99918
3 108504
3 136026
3 87966
3 126891
3 145242
3 43596
3 91206
3 93861
3 100242
3 100719
3 63486
3 147996
3 51003
3 165006
3 164484
3 117792
3 112041
3 141255
3 90099
3 68562
3 87696
3 103230
3 96381
3 74961
3 117738
3 58392
3 119340
3 105570
3 73863
3 102798
3 37260
3 49158
3 70722
3 73719
3 89451
3 133308
3 121617
3 67419
3 62505
3 36693
3 96255
3 104679
3 95076
3 108333
3 86346
3 83718
3 193122
3 103725
3 30303
3 227259
3 107181
3 47421
3 50607
3 57726
3 131346
3 58230
3 62901
3 38916
3 93339
3 72270
3 59157
3 132795
3 72783
3 34218
3 127719
3 86202
3 166842
3 87480
3 61218
3 105768
3 94554
3 46926
3 140940
3 136107
3 61992
3 76095
3 104256
3 71343
3 61056
3 84105
3 67365
3 99882
3 92367
3 83916
3 176274
3 130374
3 111771
3 163503
3 86526
3 82647
3 85950
3 45234
3 60255
3 101871
3 124146
3 154134
3 47241
3 190035
3 93780
3 136233
3 152226
3 99621
3 127971
3 118521
3 160659
3 120384
3 128799
3 93231
3 94203
3 157302
3 114993
3 134874
3 76149
3 124011
3 62343
3 76869
3 56493
3 57312
3 46071
3 50661
3 47511
3 134658
3 110637
3 97857
3 62343
3 69633
3 103347
3 52308
3 42696
3 151227
3 19035
3 168480
3 77391
3 119043
3 53073
3 64773
3 67959
3 118908
3 62289
3 84123
3 60210
3 88029
3 80775
3 91323
3 98811
3 109431
3 76095
3 157356
3 53262
3 106506
3 38340
3 153864
3 57348
3 62487
3 67671
3 145359
3 83007
3 42291
3 107469
3 78399
3 90603
3 99261
3 61821
3 142785
3 70848
3 123723
3 112113
3 102519
3 83196
3 159228
3 49473
3 78318
3 93420
3 183420
3 152505
3 28683
3 64737
3 64629
3 39951
3 27981
3 44838
3 106776
3 123804
3 113400
3 104238
3 90225
3 52326
3 85905
3 60183
3 47403
3 71073
3 111285
3 153486
3 54063
3 86517
3 35208
3 107739
3 90648
3 110655
3 136656
3 82584
3 49482
3 81531
3 92313
3 69552
3 57618
3 65205
3 142182
3 79308
3 37701
3 44748
3 97659
3 29205
3 50877
3 72171
3 48384
3 61596
3 106803
3 132264
3 78345
3 107226
3 127323
3 101511
3 58869
3 45792
3 116478
3 96282
3 143091
3 113346
3 57789
3 79326
3 69507
3 91296
3 40014
3 140976
3 39843
3 119520
3 50238
3 91386
3 105453
3 59742
3 119790
3 86355
3 37233
3 141120
3 96282
3 153387
3 137574
3 96255
3 50886
3 51111
3 60183
3 141480
3 98685
3 50013
3 50562
3 62208
3 121149
3 157257
3 85365
3 128502
3 92376
3 151218
3 53262
3 195219
3 58536
3 128601
3 132282
3 97650
3 69156
3 140472
3 134487
3 57258
3 133560
3 61668
3 134046
3 97713
3 53271
3 68814
3 156573
3 45522
3 120393
3 79947
3 61182
3 113211
3 61668
3 51867
3 70065
3 37107
3 71082
3 61425
3 77346
3 128475
3 45864
3 87255
3 55098
3 78831
3 112590
3 111042
3 124668
3 97884
3 71838
3 141894
3 74691
3 58869
3 63198
3 127467
3 50013
3 84078
3 101736
3 187848
3 38565
3 70578
3 15894
3 120816
3 18468
3 95427
3 81090
3 92358
3 42120
3 116874
3 54243
3 101700
3 87246
3 95049
3 101898
3 114453
3 148077
3 79983
3 127845
3 135018
3 40509
3 40662
3 130365
3 59499
3 102915
3 59769
3 116469
3 119223
3 115110
3 52173
3 110997
3 59013
3 36981
3 110088
3 144036
3 86571
3 67968
3 126810
3 94230
3 144360
3 77382
3 77544
3 76140
3 93717
3 128313
3 77850
3 97236
3 98505
3 130437
3 83016
3 141876
3 109557
3 96489
3 86589
3 164376
3 50229
3 68121
3 134145
3 171666
3 48069
3 140337
3 85950
3 136224
3 61821
3 59148
3 50607
3 116397
3 65034
3 50166
3 26244
3 99666
3 71487
3 118890
3 147969
3 61776
3 83709
3 95130
3 119520
3 114489
3 105759
3 125487
3 90621
3 134226
3 79812
3 146781
3 23562
3 111402
3 82008
3 184599
3 106056
3 82530
3 143703
3 76995
3 83061
3 121248
3 71514
3 163323
3 134271
3 67221
3 119340
3 97254
3 62487
3 45531
3 104679
3 86760
3 72198
3 73854
3 46377
3 168615
3 114129
3 47286
3 93717
3 132237
3 145800
3 35532
3 79785
3 93645
3 127494
3 151776
3 38061
3 43695
3 86634
3 76131
3 104751
3 201447
3 70704
3 37368
3 70767
3 76617
3 84303
3 108909
3 131121
3 77742
3 76455
3 86175
3 81594
3 96264
3 64179
3 69174
3 47583
3 77004
3 128916
3 114174
3 111267
3 166122
3 101979
3 127314
3 149562
3 74619
3 84825
3 92376
3 160299
3 106002
3 150705
3 88002
3 58923
3 76104
3 133911
3 57348
3 80865
3 89325
3 50643
3 120312
3 110655
3 77922
3 100683
3 173565
3 119673
3 92358
3 93096
3 80982
3 102807
3 107244
3 83178
3 80577
3 121194
3 108612
3 76023
3 119511
3 104418
3 76707
3 78147
3 136827
3 151398
3 122553
3 115029
3 75015
3 73881
3 133137
3 19197
3 91341
3 95220
3 58293
3 82359
3 83502
3 134055
3 66501
3 51768
3 159003
3 105831
3 80793
3 63459
3 51975
3 69615
3 70731
3 135090
3 153972
3 49464
3 139527
3 172197
3 97227
3 93726
3 125514
3 165438
3 76140
3 128232
3 61839
3 82602
3 133434
3 175581
3 182673
3 111942
3 50220
3 56097
3 124308
3 118089
3 105309
3 138753
3 47556
3 113175
3 110205
3 98973
3 97290
3 120114
3 105453
3 85374
3 79353
3 102888
3 146169
3 142767
3 118386
3 46089
3 154971
3 58356
3 146754
3 105525
3 31500
3 103662
3 47853
3 91845
3 104724
3 41742
3 143910
3 90054
3 104958
3 131382
3 115641
3 59049
3 136206
3 58869
3 105066
3 133461
3 177435
3 97686
3 122535
3 39132
3 137376
3 171729
3 39141
3 56097
3 72990
3 86688
3 88623
3 62523
3 100512
3 110169
3 35856
3 57033
3 94284
3 83988
3 163071
3 69273
3 64035
3 122877
3 111645
3 63504
3 102537
3 127053
3 157572
3 101331
3 130725
3 67194
3 158895
3 41490
3 146799
3 135081
3 166149
3 62622
3 123777
3 62406
3 120096
3 52245
3 95058
3 161793
3 87687
3 166329
3 39852
3 85437
3 63468
3 104706
3 70776
3 95076
3 144342
3 122004
3 49590
3 86607
3 47889
3 81702
3 77337
3 156618
3 131292
3 177732
3 50661
3 36612
3 109323
3 42264
3 189630
3 82548
3 40779
3 116172
3 53604
3 147861
3 63495
3 84789
3 127395
3 114534
3 133200
3 119340
3 52695
3 131634
3 50886
3 58509
3 73269
3 91368
3 88875
3 74844
3 44793
3 66609
3 74529
3 50616
3 74826
3 32922
3 81459
3 94707
3 58320
3 106074
3 171198
3 96291
3 80883
3 125208
3 98217
3 67923
3 35514
3 40734
3 70254
3 36990
3 64746
3 106128
3 107235
3 48051
3 58509
3 34731
3 84357
3 49410
3 61839
3 39105
3 82242
3 110124
3 141417
3 77868
3 123687
3 88200
3 124182
3 47898
3 35361
3 77328
3 121086
3 109548
3 98208
3 143415
3 50931
3 97227
3 66897
3 81693
3 86229
3 92484
3 60237
3 56835
3 115425
3 118332
3 29574
3 107316
3 66843
3 135855
3 44793
3 77886
3 121149
3 115920
3 33345
3 137862
3 136053
3 139509
3 83124
3 93654
3 85356
3 114804
3 128466
3 83952
3 52299
3 94140
3 133182
3 92385
3 62991
3 88038
3 78066
3 108747
3 79110
3 127935
3 71424
3 74376
3 147681
3 87687
3 165582
3 142191
3 45207
3 112275
3 73710
3 93672
3 72756
3 79794
3 82620
3 72684
3 73881
3 127170
3 123066
3 112545
3 104031
3 119547
3 41724
3 104031
3 61668
3 146421
3 109314
3 89136
3 78561
3 95121
3 101853
3 99639
3 119655
3 139491
3 122175
3 47862
3 76851
3 66132
3 173421
3 96291
3 48834
3 141156
3 71856
3 33174
3 15705
3 92250
3 80838
3 168129
3 15705
3 115425
3 54027
3 69552
3 49662
3 181224
3 58077
3 80748
3 133389
3 81882
3 115407
3 61767
3 97758
3 61974
3 116388
3 76176
3 73863
3 89793
3 145467
3 120870
3 81621
3 104670
3 150318
3 58347
3 134802
3 69039
3 44874
3 138636
3 59616
3 76833
3 48744
3 91647
3 61947
3 110664
3 78795
3 72342
3 75402
3 103239
3 59787
3 70749
3 87399
3 133515
3 172773
3 88110
3 86607
3 175545
3 54207
3 137025
3 102816
3 78741
3 96255
3 23022
3 102204
3 106542
3 92493
3 47664
3 119772
3 90135
3 153558
3 142848
3 120375
3 96264
3 85896
3 185319
3 67707
3 134523
3 116361
3 163710
3 67851
3 41391
3 122751
3 147420
3 111285
3 156735
3 132354
3 207126
3 47520
3 134352
3 60129
3 54873
3 82035
3 69984
3 103779
3 44874
3 76401
3 110421
3 183321
3 146799
3 58860
3 86220
3 68121
3 154341
3 105408
3 146358
3 198639
3 84366
3 130185
3 61218
3 125739
3 59553
3 140058
3 164790
3 78426
3 173205
3 70101
3 84168
3 126567
3 111915
3 151218
3 86301
3 88938
3 104157
3 32976
3 166851
3 48096
3 76095
3 146160
3 32256
3 91323
3 134649
3 145818
3 46557
3 122373
3 119088
3 81657
3 138456
3 74781
3 45882
3 86562
3 50175
3 105966
3 20232
3 75807
3 26028
3 120852
3 128925
3 38232
3 117396
3 47880
3 70803
3 128880
3 139293
3 111798
3 61668
3 128844
3 134640
3 146187
3 14463
3 54864
3 72423
3 46944
3 66861
3 28827
3 26775
3 67239
3 133128
3 115020
3 96525
3 76077
3 120879
3 48393
3 74790
3 165366
3 154512
3 119646
3 102501
3 71523
3 76581
3 157599
3 120627
3 70461
3 99414
3 86643
3 86562
3 56070
3 135891
3 105381
3 76797
3 198459
3 32832
3 107307
3 140607
3 70695
3 109323
3 111528
3 20223
3 106065
3 62514
3 93042
3 48195
3 155061
3 151965
3 55971
3 140706
3 57735
3 76131
3 148086
3 62955
3 106182
3 148851
3 61992
3 133101
3 106569
3 65448
3 155088
3 143451
3 104031
3 94239
3 112239
3 151560
3 119529
3 75996
3 21375
3 82791
3 115389
3 51561
3 161874
3 156330
3 84168
3 50265
3 181278
3 167058
3 74646
3 73872
3 122571
3 44190
3 141246
3 71244
3 116892
3 85410
3 62514
3 174465
3 122013
3 133119
3 136098
3 97065
3 192330
3 140643
3 117504
3 74709
3 77040
3 112248
3 48618
3 95922
3 84717
3 138681
3 168957
3 109170
3 63468
3 75924
3 115659
3 93861
3 92367
3 188136
3 149265
3 158976
3 93717
3 79686
3 103356
3 50877
3 145323
3 90756
3 102717
3 162234
3 85761
3 78066
3 23436
3 79776
3 65691
3 104247
3 109224
3 61848
3 113994
3 115776
3 93213
3 60057
3 109890
3 109314
3 124929
3 73746
3 115911
3 144729
3 60237
3 165348
3 93222
3 85167
3 83016
3 103023
3 74943
3 122382
3 71082
3 50652
3 66861
3 76149
3 40041
3 41427
3 48735
3 70704
3 103608
3 86634
3 71595
3 189036
3 155664
3 93042
3 60138
3 88398
3 115659
3 128448
3 42687
3 45117
3 62595
3 76203
3 55107
3 106128
3 39798
3 133965
3 94923
3 33516
3 194553
3 37035
3 61884
3 130770
3 58455
3 142470
3 116469
3 103680
3 141426
3 164952
3 57366
3 27702
3 138393
3 97731
3 110178
3 68139
3 112518
3 103680
3 109620
3 110916
3 79488
3 83718
3 120348
3 127458
3 128844
3 83835
3 48843
3 108279
3 59769
3 105399
3 133560
3 139491
3 130986
3 124686
3 58329
3 159714
3 158931
3 68130
3 93024
3 158400
3 96291
3 48996
3 95094
3 70920
3 138483
3 106074
3 64071
3 92412
3 62046
3 77166
3 134694
3 66789
3 68121
3 61560
3 54693
3 133605
3 38934
3 84861
3 123102
3 115425
3 79218
3 56880
3 125370
3 42039
3 136521
3 79641
3 53469
3 103212
3 118098
3 93267
3 120429
3 152154
3 71352
3 136368
3 35379
3 57222
3 67680
3 53721
3 105804
3 58851
3 96273
3 86319
3 89820
3 148797
3 225351
3 130401
3 82017
3 72720
3 42084
3 107280
3 123111
3 71199
3 92034
3 54162
3 82674
3 91377
3 38430
3 59436
3 97884
3 80955
3 100809
3 37170
3 42651
3 113256
3 147726
3 42057
3 48807
3 98352
3 47889
3 76086
3 72756
3 54666
3 142785
3 72738
3 95094
3 152631
3 147186
3 76707
3 112545
3 119979
3 112536
3 105444
3 87633
3 146529
3 88020
3 139014
3 102420
3 69444
3 69174
3 48807
3 105795
3 69183
3 162279
3 85887
3 48096
3 96255
3 132372
3 128817
3 72738
3 54594
3 18828
3 82530
3 64422
3 40482
3 120168
3 130176
3 86364
3 62001
3 81648
3 71352
3 131769
3 69129
3 51048
3 32841
3 101871
3 59967
3 135045
3 97884
3 45495
3 180675
3 96471
3 155835
3 55377
3 50643
3 88164
3 106596
3 136971
3 96570
3 159309
3 111411
3 61812
3 103599
3 161649
3 93258
3 76077
3 53280
3 61668
3 58833
3 158391
3 133137
3 61911
3 54252
3 48825
3 55062
3 93672
3 47457
3 53370
3 74826
3 58968
3 73863
3 85482
3 81864
3 79326
3 48600
3 105516
3 34398
3 118656
3 74709
3 91215
3 155817
3 76167
3 99927
3 141129
3 58869
3 140643
3 86337
3 74331
3 60075
3 125793
3 37089
3 61668
3 159570
3 48294
3 138618
3 76257
3 137277
3 139554
3 103896
3 80181
3 105831
3 120078
3 209160
3 84501
3 54936
3 196245
3 78138
3 128889
3 68148
3 48816
3 70803
3 91566
3 148851
3 125757
3 193725
3 71541
3 86760
3 50013
3 111411
3 79110
3 96237
3 48870
3 187614
3 40842
3 250398
3 80361
3 82116
3 104760
3 42255
3 108945
3 68238
3 123021
3 94257
3 101871
3 61173
3 114390
3 76140
3 146799
3 70731
3 57033
3 87264
3 162594
3 86346
3 61434
3 111069
3 93654
3 89775
3 150561
3 123219
3 71073
3 108243
3 47340
3 101502
3 149508
3 140139
3 71883
3 151254
3 60435
3 171711
3 107073
3 169137
3 119376
3 145467
3 34650
3 126981
3 83034
3 139158
3 66672
3 145179
3 49653
3 158994
3 66609
3 92313
3 76203
3 59004
3 58842
3 153909
3 118359
3 198981
3 127899
3 81135
3 131598
3 70434
3 176778
3 110412
3 78966
3 92205
3 110178
3 97893
3 62289
3 59769
3 134874
3 92070
3 156726
3 75537
3 136188
3 119790
3 89406
3 58527
3 140904
3 74817
3 103932
3 188370
3 73629
3 110007
3 86787
3 103608
3 141795
3 30708
3 93249
3 60930
3 84843
3 62919
3 152046
3 67113
3 118962
3 24966
3 126558
3 62217
3 153972
3 112896
3 32859
3 136422
3 65160
3 122049
3 62559
3 76149
3 87480
3 161523
3 98991
3 82359
3 50454
3 51516
3 139320
3 71352
3 138564
3 92385
3 156879
3 73710
3 148059
3 61920
3 113382
3 133560
3 104661
3 53433
3 92061
3 100503
3 138465
3 190854
3 43641
3 84546
3 64476
3 134784
3 61200
3 65160
3 106785
3 198450
3 55089
3 27801
3 54819
3 121158
3 74844
3 104022
3 100836
3 97668
3 41724
3 146844
3 116433
3 103014
3 91350
3 103320
3 61407
3 18351
3 34911
3 141300
3 95094
3 127512
3 86742
3 20448
3 161631
3 29268
3 106029
3 93375
3 122400
3 86328
3 68850
3 130113
3 63504
3 128151
3 70776
3 76797
3 99603
3 116442
3 90432
3 76104
3 60048
3 123147
3 36693
3 130185
3 45837
3 162729
3 56394
3 75582
3 112527
3 139518
3 91341
3 58419
3 47853
3 142389
3 60273
3 88722
3 135477
3 61677
3 37080
3 69597
3 70740
3 58536
3 77553
3 106938
3 104247
3 54423
3 84312
3 135999
3 84501
3 123552
3 101889
3 86607
3 69966
3 82755
3 172971
3 108054
3 116316
3 96291
3 37089
3 93663
3 81558
3 60237
3 125955
3 106776
3 49221
3 54729
3 122580
3 144684
3 67077
3 119628
3 115740
3 112518
3 124155
3 160038
3 50013
3 125793
3 95652
3 55044
3 69678
3 52470
3 62514
3 94176
3 68229
3 68931
3 123615
3 73890
3 100710
3 99693
3 113283
3 102501
3 61425
3 76077
3 163647
3 65727
3 111537
3 83016
3 105777
3 82332
3 75006
3 85644
3 121608
3 47403
3 70110
3 127395
3 138744
3 97605
3 128934
3 103338
3 44901
3 74709
3 107406
3 134667
3 108486
3 180801
3 83007
3 103041
3 78201
3 143406
3 54342
3 37287
3 150948
3 114003
3 61767
3 69498
3 38097
3 58887
3 62667
3 70866
3 125964
3 111663
3 92142
3 85581
3 64215
3 118233
3 122805
3 115533
3 54828
3 54702
3 47115
3 88074
3 46386
3 92394
3 84501
3 128610
3 32841
3 148860
3 123120
3 31500
3 130878
3 128610
3 140472
3 133047
3 126990
3 78039
3 123102
3 81666
3 139968
3 71361
3 59049
3 175068
3 61677
3 160416
3 50886
3 161550
3 133560
3 84357
3 59805
3 40869
3 70155
3 128502
3 209412
3 95490
3 45324
3 123210
3 87246
3 136215
3 114192
3 106920
3 38718
3 140517
3 62667
3 89334
3 73710
3 114219
3 64404
3 42120
3 109062
3 64440
3 123039
3 113031
3 183447
3 140625
3 59103
3 62928
3 83709
3 68517
3 84069
3 115938
3 55593
3 55314
3 37359
3 105219
3 121230
3 81621
3 80091
3 126153
3 91791
3 130752
3 123192
3 117090
3 78975
3 77544
3 73710
3 62505
3 92376
3 61317
3 50994
3 138996
3 132246
3 92520
3 175131
3 104679
3 72765
3 88461
3 54954
3 93654
3 111825
3 138645
3 54108
3 105795
3 29394
3 133605
3 98145
3 54243
3 121113
3 136143
3 134442
3 45477
3 83979
3 164259
3 61542
3 140535
3 135072
3 119853
3 65673
3 62289
3 59148
3 61911
3 112185
3 153864
3 119835
3 113481
3 123255
3 119349
3 176841
3 87687
3 55332
3 97686
3 87516
3 152361
3 72774
3 188406
3 96462
3 53262
3 112509
3 64737
3 115389
3 89595
3 70020
3 41310
3 37179
3 80568
3 128565
3 92385
3 95076
3 63513
3 83871
3 100647
3 125694
3 118422
3 110448
3 97677
3 127638
3 73890
3 76086
3 141300
3 112545
3 36036
3 147177
3 87678
3 57330
3 109602
3 50319
3 38475
3 110115
3 114822
3 115884
3 74970
3 70236
3 117756
3 70812
3 124128
3 45441
3 115641
3 37647
3 128457
3 153657
3 93672
3 161829
3 69435
3 72702
3 143397
3 96291
3 64782
3 108504
3 115704
3 91908
3 124146
3 92520
3 81108
3 70722
3 124947
3 73827
3 41220
3 79623
3 67806
3 156492
3 100044
3 76113
3 69723
3 132273
3 61785
3 50220
3 188352
3 45252
3 87849
3 86751
3 71073
3 84024
3 111870
3 133515
3 33237
3 160020
3 109314
3 240210
3 64413
3 94158
3 81864
3 100179
3 106857
3 55107
3 130428
3 47799
3 104031
3 73449
3 31500
3 59391
3 84186
3 118260
3 71469
3 48645
3 76140
3 134028
3 79326
3 72279
3 130635
3 172035
3 119178
3 98964
3 84087
3 84825
3 38547
3 92340
3 91359
3 107289
3 92358
3 55557
3 178722
3 140688
3 59409
3 85878
3 194598
3 198954
3 126846
3 102303
3 64899
3 93996
3 29178
3 83907
3 30303
3 105309
3 32823
3 109134
3 60453
3 137529
3 56943
3 112482
3 122229
3 62550
3 55719
3 72279
3 80559
3 121257
3 146745
3 130356
3 54351
3 99189
3 47430
3 93663
3 110277
3 122328
3 115173
3 51894
3 78030
3 113715
3 97938
3 203409
3 136161
3 16398
3 72108
3 165393
3 120483
3 52173
3 34803
3 93672
3 89001
3 38529
3 140679
3 98487
3 112473
3 42273
3 116505
3 76005
3 93942
3 54396
3 20493
3 153891
3 110124
3 65673
3 92754
3 86337
3 96273
3 86157
3 50049
3 123327
3 64791
3 100071
3 156069
3 70227
3 91179
3 115443
3 22932
3 138411
3 45495
3 114003
3 86769
3 87651
3 133659
3 109845
3 140130
3 45477
3 61632
3 81810
3 90630
3 39330
3 159435
3 105282
3 61920
3 37701
3 40743
3 42336
3 38736
3 118638
3 43605
3 71046
3 138618
3 129429
3 182421
3 37575
3 48816
3 59922
3 113994
3 80802
3 137799
3 93636
3 103680
3 55098
3 114003
3 64422
3 139572
3 115389
3 83727
3 104670
3 115641
3 55305
3 99297
3 38403
3 61758
3 106497
3 60399
3 73863
3 86616
3 160704
3 174717
3 119232
3 109593
3 169848
3 187119
3 75789
3 225009
3 95148
3 112977
3 111807
3 90648
3 51030
3 67158
3 169146
3 110799
3 56781
3 45189
3 159066
3 119529
3 41634
3 111852
3 120357
3 68841
3 73656
3 86607
3 114066
3 103311
3 64314
3 92394
3 122310
3 138465
3 115641
3 70731
3 134100
3 66618
3 77535
3 78966
3 82665
3 66375
3 127431
3 115353
3 56574
3 102546
3 92340
3 32373
3 90135
3 168102
3 83628
3 92376
3 61641
3 83034
3 77841
3 47439
3 54153
3 98253
3 176805
3 61695
3 144306
3 94266
3 177201
3 79479
3 44550
3 90153
3 84681
3 128934
3 100539
3 42165
3 121608
3 49617
3 152307
3 61209
3 69264
3 12402
3 91071
3 53253
3 60300
3 95067
3 95058
3 37134
3 77724
3 153558
3 88191
3 109431
3 175338
3 110466
3 86769
3 137115
3 92088
3 136116
3 97092
3 124353
3 72405
3 49473
3 127989
3 93708
3 150147
3 121149
3 61668
3 48438
3 91494
3 112509
3 105453
3 63306
3 69696
3 111258
3 83754
3 56448
3 118134
3 86751
3 108945
3 174699
3 88722
3 141372
3 190332
3 18891
3 87318
3 29358
3 37656
3 71361
3 136215
3 111807
3 155655
3 118386
3 185661
3 80685
3 123192
3 73908
3 82800
3 103329
3 37062
3 86607
3 194121
3 57366
3 120798
3 33273
3 33669
3 160074
3 140688
3 47808
3 117054
3 92394
3 64818
3 108837
3 40734
3 146187
3 93753
3 72729
3 62559
3 139140
3 175482
3 103329
3 121806
3 78687
3 115020
3 64773
3 174951
3 102483
3 111807
3 127881
3 116757
3 46080
3 101835
3 95112
3 104292
3 93933
3 150984
3 47394
3 43416
3 95157
3 45540
3 115659
3 122985
3 117738
3 163386
3 108837
3 122553
3 128457
3 41517
3 85914
3 42264
3 95085
3 95931
3 55071
3 105003
3 123129
3 137682
3 120348
3 59121
3 80496
3 47421
3 122598
3 96309
3 122247
3 66654
3 78129
3 34254
3 113985
3 73710
3 68148
3 12708
3 198117
3 44172
3 156456
3 138708
3 48033
3 106092
3 83043
3 70245
3 29403
3 94257
3 50697
3 140841
3 80316
3 123147
3 83709
3 99900
3 102267
3 88074
3 134784
3 125748
3 83214
3 105066
3 151344
3 108468
3 148860
3 80379
3 144720
3 41715
3 92385
3 86562
3 47520
3 77913
3 128889
3 85329
3 64449
3 92412
3 98289
3 128889
3 192015
3 255483
3 118638
3 28755
3 63054
3 97857
3 71280
3 62631
3 61938
3 103365
3 68436
3 153495
3 151218
3 81261
3 63045
3 104184
3 87840
3 143415
3 55746
3 61182
3 20214
3 59112
3 143442
3 83727
3 119565
3 56439
3 141273
3 48591
3 103644
3 73881
3 105291
3 86760
3 131004
3 163287
3 53244
3 168120
3 131193
3 50913
3 122634
3 55332
3 160470
3 153576
3 139266
3 63630
3 119529
3 62883
3 170631
3 80640
3 70758
3 79578
3 81009
3 155628
3 99873
3 104013
3 61227
3 123192
3 74979
3 64953
3 143028
3 113670
3 145800
3 70236
3 43443
3 122580
3 123372
3 138366
3 213741
3 61200
3 103905
3 124776
3 100512
3 74916
3 148680
3 135297
3 115623
3 123129
3 132237
3 84186
3 102420
3 63459
3 100719
3 91260
3 94401
3 139500
3 148005
3 93213
3 55044
3 73908
3 78480
3 167202
3 100647
3 59103
3 86220
3 111645
3 112482
3 92349
3 53343
3 83871
3 183312
3 86301
3 140103
3 103041
3 77922
3 136773
3 160335
3 79794
3 115650
3 83043
3 120582
3 54648
3 53379
3 31878
3 147150
3 85050
3 104769
3 71478
3 92556
3 55089
3 141156
3 15921
3 64926
3 85212
3 131562
3 103896
3 99270
3 140274
3 101295
3 29214
3 92772
3 110142
3 42651
3 139293
3 92448
3 105318
3 123102
3 93249
3 175014
3 36774
3 61209
3 75978
3 134046
3 187155
3 199971
3 115956
3 72999
3 76104
3 79515
3 73575
3 68094
3 141489
3 145296
3 132336
3 40023
3 89478
3 74448
3 39807
3 144585
3 72765
3 62091
3 104040
3 61614
3 74862
3 185193
3 47484
3 76140
3 39825
3 71379
3 32805
3 105021
3 38088
3 96435
3 55755
3 106587
3 94527
3 139779
3 153828
3 142191
3 64755
3 76572
3 80757
3 115047
3 70731
3 151560
3 158571
3 60552
3 69489
3 123183
3 78021
3 60552
3 125001
3 87273
3 118620
3 60111
3 187587
3 46017
3 63729
3 40968
3 76158
3 29457
3 96264
3 90801
3 75618
3 119223
3 96264
3 102483
3 55089
3 61920
3 107190
3 84069
3 104652
3 69435
3 128214
3 87984
3 75006
3 125991
3 66042
3 87507
3 199755
3 28476
3 131373
3 96111
3 61956
3 49554
3 163503
3 78525
3 62235
3 117036
3 87291
3 42039
3 42156
3 111681
3 40734
3 74988
3 64908
3 22005
3 83709
3 90063
3 109575
3 79542
3 142524
3 93618
3 105993
3 76095
3 110412
3 72459
3 41517
3 69768
3 146340
3 77868
3 70704
3 113634
3 119538
3 140490
3 118143
3 108054
3 139518
3 82890
3 88191
3 38709
3 40329
3 101763
3 177408
3 106542
3 105867
3 108513
3 49365
3 97839
3 150417
3 150723
3 67734
3 120528
3 144594
3 49428
3 125379
3 71514
3 187155
3 81675
3 60075
3 69822
3 40788
3 43659
3 42471
3 96471
3 115191
3 88569
3 103653
3 140634
3 59157
3 61200
3 99945
3 87282
3 43614
3 128601
3 55314
3 93033
3 57474
3 30240
3 77850
3 128268
3 85509
3 123435
3 69687
3 39582
3 93663
3 136773
3 83115
3 89478
3 160245
3 64872
3 71946
3 152919
3 59121
3 107226
3 114030
3 97110
3 135288
3 105453
3 55305
3 127485
3 47358
3 57627
3 101997
3 121167
3 177021
3 53235
3 69489
3 57609
3 114372
3 96318
3 155583
3 140868
3 149544
3 128889
3 105408
3 58041
3 103617
3 62550
3 77355
3 62406
3 93096
3 61830
3 86193
3 53298
3 70515
3 106092
3 95634
3 74700
3 100512
3 179883
3 102672
3 102807
3 73503
3 76095
3 109593
3 89388
3 55368
3 56997
3 90063
3 144774
3 152892
3 95931
3 131544
3 102015
3 124335
3 33291
3 81144
3 128925
3 58293
3 106794
3 198990
3 51624
3 66870
3 169452
3 76149
3 73818
3 99333
3 93699
3 117063
3 124677
3 136224
3 133497
3 78966
3 120393
3 69930
3 165141
3 95130
3 40806
3 37143
3 41706
3 120195
3 122256
3 176445
3 74781
3 71838
3 86202
3 73503
3 199737
3 95076
3 64035
3 87525
3 60030
3 91350
3 70767
3 49653
3 96309
3 69624
3 103932
3 87309
3 109557
3 80991
3 23643
3 105354
3 44523
3 41391
3 80937
3 77319
3 50607
3 36234
3 151038
3 97038
3 21915
3 64395
3 48060
3 112491
3 106110
3 114003
3 120663
3 53469
3 20232
3 108882
3 187839
3 190530
3 41445
3 170703
3 105300
3 86625
3 120240
3 83061
3 116010
3 63522
3 42021
3 164061
3 182025
3 44622
3 166869
3 70722
3 42309
3 86202
3 83970
3 100512
3 73449
3 73305
3 86229
3 102465
3 137511
3 121959
3 141741
3 96255
3 197424
3 101385
3 17532
3 77202
3 83934
3 115947
3 58536
3 79128
3 91233
3 54909
3 123750
3 161649
3 175572
3 50256
3 72783
3 180117
3 33687
3 101754
3 86859
3 92826
3 110196
3 81009
3 106065
3 55341
3 113688
3 47241
3 49986
3 61038
3 86238
3 61803
3 94239
3 94545
3 106749
3 118377
3 135711
3 57348
3 141993
3 128493
3 72279
3 61848
3 171288
3 105786
3 97533
3 149301
3 166194
3 94626
3 76095
3 70290
3 75735
3 64404
3 19215
3 113058
3 86238
3 38466
3 155331
3 141768
3 122598
3 60246
3 111096
3 55404
3 106092
3 45513
3 86571
3 104211
3 114552
3 113058
3 129033
3 88443
3 116469
3 63450
3 102924
3 64404
3 119241
3 86274
3 43506
3 160947
3 61560
3 162900
3 122310
3 158751
3 138402
3 109593
3 27990
3 131346
3 87264
3 69966
3 77337
3 213705
3 81360
3 47979
3 48609
3 128043
3 40779
3 49167
3 82611
3 127818
3 33372
3 96282
3 94617
3 61830
3 193374
3 59976
3 101853
3 144018
3 121590
3 153648
3 72711
3 73449
3 36936
3 55359
3 124119
3 89838
3 87705
3 50562
3 116928
3 61236
3 67806
3 22464
3 71910
3 89163
3 149211
3 82620
3 66546
3 102330
3 86328
3 58914
3 50670
3 94392
3 19260
3 99900
3 158013
3 140652
3 119682
3 172683
3 82827
3 79047
3 37179
3 113049
3 57627
3 82827
3 71343
3 47907
3 43506
3 73593
3 151155
3 45162
3 60255
3 56520
3 123120
3 39114
3 33480
3 119502
3 68589
3 123984
3 72918
3 58320
3 61776
3 88569
3 115947
3 83538
3 167220
3 92358
3 128862
3 134235
3 83943
3 98973
3 84798
3 96264
3 77940
3 37692
3 117756
3 139239
3 140670
3 73881
3 184959
3 61191
3 125748
3 128493
3 73440
3 107262
3 123210
3 45909
3 89433
3 65637
3 69561
3 160218
3 86760
3 158760
3 121140
3 76140
3 172251
3 135954
3 51102
3 134037
3 184230
3 60075
3 46575
3 46593
3 53370
3 68247
3 105876
3 50013
3 28494
3 83484
3 165456
3 146007
3 28782
3 87255
3 102357
3 80955
3 81153
3 33318
3 208161
3 57213
3 92115
3 83934
3 95283
3 104247
3 100296
3 47871
3 103356
3 139239
3 112194
3 57672
3 115893
3 137061
3 63864
3 113031
3 137574
3 77040
3 81117
3 49293
3 80955
3 132138
3 205164
3 73899
3 102177
3 71595
3 94923
3 123507
3 111033
3 64899
3 71856
3 193581
3 37980
3 61686
3 61218
3 51525
3 153585
3 133362
3 190737
3 132021
3 48132
3 93366
3 50661
3 92394
3 129339
3 140274
3 133506
3 76077
3 64782
3 61695
3 87696
3 112500
3 136224
3 54657
3 109665
3 83898
3 115020
3 86301
3 114336
3 133155
3 86616
3 98487
3 27297
3 63162
3 89190
3 118242
3 162693
3 106542
3 119403
3 127377
3 54315
3 131526
3 145332
3 88686
3 60192
3 35514
3 47385
3 118395
3 82296
3 187704
3 43605
3 96273
3 144054
3 103356
3 115983
3 136098
3 148140
3 94293
3 138465
3 93186
3 42660
3 76158
3 106029
3 123165
3 122067
3 48519
3 95751
3 93042
3 103338
3 111816
3 96282
3 78534
3 139464
3 160254
3 72738
3 113004
3 94176
3 123156
3 70893
3 149751
3 93024
3 106911
3 61668
3 58284
3 91233
3 92106
3 153909
3 92394
3 102420
3 80901
3 108306
3 178983
3 76581
3 37710
3 77094
3 36666
3 57915
3 95112
3 82188
3 71082
3 91791
3 138474
3 138204
3 18423
3 103014
3 118386
3 73755
3 48780
3 39294
3 106938
3 145872
3 117729
3 128439
3 93789
3 130185
3 69759
3 84879
3 79848
3 106443
3 124155
3 90603
3 177408
3 42138
3 87246
3 152343
3 80064
3 104040
3 84753
3 62451
3 76113
3 118170
3 92079
3 95103
3 57213
3 62271
3 108549
3 147852
3 21159
3 76185
3 86967
3 165294
3 62622
3 105975
3 141309
3 104724
3 80820
3 76167
3 121554
3 185283
3 161955
3 162612
3 90738
3 131283
3 97182
3 86337
3 42084
3 115155
3 99234
3 150174
3 86805
3 124380
3 114012
3 165456
3 209718
3 88236
3 53433
3 129609
3 163278
3 83043
3 114237
3 58851
3 149247
3 107847
3 70695
3 84762
3 63018
3 153630
3 70749
3 56358
3 126873
3 97695
3 56349
3 173313
3 160884
3 93699
3 106911
3 134280
3 67815
3 93357
3 72702
3 45558
3 82584
3 100701
3 60417
3 117774
3 124191
3 170568
3 50868
3 106452
3 73278
3 44820
3 60228
3 92358
3 103644
3 144630
3 100998
3 110511
3 95391
3 120375
3 66627
3 120537
3 61812
3 125253
3 110529
3 48024
3 61011
3 81603
3 124362
3 85401
3 72693
3 125604
3 73818
3 96345
3 115452
3 171765
3 102861
3 94293
3 87678
3 92385
3 50598
3 60822
3 44847
3 45198
3 82017
3 105705
3 60894
3 81432
3 76068
3 128826
3 90189
3 84519
3 83025
3 135522
3 39366
3 89829
3 136323
3 99963
3 134775
3 68157
3 73710
3 123768
3 43056
3 117702
3 120555
3 119691
3 21591
3 92520
3 50652
3 52830
3 83106
3 116163
3 109134
3 59499
3 60597
3 107766
3 83871
3 70092
3 118971
3 54189
3 84663
3 94122
3 83799
3 95409
3 106749
3 140661
3 102690
3 193572
3 112509
3 62496
3 81396
3 43650
3 130464
3 103023
3 76122
3 57195
3 62514
3 158967
3 95103
3 123156
3 42003
3 84312
3 116730
3 101745
3 169209
3 171243
3 167184
3 52308
3 114219
3 114219
3 61884
3 42048
3 125748
3 75528
3 103266
3 89055
3 135882
3 88695
3 97083
3 105417
3 29106
3 114048
3 95877
3 95193
3 106065
3 50904
3 105408
3 78147
3 146142
3 16911
3 103347
3 103347
3 75024
3 81783
3 86913
3 74799
3 61587
3 171846
3 85365
3 95103
3 117216
3 76527
3 45243
3 126846
3 85374
3 62658
3 42264
3 87678
3 111825
3 78957
3 154818
3 67905
3 47430
3 73827
3 69309
3 84645
3 166050
3 51003
3 77328
3 80379
3 16155
3 135423
3 128259
3 52326
3 122562
3 73800
3 64116
3 119988
3 151569
3 99297
3 87102
3 49239
3 142398
3 92376
3 40743
3 61677
3 62235
3 168156
3 23526
3 76095
3 32787
3 110466
3 35082
3 130734
3 106020
3 76194
3 61209
3 121212
3 40770
3 120447
3 170478
3 103563
3 62361
3 77931
3 128871
3 27900
3 172476
3 61776
3 169182
3 104382
3 120582
3 120249
3 92448
3 82296
3 89442
3 102924
3 92367
3 119079
3 165357
3 110151
3 45108
3 118890
3 41256
3 124308
3 26712
3 152127
3 67869
3 147069
3 115650
3 125631
3 82017
3 88695
3 36639
3 134316
3 119349
3 24795
3 105750
3 54981
3 141093
3 61704
3 115947
3 28854
3 71928
3 26064
3 118359
3 66024
3 84087
3 72729
3 100008
3 93654
3 73872
3 39798
3 17118
3 67455
3 80433
3 143388
3 102420
3 67671
3 47763
3 106074
3 74826
3 50085
3 64413
3 119493
3 92862
3 160281
3 61974
3 107064
3 138627
3 133110
3 114012
3 64899
3 82008
3 103914
3 155079
3 92394
3 141462
3 107244
3 50706
3 38493
3 118377
3 58842
3 50931
3 144252
3 88011
3 135189
3 83178
3 101880
3 86571
3 79029
3 61578
3 92358
3 128898
3 111816
3 110457
3 106074
3 76131
3 80577
3 130689
3 107307
3 87642
3 133083
3 141813
3 161649
3 120375
3 109620
3 107235
3 52173
3 155907
3 161073
3 72486
3 106542
3 61821
3 86769
3 77373
3 32769
3 102519
3 61812
3 62955
3 173403
3 61614
3 196794
3 50625
3 70488
3 58329
3 24453
3 93582
3 115947
3 131535
3 45162
3 62046
3 111924
3 64251
3 98172
3 55017
3 136656
3 67860
3 79596
3 103716
3 100116
3 37350
3 88110
3 128799
3 52317
3 64359
3 67428
3 59328
3 58320
3 56511
3 88209
3 93249
3 87678
3 60444
3 84087
3 120024
3 124155
3 95391
3 96165
3 48033
3 74439
3 75519
3 84672
3 66663
3 103689
3 61911
3 94527
3 127359
3 144711
3 104265
3 92430
3 133398
3 61236
3 27252
3 70245
3 115974
3 151245
3 37197
3 53838
3 83295
3 49689
3 149805
3 38718
3 147483
3 121257
3 40545
3 98370
3 119511
3 41760
3 125793
3 59058
3 70101
3 90189
3 107433
3 162297
3 55737
3 85860
3 61848
3 130851
3 140985
3 114003
3 29223
3 136188
3 93726
3 110169
3 57996
3 78165
3 60228
3 32760
3 161649
3 170064
3 146853
3 139293
3 45252
3 50013
3 41994
3 54468
3 174573
3 141093
3 83412
3 103041
3 85527
3 40869
3 89523
3 81981
3 60543
3 111411
3 142677
3 144549
3 52227
3 104688
3 137466
3 40779
3 37188
3 52443
3 61929
3 63486
3 115668
3 106776
3 100692
3 37818
3 97605
3 61992
3 110448
3 111627
3 67419
3 153936
3 136161
3 81603
3 139599
3 41751
3 89793
3 131058
3 92475
3 37575
3 102186
3 81072
3 113319
3 40734
3 142479
3 46575
3 96471
3 80901
3 39285
3 190872
3 118035
3 118512
3 105570
3 58500
3 168489
3 122562
3 138447
3 178524
3 41670
3 86301
3 109575
3 202455
3 169434
3 121149
3 155817
3 64008
3 106101
3 93393
3 81387
3 128097
3 30843
3 37170
3 41112
3 47448
3 115524
3 44613
3 80217
3 60012
3 133083
3 47286
3 71046
3 151407
3 93249
3 93654
3 45171
3 54036
3 141291
3 72864
3 76086
3 59787
3 87021
3 42021
3 93672
3 112131
3 108882
3 90711
3 146799
3 193221
3 60777
3 83466
3 67977
3 77373
3 83043
3 42102
3 43623
3 96471
3 133083
3 63531
3 81153
3 87552
3 142857
3 116442
3 86202
3 164223
3 101034
3 77454
3 88398
3 112599
3 111384
3 25803
3 70281
3 85086
3 212517
3 55278
3 102141
3 118485
3 83700
3 53370
3 100143
3 71550
3 50634
3 83727
3 125064
3 71163
3 72414
3 108504
3 74790
3 94536
3 28431
3 186039
3 168048
3 162252
3 99936
3 83376
3 148284
3 110196
3 78066
3 139257
3 147942
3 70758
3 104688
3 111303
3 122031
3 158004
3 79938
3 113364
3 61587
3 71901
3 138852
3 52371
3 61416
3 84339
3 82080
3 174420
3 43614
3 107064
3 57321
3 141921
3 144603
3 96615
3 54252
3 111960
3 146754
3 84564
3 105912
3 103203
3 70749
3 83385
3 61434
3 88407
3 49500
3 72756
3 87444
3 70821
3 128943
3 175050
3 106389
3 141894
3 149526
3 68823
3 123138
3 46602
3 46440
3 118323
3 128952
3 76077
3 194472
3 83718
3 114426
3 86706
3 55611
3 53406
3 76203
3 96237
3 179019
3 228069
3 60120
3 70551
3 61920
3 145413
3 88965
3 129069
3 61488
3 73881
3 48177
3 66897
3 117378
3 66618
3 80091
3 54675
3 67419
3 117954
3 95949
3 143586
3 61938
3 39537
3 91368
3 119070
3 39798
3 50994
3 160353
3 161190
3 58320
3 88443
3 79974
3 85383
3 93384
3 105876
3 79668
3 190989
3 136413
3 124299
3 19125
3 140886
3 83799
3 83502
3 83061
3 103617
3 112995
3 42165
3 78120
3 92349
3 71199
3 130149
3 87390
3 80982
3 32067
3 106047
3 18459
3 149283
3 78282
3 86760
3 176238
3 33678
3 85905
3 106047
3 77355
3 62253
3 70758
3 131562
3 104652
3 136062
3 144315
3 32472
3 159120
3 68805
3 152892
3 115956
3 136035
3 20340
3 84195
3 85905
3 86202
3 66573
3 77373
3 52830
3 104985
3 74961
3 57735
3 76167
3 86634
3 37080
3 53370
3 81873
3 203715
3 83691
3 76203
3 88191
3 29385
3 86175
3 87246
3 130671
3 142425
3 96309
3 76905
3 100719
3 106065
3 105300
3 105966
3 109908
3 153081
3 50103
3 115947
3 67896
3 36702
3 72729
3 146817
3 130167
3 119466
3 93384
3 66789
3 95463
3 76725
3 104760
3 63486
3 44658
3 134811
3 83034
3 199710
3 146943
3 137754
3 142326
3 74709
3 123336
3 77526
3 140085
3 151245
3 105957
3 127179
3 156654
3 75690
3 65610
3 95337
3 57150
3 69435
3 74997
3 88254
3 42282
3 76095
3 86175
3 106920
3 49419
3 95238
3 107307
3 37971
3 100683
3 150930
3 119826
3 98442
3 88884
3 35532
3 136116
3 159354
3 184527
3 34074
3 48123
3 61443
3 189450
3 61047
3 62586
3 64386
3 57384
3 58374
3 109269
3 175194
3 81819
3 89433
3 113292
3 103311
3 159498
3 120132
3 86940
3 119529
3 146601
3 125766
3 80775
3 115659
3 76662
3 62622
3 71892
3 150381
3 49968
3 135900
3 112185
3 79587
3 99846
3 62586
3 93789
3 47889
3 70722
3 95085
3 60102
3 79515
3 137844
3 105066
3 27387
3 88677
3 78408
3 141246
3 116784
3 81738
3 119520
3 71568
3 110466
3 73872
3 84699
3 73260
3 67464
3 187083
3 99900
3 61596
3 71883
3 81090
3 112770
3 113688
3 97884
3 138447
3 48996
3 153558
3 118557
3 151227
3 47421
3 75663
3 82566
3 141246
3 87804
3 31428
3 61794
3 69300
3 130995
3 91350
3 92997
3 127359
3 52821
3 103608
3 153540
3 103599
3 39798
3 108378
3 155502
3 123210
3 44199
3 38367
3 91179
3 61029
3 20700
3 91971
3 128934
3 137367
3 21096
3 21897
3 61668
3 112527
3 135504
3 76113
3 27288
3 102258
3 52164
3 131454
3 120402
3 147816
3 42300
3 107289
3 111546
3 85860
3 71100
3 76086
3 110493
3 55080
3 101367
3 140373
3 158850
3 109539
3 176796
3 115056
3 64395
3 34182
3 114993
3 138987
3 92466
3 64800
3 146817
3 92412
3 128934
3 147951
3 120798
3 133083
3 21150
3 95103
3 97083
3 38997
3 138456
3 89802
3 86166
3 61398
3 48852
3 101367
3 123048
3 131175
3 141822
3 76005
3 107289
3 49437
3 75906
3 122247
3 88137
3 78030
3 86229
3 62199
3 97650
3 99936
3 178425
3 31860
3 50850
3 112797
3 87309
3 175158
3 70812
3 69723
3 42300
3 106470
3 104697
3 21258
3 61938
3 87633
3 117036
3 49680
3 128826
3 112572
3 95049
3 106569
3 156573
3 46656
3 91359
3 122706
3 77076
3 73917
3 157626
3 61362
3 118323
3 67878
3 106434
3 106065
3 92340
3 92088
3 162270
3 103869
3 152136
3 48879
3 55089
3 56988
3 102978
3 127557
3 110484
3 161073
3 70830
3 123156
3 104211
3 77895
3 139356
3 73629
3 71631
3 55098
3 142164
3 189936
3 42516
3 71190
3 91566
3 147231
3 134766
3 111330
3 120033
3 141237
3 111654
3 102528
3 95355
3 186543
3 147393
3 134469
3 112482
3 83727
3 61614
3 96228
3 158967
3 135423
3 171711
3 93627
3 39186
3 88173
3 83043
3 93654
3 110826
3 43425
3 60885
3 81315
3 114003
3 116316
3 72675
3 144360
3 125325
3 119655
3 119619
3 55089
3 66087
3 137394
3 107271
3 19215
3 66654
3 59679
3 64278
3 121122
3 190980
3 115956
3 78156
3 132363
3 93726
3 92376
3 66312
3 63504
3 82242
3 79317
3 36684
3 96021
3 73872
3 85446
3 103158
3 162603
3 87651
3 109341
3 51075
3 88713
3 123192
3 127872
3 91224
3 42021
3 93240
3 42633
3 86220
3 61623
3 142686
3 108540
3 67293
3 76149
3 64782
3 135009
3 83133
3 106650
3 40482
3 71397
3 85923
3 91782
3 83979
3 140661
3 137853
3 133884
3 106920
3 102573
3 49482
3 83907
3 158985
3 48087
3 123129
3 100521
3 125289
3 127260
3 57231
3 57789
3 133578
3 96273
3 147168
3 95076
3 134082
3 53415
3 54792
3 95409
3 49662
3 61542
3 154098
3 86652
3 39330
3 78120
3 103095
3 69975
3 38709
3 94437
3 61290
3 40050
3 67293
3 71856
3 102573
3 176319
3 100035
3 133434
3 55287
3 143100
3 143028
3 66915
3 113499
3 38934
3 71523
3 63459
3 151569
3 140895
3 42012
3 201114
3 174258
3 146502
3 126765
3 153918
3 64935
3 65511
3 106092
3 133578
3 40518
3 36135
3 89874
3 104247
3 71181
3 99594
3 122004
3 74952
3 116703
3 53271
3 64314
3 111276
3 95094
3 93861
3 124911
3 110187
3 165393
3 76113
3 83916
3 55062
3 54648
3 117234
3 112995
3 127062
3 110124
3 107802
3 27288
3 61677
3 157347
3 55404
3 104922
3 70056
3 62892
3 140940
3 86499
3 120429
3 153099
3 93627
3 52902
3 144603
3 82044
3 95364
3 109557
3 177705
3 48222
3 59625
3 65853
3 38394
3 96471
3 103689
3 138303
3 31662
3 137583
3 66798
3 104292
3 91188
3 74925
3 67554
3 78129
3 135000
3 61848
3 53334
3 76617
3 118620
3 38061
3 127467
3 131364
3 120078
3 106497
3 121212
3 93177
3 72765
3 47502
3 120852
3 114453
3 40608
3 52290
3 113994
3 92340
3 50571
3 115065
3 141786
3 63504
3 122346
3 83016
3 86085
3 118287
3 82341
3 29655
3 91242
3 135918
3 54117
3 128268
3 57285
3 60552
3 84735
3 99891
3 99828
3 83925
3 112662
3 94284
3 115074
3 95445
3 68130
3 199530
3 48870
3 115659
3 91377
3 74988
3 106074
3 98946
3 66870
3 122265
3 59094
3 61407
3 125667
3 63036
3 155979
3 113481
3 112581
3 122499
3 64269
3 90252
3 110790
3 71883
3 140733
3 57348
3 27243
3 125766
3 59418
3 93627
3 44136
3 119151
3 113715
3 121986
3 146025
3 105615
3 120033
3 64755
3 188460
3 66861
3 86607
3 146196
3 61848
3 111798
3 48186
3 144252
3 118332
3 91314
3 14472
3 39564
3 78084
3 65196
3 63711
3 83421
3 72783
3 74718
3 130671
3 159228
3 103860
3 18999
3 161208
3 61812
3 61218
3 86787
3 37269
3 115092
3 52245
3 56772
3 31707
3 72720
3 109791
3 84330
3 128637
3 39546
3 43650
3 47025
3 45252
3 53361
3 97650
3 103338
3 68238
3 92349
3 53352
3 89577
3 136656
3 155853
3 42039
3 12150
3 61920
3 59022
3 95103
3 68796
3 76158
3 158004
3 54162
3 70875
3 100521
3 111033
3 40014
3 155574
3 109557
3 106461
3 97434
3 144225
3 122634
3 53361
3 120438
3 77751
3 32202
3 70002
3 137367
3 115218
3 80955
3 174564
3 113004
3 95130
3 55899
3 151470
3 54432
3 88668
3 38817
3 113184
3 45486
3 83502
3 25767
3 47493
3 86706
3 50400
3 141480
3 106011
3 64386
3 106389
3 91917
3 103752
3 115479
3 91323
3 147393
3 140112
3 67671
3 168201
3 108576
3 153945
3 53388
3 58797
3 68157
3 99261
3 123777
3 66852
3 120141
3 104229
3 38079
3 113004
3 123156
3 134163
3 58284
3 84321
3 60660
3 80964
3 124740
3 47259
3 29241
3 106452
3 81657
3 140292
3 49167
3 116010
3 61425
3 88038
3 108522
3 110637
3 29592
3 82692
3 57834
3 135414
3 96453
3 45495
3 76113
3 81450
3 56367
3 50913
3 110286
3 141804
3 137601
3 135180
3 50697
3 90639
3 58842
3 95175
3 40563
3 115065
3 203805
3 62568
3 141921
3 95085
3 95130
3 159129
3 86121
3 111042
3 50625
3 90054
3 107244
3 106533
3 179946
3 117198
3 58509
3 32778
3 155628
3 98424
3 160236
3 115416
3 78138
3 124245
3 63513
3 76077
3 77346
3 131616
3 67095
3 90342
3 87660
3 132183
3 112239
3 83043
3 96264
3 55332
3 115137
3 158067
3 93366
3 95094
3 198396
3 100503
3 37197
3 49464
3 127854
3 64746
3 30879
3 58860
3 84690
3 82404
3 63522
3 43227
3 131535
3 68814
3 85941
3 112671
3 68220
3 62046
3 97920
3 127827
3 96273
3 61929
3 119466
3 69480
3 51165
3 161604
3 150462
3 37143
3 76131
3 117837
3 95103
3 143892
3 111672
3 69471
3 159759
3 76050
3 61245
3 147393
3 76167
3 107487
3 117729
3 70830
3 58275
3 77049
3 99729
3 83853
3 86148
3 226116
3 137457
3 136665
3 74286
3 61992
3 152289
3 76059
3 112536
3 148923
3 104697
3 107253
3 72297
3 111663
3 68796
3 85518
3 133452
3 99900
3 134055
3 78084
3 124326
3 142461
3 77022
3 104697
3 93033
3 149301
3 51057
3 82215
3 29430
3 61110
3 65520
3 96327
3 39348
3 38727
3 58320
3 131175
3 127476
3 44613
3 34236
3 85446
3 138249
3 132282
3 37422
3 119313
3 118962
3 136107
3 75024
3 87534
3 164214
3 127503
3 121293
3 114003
3 112464
3 111960
3 149931
3 55305
3 123102
3 143037
3 125613
3 119538
3 76122
3 166293
3 134694
3 103653
3 133101
3 149058
3 153351
3 119790
3 44820
3 81657
3 158670
3 71532
3 109467
3 97713
3 95274
3 45450
3 92511
3 148806
3 166374
3 75663
3 156222
3 113184
3 91107
3 95310
3 133470
3 44307
3 62478
3 140859
3 102870
3 86769
3 62667
3 54675
3 104040
3 199260
3 90360
3 85257
3 89883
3 159219
3 96552
3 73764
3 48762
3 67428
3 94383
3 144531
3 152352
3 85338
3 48789
3 77013
3 86337
3 123507
3 197073
3 26199
3 94122
3 141912
3 61299
3 83502
3 48942
3 80343
3 128907
3 93249
3 105426
3 46566
3 138321
3 153576
3 59076
3 59040
3 32805
3 119637
3 146853
3 49572
3 76194
3 107298
3 61254
3 71370
3 109557
3 76131
3 22410
3 116991
3 160092
3 179649
3 76077
3 32832
3 193140
3 155826
3 107415
3 59094
3 71838
3 45585
3 136197
3 92304
3 105903
3 83268
3 80262
3 113697
3 115803
3 67761
3 36261
3 169254
3 120519
3 78876
3 110439
3 161280
3 100494
3 73989
3 66159
3 98469
3 140490
3 112518
3 93654
3 146025
3 109098
3 32805
3 121743
3 120573
3 62280
3 70425
3 106074
3 30321
3 61929
3 155844
3 109584
3 67086
3 109080
3 105381
3 48582
3 83295
3 127782
3 93645
3 96417
3 125739
3 107523
3 101259
3 135486
3 96237
3 107847
3 121158
3 168948
3 89811
3 133830
3 120483
3 62217
3 165879
3 64899
3 98973
3 66357
3 86940
3 69678
3 104184
3 161163
3 130401
3 123273
3 68094
3 71181
3 27837
3 135414
3 91332
3 127980
3 107559
3 61929
3 76176
3 67689
3 61452
3 69966
3 152982
3 105777
3 23472
3 92205
3 76797
3 88092
3 107262
3 64350
3 94284
3 120438
3 158040
3 29376
3 81315
3 153648
3 149229
3 28791
3 86184
3 76068
3 143199
3 144225
3 76698
3 114129
3 103320
3 122967
3 113184
3 70299
3 78138
3 113076
3 99900
3 40221
3 114435
3 69804
3 36675
3 139212
3 42012
3 155385
3 102411
3 153387
3 136431
3 114993
3 99414
3 112887
3 90531
3 104715
3 59130
3 58302
3 135135
3 80739
3 84330
3 119394
3 88299
3 83673
3 85374
3 54513
3 196479
3 45234
3 82206
3 138582
3 103743
3 30303
3 134460
3 83907
3 111834
3 108513
3 108315
3 102978
3 180054
3 61470
3 110223
3 118602
3 62397
3 86643
3 127629
3 47340
3 152928
3 145071
3 84312
3 56781
3 95130
3 82017
3 81189
3 146115
3 106083
3 121140
3 96219
3 71856
3 142488
3 146853
3 177957
3 115533
3 96408
3 123615
3 33201
3 127017
3 111870
3 93420
3 85356
3 102024
3 72693
3 77661
3 157680
3 54837
3 90999
3 140850
3 177444
3 87624
3 44343
3 92025
3 81378
3 95103
3 15606
3 178866
3 37962
3 125253
3 59031
3 92484
3 135954
3 133560
3 123147
3 38718
3 90045
3 102987
3 34245
3 65709
3 69264
3 147843
3 104688
3 106119
3 65340
3 138474
3 100017
3 48762
3 147060
3 74061
3 69669
3 92385
3 101412
3 77589
3 27216
3 124155
3 61830
3 124398
3 107415
3 123813
3 153144
3 51030
3 84168
3 104976
3 93789
3 103743
3 115443
3 79299
3 143046
3 89730
3 104931
3 48744
3 104769
3 103356
3 62847
3 150660
3 106074
3 118233
3 83934
3 121185
3 124326
3 108549
3 149607
3 115641
3 93402
3 93987
3 81927
3 134064
3 47880
3 111879
3 22518
3 211248
3 72702
3 74007
3 107262
3 125361
3 73377
3 114858
3 163485
3 151614
3 78723
3 140634
3 54765
3 82242
3 92403
3 23211
3 15147
3 84087
3 24633
3 85941
3 78165
3 40257
3 116019
3 119331
3 120978
3 107559
3 72954
3 122202
3 93033
3 165006
3 91359
3 161235
3 64404
3 157347
3 142173
3 119691
3 103788
3 53379
3 50697
3 61830
3 135918
3 96237
3 54657
3 136989
3 89532
3 94401
3 162324
3 142137
3 59724
3 58833
3 98712
3 20358
3 79326
3 87273
3 108522
3 144729
3 56484
3 127701
3 86616
3 97713
3 143199
3 111699
3 97371
3 160272
3 77589
3 52353
3 102483
3 36261
3 55008
3 80073
3 92349
3 105300
3 115992
3 88398
3 76086
3 139509
3 81306
3 39285
3 60822
3 111051
3 119322
3 134901
3 73314
3 66141
3 145890
3 64773
3 46449
3 125082
3 108981
3 58896
3 70758
3 95157
3 63477
3 39762
3 116901
3 161937
3 93645
3 164988
3 115470
3 61011
3 23625
3 61821
3 87444
3 55755
3 90162
3 139221
3 96282
3 133200
3 59112
3 35856
3 52254
3 67833
3 191043
3 72090
3 88137
3 139707
3 48204
3 184770
3 72738
3 107307
3 181323
3 174231
3 96291
3 136206
3 152154
3 90324
3 131571
3 115074
3 103716
3 80082
3 95175
3 130149
3 84168
3 39825
3 93123
3 54648
3 47889
3 130014
3 106056
3 37197
3 61560
3 84105
3 91323
3 47313
3 46836
3 92331
3 79668
3 84006
3 90648
3 139419
3 86760
3 143019
3 91233
3 92052
3 98442
3 173466
3 62523
3 42102
3 151137
3 122328
3 109143
3 202185
3 144189
3 83970
3 119313
3 50841
3 133812
3 129447
3 82908
3 83718
3 119430
3 89442
3 111078
3 114480
3 202599
3 50346
3 48816
3 73890
3 58284
3 72711
3 81693
3 195174
3 169011
3 77094
3 92376
3 112194
3 99297
3 119691
3 81639
3 142119
3 96246
3 74934
3 71208
3 118530
3 50661
3 42075
3 103320
3 61731
3 123156
3 64755
3 72333
3 50697
3 99045
3 139509
3 140949
3 114507
3 50922
3 39969
3 61992
3 123084
3 85941
3 140886
3 84483
3 67869
3 76626
3 142092
3 92196
3 113319
3 59949
3 32778
3 56484
3 48960
3 32517
3 83727
3 73998
3 142389
3 91323
3 82809
3 162288
3 86166
3 62469
3 62487
3 84159
3 81216
3 44559
3 131004
3 140715
3 61497
3 113490
3 142074
3 160704
3 122049
3 25785
3 52254
3 171720
3 143046
3 97902
3 108036
3 118017
3 127737
3 136935
3 31383
3 145134
3 82548
3 106659
3 131067
3 54099
3 171162
3 90999
3 128835
3 92349
3 88146
3 119943
3 62010
3 141894
3 109080
3 107298
3 74709
3 76095
3 22788
3 128844
3 93006
3 81612
3 94068
3 72414
3 119574
3 115362
3 39312
3 112581
3 83961
3 69678
3 144234
3 100575
3 62586
3 197496
3 77967
3 27495
3 54801
3 34578
3 138609
3 76104
3 62604
3 86085
3 110124
3 63477
3 54657
3 153576
3 48744
3 72099
3 116190
3 86823
3 96264
3 73863
3 72702
3 68814
3 91233
3 130392
3 67671
3 146160
3 154809
3 57960
3 61578
3 105939
3 96291
3 68841
3 70785
3 104166
3 113049
3 34740
3 167202
3 49500
3 95508
3 39546
3 205380
3 152604
3 58500
3 144873
3 74466
3 153288
3 22464
3 32787
3 64404
3 47493
3 77931
3 151164
3 110763
3 38970
3 134973
3 48069
3 122544
3 82971
3 66609
3 64602
3 42138
3 198018
3 39321
3 26172
3 127377
3 132786
3 159219
3 42084
3 152199
3 29268
3 105831
3 77697
3 95211
3 114228
3 110484
3 73008
3 106794
3 160308
3 16677
3 128349
3 110241
3 103320
3 124947
3 193086
3 41652
3 99360
3 123219
3 103626
3 86634
3 125685
3 46566
3 38637
3 131553
3 156240
3 58860
3 62883
3 90648
3 83979
3 115920
3 40473
3 128817
3 140103
3 62073
3 191376
3 46575
3 96471
3 83709
3 70731
3 102420
3 54198
3 70803
3 151416
3 115884
3 71316
3 106758
3 91152
3 123147
3 153855
3 124119
3 61065
3 84798
3 74790
3 51552
3 108306
3 104670
3 89946
3 68184
3 111276
3 156924
3 146511
3 83034
3 93366
3 138708
3 103059
3 163782
3 148644
3 66168
3 63531
3 57681
3 119565
3 59931
3 48159
3 70389
3 52461
3 92124
3 58392
3 92358
3 55188
3 98523
3 54351
3 77895
3 177426
3 96282
3 29619
3 58518
3 91224
3 64341
3 118422
3 105417
3 138456
3 175185
3 44181
3 131544
3 76104
3 82656
3 42660
3 50490
3 122049
3 44829
3 124200
3 118143
3 58293
3 89433
3 55359
3 64755
3 83727
3 153441
3 42273
3 69579
3 104247
3 138231
3 176067
3 60957
3 96669
3 151434
3 93636
3 94617
3 43488
3 124731
3 141894
3 168444
3 85374
3 76176
3 136674
3 134370
3 114183
3 98712
3 84690
3 37971
3 87894
3 88713
3 56826
3 89451
3 55341
3 92853
3 118332
3 40455
3 29097
3 90756
3 136593
3 138456
3 169119
3 93636
3 127836
3 103950
3 112842
3 71163
3 147393
3 151218
3 142164
3 119916
3 169749
3 77049
3 176400
3 81675
3 73755
3 61182
3 72756
3 182493
3 123066
3 54648
3 85554
3 149571
3 102942
3 118629
3 127395
3 142812
3 166473
3 80757
3 205218
3 125955
3 93240
3 93906
3 197460
3 79299
3 56781
3 32760
3 64404
3 105795
3 39321
3 42984
3 83700
3 50643
3 83952
3 121716
3 145350
3 79659
3 97569
3 127926
3 51030
3 199305
3 164790
3 110349
3 76077
3 62496
3 50715
3 119907
3 90603
3 119619
3 135486
3 116001
3 67347
3 95031
3 72405
3 98262
3 150219
3 139329
3 96633
3 62505
3 80631
3 136125
3 53370
3 98235
3 103311
3 104697
3 60084
3 128502
3 74340
3 103338
3 73971
3 80829
3 103977
3 77013
3 71046
3 43002
3 158877
3 193743
3 74817
3 122202
3 96246
3 140058
3 134811
3 61182
3 79596
3 66888
3 107847
3 55107
3 111645
3 82584
3 40779
3 17496
3 67833
3 121221
3 62559
3 87237
3 84303
3 148680
3 61776
3 71235
3 142092
3 114363
3 139068
3 87444
3 132165
3 89784
3 46593
3 87255
3 94284
3 141849
3 83034
3 91224
3 113265
3 95301
3 105867
3 97317
3 57375
3 118602
3 149040
3 105759
3 121185
3 92412
3 53775
3 145494
3 124146
3 72702
3 83907
3 158094
3 107847
3 85986
3 180081
3 55341
3 76131
3 77382
3 67743
3 86751
3 98181
3 86931
3 100701
3 69633
3 103932
3 95112
3 54540
3 85905
3 108909
3 141525
3 125523
3 46017
3 44226
3 90540
3 94014
3 119349
3 29331
3 127332
3 122031
3 112491
3 145071
3 109566
3 54324
3 153891
3 142074
3 73575
3 108225
3 44730
3 39285
3 86337
3 61821
3 83052
3 67824
3 28746
3 131148
3 37008
3 56754
3 93600
3 131373
3 60570
3 96282
3 115938
3 80325
3 93636
3 96417
3 94203
3 72702
3 42282
3 47430
3 73737
3 87831
3 97218
3 38457
3 42867
3 167229
3 92151
3 67662
3 76833
3 100593
3 99153
3 90639
3 84204
3 136053
3 199548
3 69687
3 141912
3 82539
3 147681
3 80595
3 77868
3 52272
3 31860
3 93681
3 112995
3 143460
3 163287
3 71874
3 34623
3 101808
3 90639
3 108036
3 116325
3 97164
3 138303
3 83862
3 86229
3 169470
3 71595
3 140985
3 57609
3 23517
3 128466
3 95112
3 77337
3 115020
3 69624
3 123183
3 75663
3 48123
3 38763
3 80766
3 135846
3 54324
3 35397
3 92367
3 100530
3 45225
3 61605
3 98694
3 99999
3 80343
3 81603
3 38439
3 63513
3 104013
3 103221
3 70668
3 145593
3 77373
3 128214
3 82512
3 123435
3 77913
3 115092
3 151371
3 133542
3 73512
3 84861
3 124137
3 69489
3 100602
3 76113
3 97929
3 110403
3 48078
3 56619
3 19395
3 63468
3 60075
3 92412
3 79884
3 119682
3 57213
3 193149
3 79542
3 46233
3 190404
3 99864
3 74295
3 64611
3 55557
3 115182
3 97299
3 75987
3 88767
3 120420
3 56907
3 55071
3 93042
3 105894
3 84069
3 55710
3 88605
3 151209
3 175050
3 103221
3 75996
3 57960
3 76104
3 148032
3 98433
3 46872
3 185670
3 166050
3 26703
3 85410
3 68130
3 83916
3 55836
3 150417
3 52893
3 79038
3 92349
3 207846
3 118674
3 39609
3 84096
3 92529
3 110457
3 99864
3 106722
3 139239
3 84798
3 84231
3 50679
3 59454
3 159606
3 121086
3 87489
3 58896
3 37701
3 173646
3 95166
3 106065
3 96246
3 39267
3 119538
3 47412
3 63063
3 153594
3 63495
3 70812
3 93780
3 93672
3 30051
3 68148
3 48753
3 98271
3 89343
3 50562
3 63513
3 155493
3 92178
3 122409
3 154611
3 70749
3 101331
3 52524
3 99936
3 95058
3 27819
3 84393
3 86643
3 70749
3 102249
3 70740
3 155115
3 73134
3 45999
3 70758
3 70749
3 84825
3 104211
3 38754
3 86778
3 112302
3 169254
3 52173
3 42300
3 48042
3 56367
3 156069
3 76527
3 121824
3 120870
3 60219
3 42138
3 134055
3 61443
3 109638
3 155871
3 60111
3 99882
3 35217
3 92511
3 132372
3 29322
3 93672
3 55341
3 60228
3 70749
3 105840
3 120357
3 158004
3 97929
3 86112
3 71793
3 150327
3 113211
3 37170
3 158985
3 83007
3 121149
3 143775
3 58518
3 59148
3 80361
3 127719
3 82809
3 158949
3 96786
3 96498
3 64881
3 92421
3 132813
3 128259
3 67230
3 123210
3 69948
3 157032
3 201024
3 97263
3 141255
3 132966
3 94203
3 40095
3 143091
3 70929
3 136044
3 93348
3 136188
3 110169
3 66888
3 70740
3 113553
3 110169
3 72720
3 139464
3 68499
3 67455
3 79911
3 166878
3 92997
3 64575
3 119286
3 103644
3 109062
3 41400
3 86967
3 79830
3 72117
3 31509
3 130626
3 56799
3 84141
3 132120
3 89541
3 107262
3 82602
3 70101
3 160029
3 81612
3 37341
3 140346
3 153549
3 84627
3 102024
3 95823
3 83052
3 51084
3 61470
3 103221
3 92646
3 77040
3 110502
3 183447
3 81657
3 65439
3 48501
3 139779
3 74007
3 117801
3 54801
3 59058
3 35379
3 85896
3 141255
3 42084
3 157608
3 29583
3 61281
3 55026
3 92367
3 89496
3 86715
3 109035
3 91377
3 83025
3 67671
3 130806
3 134757
3 55746
3 151083
3 110034
3 75429
3 70101
3 98181
3 123120
3 86832
3 34911
3 92493
3 61668
3 61200
3 109107
3 66618
3 103338
3 89838
3 13167
3 102996
3 86184
3 161613
3 115938
3 53613
3 82566
3 92358
3 138744
3 59688
3 103923
3 90162
3 42147
3 126801
3 55710
3 136494
3 78174
3 109143
3 102978
3 102996
3 153882
3 97776
3 76329
3 81657
3 30312
3 130977
3 18432
3 129672
3 92943
3 123174
3 103734
3 45477
3 144261
3 78147
3 151164
3 68004
3 65664
3 109557
3 80973
3 116010
3 27252
3 141597
3 83727
3 75006
3 108900
3 76554
3 58887
3 97668
3 56322
3 76464
3 81603
3 167868
3 47304
3 82611
3 143037
3 34173
3 98856
3 101889
3 31572
3 84465
3 83061
3 129447
3 41724
3 74979
3 92826
3 70002
3 113706
3 96651
3 104715
3 42489
3 47907
3 178272
3 85833
3 91215
3 106992
3 92367
3 66240
3 111933
3 47457
3 103743
3 207585
3 46080
3 161685
3 108549
3 71109
3 35361
3 120591
3 107397
3 160389
3 128475
3 128799
3 92376
3 101889
3 128268
3 76203
3 86742
3 123066
3 88011
3 62613
3 43551
3 64764
3 77328
3 105390
3 163971
3 153621
3 47574
3 84690
3 75996
3 61263
3 92367
3 136656
3 119538
3 136197
3 59139
3 48825
3 139221
3 79605
3 91980
3 64386
3 83664
3 127368
3 82530
3 97209
3 107028
3 85446
3 177696
3 73818
3 43659
3 104733
3 117675
3 85356
3 48195
3 71046
3 74628
3 93699
3 72675
3 146430
3 91485
3 34722
3 58275
3 107235
3 120564
3 176418
3 56898
3 89325
3 127638
3 80163
3 128907
3 61587
3 61920
3 131535
3 122256
3 59427
3 61821
3 21168
3 65223
3 158670
3 67194
3 128484
3 92421
3 75240
3 119511
3 94464
3 133209
3 52173
3 68247
3 145809
3 77931
3 131283
3 166986
3 131004
3 39672
3 107982
3 110970
3 99540
3 115173
3 70695
3 79830
3 128898
3 82665
3 127305
3 39564
3 150390
3 151542
3 76536
3 152343
3 130923
3 102843
3 141318
3 21294
3 62514
3 72396
3 58275
3 77040
3 93645
3 50580
3 163377
3 139239
3 127458
3 87588
3 78156
3 85374
3 45513
3 114426
3 116289
3 71100
3 47817
3 67437
3 96462
3 155673
3 120465
3 73863
3 84123
3 45153
3 99036
3 58275
3 58257
3 31473
3 64836
3 53424
3 62199
3 144072
3 43614
3 102888
3 65151
3 82665
3 47880
3 182430
3 76671
3 119511
3 86247
3 135279
3 45891
3 44172
3 53343
3 140166
3 128493
3 109089
3 110826
3 153864
3 23481
3 84330
3 106542
3 111564
3 69642
3 76086
3 149589
3 128430
3 53379
3 57303
3 87417
3 61785
3 147933
3 157266
3 76068
3 155889
3 71091
3 102564
3 133029
3 69462
3 70254
3 119682
3 123192
3 127980
3 138978
3 42156
3 83223
3 34353
3 85887
3 103293
3 30555
3 142092
3 49995
3 76086
3 140481
3 42300
3 69228
3 61218
3 34641
3 95103
3 103014
3 127476
3 19179
3 130464
3 140715
3 116064
3 117090
3 97821
3 113013
3 63234
3 64899
3 106533
3 186822
3 91629
3 101898
3 127827
3 123390
3 77391
3 42138
3 97110
3 34254
3 121689
3 56826
3 83070
3 138312
3 91818
3 122634
3 86337
3 73170
3 75645
3 37152
3 156519
3 86490
3 88362
3 79659
3 106470
3 44199
3 182178
3 131535
3 77373
3 59328
3 103698
3 123597
3 81477
3 67338
3 155736
3 73323
3 156708
3 70731
3 45468
3 56844
3 119943
3 60399
3 63000
3 111276
3 65601
3 103860
3 74025
3 120465
3 119970
3 84348
3 55557
3 91611
3 62955
3 51687
3 110943
3 80370
3 139266
3 115650
3 147438
3 44865
3 85383
3 129303
3 86166
3 50904
3 146817
3 148239
3 129825
3 48690
3 69642
3 103959
3 19197
3 71352
3 53244
3 154044
3 67374
3 122292
3 47493
3 37755
3 48915
3 49293
3 61920
3 134649
3 70803
3 144423
3 70740
3 83889
3 101853
3 142047
3 28692
3 61911
3 54333
3 77391
3 62496
3 98136
3 113517
3 37701
3 66024
3 84339
3 61425
3 92358
3 134028
3 59571
3 133200
3 193545
3 82548
3 29448
3 61857
3 29376
3 82845
3 62505
3 128925
3 78102
3 43938
3 114012
3 77319
3 77040
3 99936
3 186282
3 62604
3 115668
3 80766
3 98181
3 97713
3 67248
3 86634
3 153270
3 165168
3 46971
3 89613
3 158958
3 153648
3 72999
3 182088
3 72729
3 165303
3 62505
3 60471
3 76185
3 85176
3 166275
3 167886
3 48051
3 75051
3 56115
3 80973
3 80577
3 134775
3 84501
3 157797
3 70695
3 118233
3 148833
3 89433
3 61434
3 69633
3 128250
3 115587
3 185967
3 132381
3 124110
3 112509
3 61740
3 188892
3 118629
3 128484
3 146763
3 162702
3 134919
3 133425
3 83502
3 106110
3 24660
3 80001
3 102987
3 64737
3 115056
3 52272
3 130734
3 74484
3 38700
3 135711
3 46971
3 61317
3 91287
3 78930
3 96255
3 142047
3 109098
3 22392
3 107253
3 102978
3 109620
3 61974
3 50922
3 140022
3 102123
3 93591
3 86337
3 79992
3 76077
3 114498
3 144216
3 58131
3 106533
3 47475
3 92367
3 116496
3 60525
3 119340
3 60561
3 96282
3 106551
3 179577
3 155601
3 132354
3 90486
3 92538
3 76842
3 106119
3 60930
3 116001
3 80343
3 83016
3 66015
3 38529
3 77031
3 95868
3 76167
3 67842
3 166851
3 70893
3 140328
3 46584
3 73017
3 106542
3 77319
3 54828
3 95526
3 46215
3 72945
3 158940
3 97290
3 95319
3 107181
3 84564
3 96831
3 93645
3 92403
3 50616
3 142164
3 107262
3 119349
3 80991
3 94014
3 140841
3 114840
3 169182
3 87255
3 88200
3 181845
3 114480
3 181206
3 130734
3 48249
3 63495
3 84168
3 60435
3 55080
3 71190
3 72279
3 65115
3 109422
3 142344
3 161307
3 76806
3 46602
3 38088
3 47880
3 48204
3 51768
3 63513
3 97713
3 83070
3 168966
3 110916
3 69552
3 115200
3 82638
3 70677
3 107055
3 136089
3 52101
3 69633
3 127386
3 78129
3 58329
3 50877
3 169218
3 49698
3 85374
3 38079
3 100755
3 73881
3 122643
3 107865
3 180846
3 127233
3 103644
3 49626
3 64071
3 91179
3 34182
3 154053
3 95130
3 113004
3 134775
3 218979
3 127962
3 76113
3 131229
3 70740
3 150993
3 81531
3 157842
3 105939
3 118359
3 192735
3 39600
3 209106
3 112176
3 99162
3 83709
3 108063
3 110394
3 181278
3 39807
3 35370
3 106533
3 108036
3 105777
3 140112
3 113049
3 123543
3 102195
3 80982
3 35730
3 24894
3 97893
3 115011
3 112446
3 112770
3 62523
3 66726
3 113121
3 112572
3 127476
3 93654
3 51561
3 122346
3 112527
3 104211
3 81675
3 143181
3 62235
3 97146
3 55422
3 105336
3 112698
3 105462
3 114003
3 74736
3 58482
3 80757
3 74952
3 99261
3 81603
3 83934
3 75033
3 88191
3 86301
3 90342
3 72936
3 60939
3 76113
3 67365
3 120825
3 92322
3 108054
3 109539
3 44604
3 86373
3 123354
3 39807
3 60543
3 57330
3 81621
3 53469
3 55314
3 80640
3 82017
3 164196
3 68256
3 109854
3 93681
3 32130
3 130356
3 79074
3 72774
3 63027
3 161280
3 92088
3 50652
3 56547
3 84681
3 121158
3 76095
3 58896
3 74700
3 111411
3 69939
3 161235
3 119529
3 88272
3 73791
3 66780
3 111087
3 104697
3 143415
3 131562
3 62487
3 123426
3 102870
3 127971
3 77373
3 60048
3 150768
3 155772
3 110115
3 86166
3 60030
3 66807
3 86778
3 159768
3 108522
3 14355
3 89460
3 127521
3 136152
3 83043
3 43191
3 118404
3 123192
3 150858
3 54846
3 38439
3 97299
3 154368
3 109584
3 105921
3 112572
3 126855
3 110133
3 71640
3 76923
3 37071
3 62883
3 81603
3 50724
3 150147
3 88146
3 153576
3 154431
3 110106
3 121536
3 77535
3 76527
3 139842
3 60228
3 96390
3 152568
3 76302
3 83034
3 66924
3 60138
3 107280
3 96255
3 93852
3 144216
3 86346
3 45513
3 87273
3 41400
3 133272
3 71838
3 156231
3 95040
3 125793
3 41058
3 93681
3 84087
3 214875
3 91017
3 158139
3 52029
3 29052
3 141030
3 96264
3 65871
3 85392
3 47916
3 42705
3 98496
3 164070
3 72558
3 71775
3 74079
3 29295
3 119511
3 120834
3 139284
3 101574
3 153216
3 111933
3 88407
3 43650
3 54225
3 100719
3 86904
3 86166
3 105030
3 106497
3 48762
3 119673
3 64332
3 138762
3 111807
3 128916
3 61758
3 124641
3 129150
3 136197
3 109917
3 161064
3 20214
3 58392
3 100683
3 117018
3 71298
3 127656
3 92286
3 160308
3 105462
3 81018
3 76131
3 48195
3 134829
3 106983
3 115686
3 64926
3 170640
3 64611
3 41391
3 30465
3 57114
3 96174
3 144540
3 86211
3 42147
3 61956
3 122301
3 138762
3 119547
3 138276
3 104076
3 59076
3 81576
3 58293
3 78957
3 106785
3 15741
3 64377
3 146295
3 76086
3 172827
3 112545
3 134748
3 83934
3 38763
3 82602
3 145422
3 74079
3 124020
3 37197
3 33669
3 52254
3 47862
3 111096
3 82980
3 141822
3 148779
3 85293
3 87273
3 77895
3 84807
3 55116
3 111825
3 146754
3 103230
3 93024
3 74970
3 67878
3 92484
3 87282
3 62289
3 68067
3 68823
3 61515
3 146763
3 113985
3 101547
3 97902
3 71109
3 92394
3 134982
3 97299
3 134397
3 87435
3 130113
3 85887
3 114345
3 155628
3 120150
3 110178
3 111096
3 208791
3 115191
3 128511
3 100143
3 103311
3 66834
3 156708
3 105390
3 105831
3 36756
3 57960
3 69606
3 43641
3 63468
3 59580
3 81036
3 147933
3 146169
3 86112
3 123147
3 115038
3 115200
3 166833
3 107298
3 57609
3 61587
3 29574
3 92799
3 118512
3 83043
3 121131
3 48015
3 57726
3 149571
3 127980
3 95067
3 75033
3 110160
3 82548
3 148968
3 96462
3 71082
3 64638
3 68805
3 74529
3 85374
3 64890
3 77868
3 54666
3 106092
3 92412
3 62523
3 114129
3 73863
3 77463
3 36621
3 96255
3 118341
3 105993
3 119727
3 48339
3 120888
3 141345
3 62154
3 106542
3 105840
3 83232
3 62550
3 119331
3 34398
3 67347
3 130563
3 92358
3 80982
3 70101
3 50922
3 118134
3 145395
3 171108
3 91350
3 78282
3 115893
3 108126
3 82026
3 87264
3 122760
3 42165
3 62946
3 27306
3 85887
3 59562
3 143649
3 64737
3 143181
3 118350
3 44586
3 121761
3 142974
3 140886
3 94635
3 111114
3 114201
3 145458
3 71127
3 133434
3 95382
3 45243
3 61209
3 115650
3 96282
3 159228
3 120105
3 99027
3 127305
3 153261
3 99999
3 80379
3 39582
3 176445
3 31833
3 76086
3 175212
3 27414
3 111870
3 122013
3 83403
3 93051
3 78129
3 118080
3 103347
3 76806
3 42291
3 128205
3 155754
3 67131
3 42264
3 42120
3 117198
3 70686
3 37197
3 101322
3 72261
3 58374
3 136143
3 136170
3 77967
3 131364
3 122256
3 111042
3 76176
3 61389
3 58374
3 130968
3 102474
3 114345
3 90630
3 91431
3 42039
3 66879
3 148878
3 154017
3 106641
3 43308
3 109107
3 75726
3 104040
3 61128
3 88092
3 47619
3 52947
3 148716
3 162657
3 76095
3 96552
3 155781
3 54855
3 59112
3 83709
3 79479
3 153648
3 89883
3 98226
3 140652
3 49428
3 70245
3 72666
3 48195
3 70290
3 73998
3 76230
3 70803
3 58581
3 154368
3 165681
3 133497
3 117747
3 50652
3 116649
3 148644
3 222192
3 157428
3 67716
3 42678
3 61173
3 99630
3 185283
3 113400
3 62037
3 91242
3 44811
3 124182
3 148050
3 121779
3 75537
3 58455
3 118278
3 130680
3 56826
3 148023
3 42480
3 78831
3 81603
3 183717
3 144711
3 125658
3 153585
3 148320
3 32823
3 63063
3 103716
3 133758
3 81738
3 61839
3 105912
3 83871
3 118404
3 165447
3 128331
3 152451
3 91368
3 40581
3 92394
3 88029
3 71136
3 92367
3 91215
3 125739
3 85716
3 96291
3 97857
3 68472
3 68265
3 230787
3 53397
3 83556
3 152505
3 48708
3 45180
3 97263
3 115920
3 132084
3 220968
3 64836
3 53172
3 182034
3 95085
3 48168
3 106047
3 128439
3 150723
3 124074
3 49671
3 138591
3 80703
3 71271
3 95625
3 92349
3 84096
3 60021
3 98289
3 124200
3 80973
3 103635
3 134775
3 56466
3 83034
3 174609
3 42237
3 127071
3 165384
3 47286
3 110862
3 52488
3 133191
3 76176
3 103950
3 40032
3 94365
3 136800
3 77877
3 42111
3 64359
3 130761
3 116190
3 95076
3 24723
3 108540
3 174735
3 80559
3 64836
3 45531
3 45477
3 85923
3 69579
3 121770
3 116316
3 70470
3 88146
3 138546
3 155637
3 108036
3 62622
3 62892
3 65160
3 73863
3 82971
3 74961
3 64782
3 130356
3 153045
3 151605
3 73539
3 58851
3 30285
3 87714
3 23139
3 65160
3 147357
3 142164
3 126657
3 78831
3 84816
3 115461
3 141291
3 76176
3 24939
3 92529
3 112797
3 117801
3 146844
3 91305
3 93762
3 99000
3 127008
3 69606
3 43047
3 48258
3 108765
3 84519
3 34038
3 54468
3 71532
3 64188
3 132183
3 47331
3 122346
3 84807
3 46584
3 103680
3 79857
3 95040
3 103725
3 73881
3 55305
3 103761
3 116532
3 92376
3 118089
3 190458
3 71397
3 155655
3 155988
3 131112
3 113004
3 64431
3 109098
3 84717
3 68220
3 72792
3 73890
3 81000
3 35100
3 128898
3 160893
3 44217
3 82008
3 35073
3 60282
3 193257
3 74493
3 128916
3 56925
3 85284
3 28620
3 159264
3 127962
3 70749
3 68247
3 105453
3 99873
3 53316
3 42552
3 61596
3 21150
3 75735
3 133083
3 92376
3 81387
3 45171
3 83070
3 61290
3 101511
3 81189
3 118278
3 181260
3 159759
3 105777
3 146880
3 135261
3 78183
3 95112
3 75654
3 111024
3 56484
3 48231
3 82584
3 131364
3 50607
3 88155
3 62622
3 35082
3 83907
3 103698
3 86679
3 124326
3 67833
3 111870
3 162279
3 78381
3 73251
3 92781
3 112995
3 98964
3 54036
3 129663
3 66096
3 142209
3 196245
3 116802
3 80676
3 116397
3 67158
3 54855
3 115938
3 57051
3 138663
3 88173
3 115182
3 60354
3 104715
3 178731
3 119682
3 81990
3 64377
3 92412
3 79785
3 102744
3 84870
3 89523
3 61587
3 51012
3 112176
3 106083
3 65034
3 106434
3 50013
3 113292
3 29367
3 127890
3 122256
3 97281
3 66366
3 119007
3 186426
3 207594
3 120573
3 113427
3 48591
3 62046
3 30303
3 93969
3 79983
3 64134
3 103716
3 139221
3 127296
3 97119
3 92367
3 99936
3 107055
3 158094
3 106092
3 38898
3 77292
3 12330
3 111051
3 118260
3 169209
3 70236
3 102933
3 50616
3 76059
3 103122
3 93186
3 81612
3 70794
3 142434
3 97146
3 86733
3 50661
3 113508
3 111042
3 174267
3 130986
3 153585
3 73872
3 87282
3 103374
3 138411
3 104229
3 135027
3 56808
3 119565
3 92358
3 73845
3 134775
3 142101
3 94770
3 36027
3 155997
3 110925
3 79830
3 106713
3 116460
3 37197
3 89199
3 155754
3 103041
3 67419
3 34731
3 139716
3 133578
3 150948
3 42237
3 102672
3 144738
3 111231
3 89901
3 100503
3 97911
3 138600
3 86634
3 113832
3 108126
3 207765
3 135954
3 76068
3 144423
3 74376
3 78093
3 61821
3 110754
3 97893
3 83475
3 168813
3 187740
3 136125
3 114516
3 177696
3 103914
3 106038
3 149778
3 97668
3 80370
3 122670
3 106074
3 47358
3 132318
3 101754
3 46584
3 145305
3 114273
3 90612
3 43713
3 134280
3 111285
3 122076
3 96471
3 59427
3 139491
3 90441
3 153999
3 71289
3 68103
3 72693
3 96246
3 52884
3 119115
3 101862
3 66906
3 101808
3 50661
3 96399
3 55071
3 83718
3 76212
3 102537
3 96633
3 59589
3 159552
3 79749
3 113400
3 110727
3 169542
3 44892
3 101898
3 114012
3 188730
3 83754
3 45468
3 82620
3 87831
3 155016
3 53388
3 119529
3 115641
3 166500
3 122364
3 61308
3 68085
3 74988
3 105741
3 115173
3 90054
3 100485
3 111420
3 69822
3 42066
3 125946
3 64791
3 140607
3 71892
3 179568
3 48978
3 42021
3 75213
3 107190
3 131202
3 118341
3 21168
3 142209
3 134118
3 86616
3 73863
3 139995
3 139581
3 47502
3 72999
3 119619
3 130392
3 73413
3 115677
3 117747
3 67833
3 59400
3 104985
3 108153
3 29205
3 79596
3 71955
3 83565
3 43587
3 64413
3 93663
3 99927
3 58293
3 91251
3 92502
3 128889
3 47862
3 43884
3 162261
3 105372
3 37044
3 106533
3 69237
3 110916
3 173592
3 113184
3 111951
3 75663
3 124110
3 131337
3 93339
3 157590
3 102942
3 32769
3 130419
3 140859
3 134046
3 185598
3 59337
3 83970
3 126954
3 186525
3 78849
3 83052
3 96210
3 134100
3 73971
3 69444
3 91251
3 79470
3 97092
3 53982
3 82143
3 68814
3 156240
3 106074
3 83880
3 153630
3 72468
3 69669
3 136143
3 122940
3 74745
3 111546
3 189738
3 47898
3 107433
3 62991
3 83646
3 96363
3 67437
3 54225
3 145413
3 93222
3 96732
3 95076
3 83034
3 128322
3 66825
3 130806
3 97110
3 115650
3 37719
3 151416
3 59616
3 119403
3 125946
3 105822
3 37062
3 63531
3 72567
3 72936
3 23553
3 127458
3 48573
3 100503
3 128223
3 123957
3 117810
3 106092
3 73494
3 85590
3 115992
3 106443
3 46395
3 37053
3 32301
3 120123
3 128484
3 72081
3 104697
3 52254
3 34866
3 39330
3 114453
3 36738
3 55539
3 140670
3 28773
3 84942
3 47295
3 77985
3 120564
3 92502
3 169137
3 59481
3 121500
3 91350
3 119520
3 103869
3 34677
3 85194
3 111042
3 86643
3 106056
3 168930
3 60255
3 56817
3 146277
3 131535
3 70884
3 24975
3 128223
3 91296
3 79929
3 150462
3 115902
3 112122
3 111546
3 64809
3 136512
3 114021
3 70677
3 169470
3 71874
3 123147
3 72819
3 127476
3 59904
3 114264
3 46782
3 89289
3 84564
3 78813
3 122535
3 84321
3 141507
3 42120
3 40536
3 54180
3 96237
3 155709
3 113013
3 58905
3 65196
3 182088
3 127512
3 86166
3 83718
3 46602
3 136440
3 66240
3 131688
3 106038
3 119340
3 83763
3 31329
3 67050
3 75645
3 77931
3 133803
3 111573
3 103860
3 110106
3 36099
3 87048
3 59427
3 20268
3 61425
3 93249
3 79380
3 87696
3 61200
3 146853
3 61839
3 61200
3 47385
3 144765
3 76203
3 85869
3 49365
3 139500
3 57339
3 131013
3 134820
3 148455
3 83565
3 142182
3 93663
3 127458
3 122616
3 105588
3 79911
3 120375
3 40311
3 128457
3 114057
3 126756
3 154161
3 141300
3 35352
3 89343
3 109620
3 120510
3 59085
3 35100
3 192582
3 133506
3 112752
3 123480
3 41400
3 98739
3 130374
3 81009
3 57213
3 82998
3 76149
3 38070
3 137592
3 69453
3 83934
3 111627
3 86733
3 119331
3 100521
3 97326
3 122274
3 147240
3 85365
3 83871
3 145800
3 63495
3 36576
3 81315
3 34632
3 71082
3 50886
3 88695
3 161802
3 82620
3 66204
3 138996
3 128205
3 90693
3 52326
3 118377
3 77409
3 73755
3 153306
3 110763
3 61677
3 158967
3 140670
3 82008
3 50616
3 157392
3 120879
3 92385
3 113265
3 136197
3 35901
3 55287
3 119691
3 86616
3 87246
3 93042
3 43560
3 97290
3 55233
3 119529
3 111033
3 61047
3 98550
3 102105
3 91224
3 62199
3 19206
3 70758
3 155853
3 123111
3 81675
3 93195
3 26469
3 62874
3 78138
3 184509
3 195435
3 61182
3 101772
3 112968
3 157995
3 130428
3 66879
3 46062
3 42714
3 120933
3 127467
3 63504
3 44361
3 139275
3 99288
3 136305
3 73431
3 81603
3 133677
3 102357
3 131562
3 42147
3 90324
3 128241
3 69984
3 71073
3 119538
3 64836
3 94248
3 149319
3 110880
3 122004
3 135747
3 146781
3 73872
3 140679
3 135711
3 119097
3 182610
3 70740
3 89451
3 32805
3 129789
3 78129
3 68148
3 81594
3 111447
3 92502
3 61812
3 69687
3 42696
3 81603
3 77913
3 86346
3 103914
3 51732
3 123192
3 56466
3 103023
3 95346
3 74880
3 142524
3 154188
3 90630
3 136773
3 80388
3 70263
3 140931
3 92385
3 141516
3 56835
3 119520
3 172467
3 72756
3 111375
3 120870
3 123003
3 62595
3 103905
3 169875
3 80334
3 91368
3 111420
3 33057
3 144342
3 108081
3 65844
3 123075
3 155871
3 107271
3 47448
3 91350
3 75159
3 36981
3 92034
3 80973
3 128250
3 66888
3 165195
3 139248
3 54054
3 79866
3 29601
3 79596
3 71109
3 58536
3 61659
3 101916
3 135918
3 31941
3 40320
3 121824
3 111924
3 139509
3 132354
3 127197
3 158472
3 136575
3 75816
3 149364
3 86220
3 95310
3 97551
3 52290
3 45486
3 47880
3 52146
3 119808
3 73899
3 212868
3 123876
3 54387
3 136332
3 95031
3 76671
3 46431
3 131364
3 84357
3 94383
3 110214
3 47223
3 119322
3 111834
3 155880
3 49320
3 81117
3 38853
3 61344
3 48744
3 136161
3 84312
3 100467
3 203697
3 46692
3 103734
3 76149
3 140859
3 162279
3 121734
3 153288
3 169155
3 36585
3 111321
3 113643
3 106974
3 102483
3 105363
3 66510
3 73890
3 114813
3 171783
3 101511
3 130815
3 156276
3 161811
3 120978
3 174303
3 81864
3 91809
3 86670
3 57330
3 87435
3 109026
3 82188
3 80325
3 64134
3 105966
3 80721
3 188379
3 81891
3 80757
3 58878
3 38466
3 52236
3 82881
3 70101
3 93996
3 179019
3 147375
3 121725
3 92403
3 67167
3 53415
3 23589
3 96246
3 84510
3 60984
3 160596
3 118962
3 83943
3 110214
3 110637
3 40455
3 139212
3 77976
3 78219
3 115164
3 108873
3 118341
3 56889
3 51912
3 105381
3 133524
3 77346
3 132129
3 84690
3 86652
3 46035
3 168174
3 110358
3 187722
3 108522
3 21330
3 118116
3 133659
3 61272
3 44649
3 82548
3 30681
3 117333
3 86130
3 115200
3 129528
3 47124
3 146799
3 143523
3 115461
3 55422
3 182493
3 119520
3 90162
3 164349
3 113193
3 76104
3 67437
3 172818
3 39141
3 143190
3 95868
3 99918
3 128448
3 117783
3 61425
3 120573
3 65385
3 147933
3 58914
3 49554
3 90135
3 84195
3 145350
3 89433
3 57915
3 85392
3 87462
3 71613
3 104760
3 93654
3 169101
3 54666
3 93753
3 111114
3 85383
3 99864
3 89190
3 140877
3 80037
3 56331
3 114417
3 87561
3 109557
3 87093
3 45234
3 59058
3 97155
3 110214
3 191862
3 54198
3 131805
3 17694
3 127422
3 113382
3 100728
3 71154
3 122067
3 92376
3 151425
3 104742
3 81801
3 79992
3 42273
3 102078
3 142794
3 44631
3 86580
3 37710
3 111303
3 55089
3 106515
3 83907
3 79848
3 116055
3 180405
3 127935
3 140985
3 83052
3 98001
3 123345
3 136215
3 50220
3 158427
3 52470
3 47223
3 150390
3 55098
3 106920
3 73647
3 81000
3 92565
3 43632
3 45099
3 161406
3 76680
3 142902
3 140391
3 107550
3 58878
3 78957
3 31572
3 32076
3 91314
3 20385
3 92475
3 116460
3 62217
3 99954
3 43227
3 102501
3 106038
3 65403
3 80559
3 89505
3 103806
3 207621
3 135477
3 67275
3 76176
3 79488
3 56331
3 124353
3 55530
3 166104
3 56151
3 114210
3 68805
3 32382
3 68130
3 57843
3 42291
3 115920
3 103302
3 100062
3 50661
3 50247
3 128421
3 80397
3 109584
3 144549
3 52263
3 83916
3 86616
3 103050
3 72423
3 135891
3 127467
3 63531
3 134874
3 108783
3 93861
3 95418
3 190485
3 73854
3 156015
3 104454
3 85239
3 96273
3 112545
3 77670
3 107082
3 89433
3 123093
3 168966
3 68238
3 74745
3 109134
3 18810
3 127395
3 37044
3 135459
3 111816
3 79938
3 83439
3 142398
3 91809
3 185697
3 42066
3 93663
3 110763
3 131157
3 69480
3 39015
3 103752
3 168138
3 34218
3 96273
3 165015
3 123210
3 76122
3 81990
3 45297
3 140247
3 94824
3 80541
3 54657
3 172476
3 86994
3 57384
3 61038
3 50625
3 113400
3 146763
3 105534
3 192375
3 120447
3 76653
3 35307
3 131292
3 86355
3 59751
3 175752
3 68013
3 87264
3 77382
3 86616
3 101340
3 116397
3 79857
3 128214
3 75654
3 56133
3 133542
3 84555
3 133425
3 176445
3 46953
3 61596
3 64377
3 107784
3 137979
3 90198
3 82971
3 85878
3 166887
3 76068
3 144576
3 177714
3 92421
3 75663
3 128493
3 74448
3 108909
3 70254
3 123768
3 107271
3 45495
3 110439
3 150993
3 85896
3 124389
3 111735
3 45477
3 56844
3 45144
3 58176
3 110592
3 60075
3 97245
3 122202
3 43632
3 67329
3 49446
3 45279
3 143397
3 86913
3 67662
3 85950
3 92421
3 55278
3 128880
3 128250
3 83790
3 140697
3 66915
3 142173
3 82170
3 67140
3 86607
3 68238
3 161253
3 150165
3 77499
3 45486
3 28575
3 153666
3 78723
3 55530
3 86337
3 81252
3 52227
3 84501
3 132372
3 113337
3 60273
