2 0.983
2.1 0.98072
2.2 0.97844
2.3 0.97616
2.4 0.97388
2.5 0.9716
2.6 0.96932
2.7 0.96704
2.8 0.96476
2.9 0.96248
3 0.9602
3.1 0.9579
3.2 0.9556
3.3 0.9533
3.4 0.951
3.5 0.9487
3.6 0.9464
3.7 0.9441
3.8 0.9418
3.9 0.9395
4 0.9372
4.1 0.93204
4.2 0.92688
4.3 0.92172
4.4 0.91656
4.5 0.9114
4.6 0.90624
4.7 0.90108
4.8 0.89592
4.9 0.89076
5 0.8856
5.1 0.87984
5.2 0.87408
5.3 0.86832
5.4 0.86256
5.5 0.8568
5.6 0.85104
5.7 0.84528
5.8 0.83952
5.9 0.83376
6 0.828
6.1 0.82012
6.2 0.81224
6.3 0.80436
6.4 0.79648
6.5 0.7886
6.6 0.78072
6.7 0.77284
6.8 0.76496
6.9 0.75708
7 0.7492
7.1 0.7404
7.2 0.7316
7.3 0.7228
7.4 0.714
7.5 0.7052
7.6 0.6964
7.7 0.6876
7.8 0.6788
7.9 0.67
8 0.6612
8.1 0.64904
8.2 0.63688
8.3 0.62472
8.4 0.61256
8.5 0.6004
8.6 0.58824
8.7 0.57608
8.8 0.56392
8.9 0.55176
9 0.5396
9.1 0.52856
9.2 0.51752
9.3 0.50648
9.4 0.49544
9.5 0.4844
9.6 0.47336
9.7 0.46232
9.8 0.45128
9.9 0.44024
10 0.4292
10.1 0.41812
10.2 0.40704
10.3 0.39596
10.4 0.38488
10.5 0.3738
10.6 0.36272
10.7 0.35164
10.8 0.34056
10.9 0.32948
11 0.3184
11.1 0.30782
11.2 0.29724
11.3 0.28666
11.4 0.27608
11.5 0.2655
11.6 0.25492
11.7 0.24434
11.8 0.23376
11.9 0.22318
12 0.2126
12.1 0.20596
12.2 0.19932
12.3 0.19268
12.4 0.18604
12.5 0.1794
12.6 0.17276
12.7 0.16612
12.8 0.15948
12.9 0.15284
13 0.1462
13.1 0.14128
13.2 0.13636
13.3 0.13144
13.4 0.12652
13.5 0.1216
13.6 0.11668
13.7 0.11176
13.8 0.10684
13.9 0.10192
14 0.097
14.1 0.09264
14.2 0.08828
14.3 0.08392
14.4 0.07956
14.5 0.0752
14.6 0.07084
14.7 0.06648
14.8 0.06212
14.9 0.05776
15 0.0534
15.1 0.05084
15.2 0.04828
15.3 0.04572
15.4 0.04316
15.5 0.0406
15.6 0.03804
15.7 0.03548
15.8 0.03292
15.9 0.03036
16 0.0278
16.1 0.02612
16.2 0.02444
16.3 0.02276
16.4 0.02108
16.5 0.0194
16.6 0.01772
16.7 0.01604
16.8 0.01436
16.9 0.01268
17 0.011
17.1 0.01046
17.2 0.00992
17.3 0.00938
17.4 0.00884
17.5 0.0083
17.6 0.00776
17.7 0.00722
17.8 0.00668
17.9 0.00614
18 0.0056
18.1 0.00538
18.2 0.00516
18.3 0.00494
18.4 0.00472
18.5 0.0045
18.6 0.00428
18.7 0.00406
18.8 0.00384
18.9 0.00362
19 0.0034
19.1 0.00322
19.2 0.00304
19.3 0.00286
19.4 0.00268
19.5 0.0025
19.6 0.00232
19.7 0.00214
19.8 0.00196
19.9 0.00178
20 0.0016
20.1 0.00154
20.2 0.00148
20.3 0.00142
20.4 0.00136
20.5 0.0013
20.6 0.00124
20.7 0.00118
20.8 0.00112
20.9 0.00106
21 0.001
21.1 0.0009
21.2 0.0008
21.3 0.0007
21.4 0.0006
21.5 0.0005
21.6 0.0004
21.7 0.0003
21.8 0.0002
21.9 0.0001
22 0
22.1 0
22.2 0
22.3 0
22.4 0
22.5 0
22.6 0
22.7 0
22.8 0
22.9 0
23 0
23.1 0
23.2 0
23.3 0
23.4 0
23.5 0
23.6 0
23.7 0
23.8 0
23.9 0
24 0
24.1 0
24.2 0
24.3 0
24.4 0
24.5 0
24.6 0
24.7 0
24.8 0
24.9 0
25 0
25.1 0
25.2 0
25.3 0
25.4 0
25.5 0
25.6 0
25.7 0
25.8 0
25.9 0
26 0
26.1 0
26.2 0
26.3 0
26.4 0
26.5 0
26.6 0
26.7 0
26.8 0
26.9 0
27 0
27.1 0
27.2 0
27.3 0
27.4 0
27.5 0
27.6 0
27.7 0
27.8 0
27.9 0
28 0
28.1 0
28.2 0
28.3 0
28.4 0
28.5 0
28.6 0
28.7 0
28.8 0
28.9 0
29 0
29.1 0
29.2 0
29.3 0
29.4 0
29.5 0
29.6 0
29.7 0
29.8 0
29.9 0
30 0
30.1 0
30.2 0
30.3 0
30.4 0
30.5 0
30.6 0
30.7 0
30.8 0
30.9 0
31 0
31.1 0
31.2 0
31.3 0
31.4 0
31.5 0
31.6 0
31.7 0
31.8 0
31.9 0
32 0
32.1 0
32.2 0
32.3 0
32.4 0
32.5 0
32.6 0
32.7 0
32.8 0
32.9 0
33 0
33.1 0
33.2 0
33.3 0
33.4 0
33.5 0
33.6 0
33.7 0
33.8 0
33.9 0
34 0
34.1 0
34.2 0
34.3 0
34.4 0
34.5 0
34.6 0
34.7 0
34.8 0
34.9 0
35 0
