2 1
2.1 1
2.2 1
2.3 1
2.4 1
2.5 1
2.6 1
2.7 1
2.8 1
2.9 1
3 1
3.1 0.9998
3.2 0.9996
3.3 0.9994
3.4 0.9992
3.5 0.999
3.6 0.9988
3.7 0.9986
3.8 0.9984
3.9 0.9982
4 0.998
4.1 0.9978
4.2 0.9976
4.3 0.9974
4.4 0.9972
4.5 0.997
4.6 0.9968
4.7 0.9966
4.8 0.9964
4.9 0.9962
5 0.996
5.1 0.9958
5.2 0.9956
5.3 0.9954
5.4 0.9952
5.5 0.995
5.6 0.9948
5.7 0.9946
5.8 0.9944
5.9 0.9942
6 0.994
6.1 0.992933
6.2 0.991867
6.3 0.9908
6.4 0.989733
6.5 0.988667
6.6 0.9876
6.7 0.986533
6.8 0.985467
6.9 0.9844
7 0.983333
7.1 0.982367
7.2 0.9814
7.3 0.980433
7.4 0.979467
7.5 0.9785
7.6 0.977533
7.7 0.976567
7.8 0.9756
7.9 0.974633
8 0.973667
8.1 0.971667
8.2 0.969667
8.3 0.967667
8.4 0.965667
8.5 0.963667
8.6 0.961667
8.7 0.959667
8.8 0.957667
8.9 0.955667
9 0.953667
9.1 0.9507
9.2 0.947733
9.3 0.944767
9.4 0.9418
9.5 0.938833
9.6 0.935867
9.7 0.9329
9.8 0.929933
9.9 0.926967
10 0.924
10.1 0.9199
10.2 0.9158
10.3 0.9117
10.4 0.9076
10.5 0.9035
10.6 0.8994
10.7 0.8953
10.8 0.8912
10.9 0.8871
11 0.883
11.1 0.8765
11.2 0.87
11.3 0.8635
11.4 0.857
11.5 0.8505
11.6 0.844
11.7 0.8375
11.8 0.831
11.9 0.8245
12 0.818
12.1 0.810167
12.2 0.802333
12.3 0.7945
12.4 0.786667
12.5 0.778833
12.6 0.771
12.7 0.763167
12.8 0.755333
12.9 0.7475
13 0.739667
13.1 0.731733
13.2 0.7238
13.3 0.715867
13.4 0.707933
13.5 0.7
13.6 0.692067
13.7 0.684133
13.8 0.6762
13.9 0.668267
14 0.660333
14.1 0.650233
14.2 0.640133
14.3 0.630033
14.4 0.619933
14.5 0.609833
14.6 0.599733
14.7 0.589633
14.8 0.579533
14.9 0.569433
15 0.559333
15.1 0.5488
15.2 0.538267
15.3 0.527733
15.4 0.5172
15.5 0.506667
15.6 0.496133
15.7 0.4856
15.8 0.475067
15.9 0.464533
16 0.454
16.1 0.4445
16.2 0.435
16.3 0.4255
16.4 0.416
16.5 0.4065
16.6 0.397
16.7 0.3875
16.8 0.378
16.9 0.3685
17 0.359
17.1 0.351467
17.2 0.343933
17.3 0.3364
17.4 0.328867
17.5 0.321333
17.6 0.3138
17.7 0.306267
17.8 0.298733
17.9 0.2912
18 0.283667
18.1 0.2758
18.2 0.267933
18.3 0.260067
18.4 0.2522
18.5 0.244333
18.6 0.236467
18.7 0.2286
18.8 0.220733
18.9 0.212867
19 0.205
19.1 0.198667
19.2 0.192333
19.3 0.186
19.4 0.179667
19.5 0.173333
19.6 0.167
19.7 0.160667
19.8 0.154333
19.9 0.148
20 0.141667
20.1 0.136667
20.2 0.131667
20.3 0.126667
20.4 0.121667
20.5 0.116667
20.6 0.111667
20.7 0.106667
20.8 0.101667
20.9 0.0966667
21 0.0916667
21.1 0.0881
21.2 0.0845333
21.3 0.0809667
21.4 0.0774
21.5 0.0738333
21.6 0.0702667
21.7 0.0667
21.8 0.0631333
21.9 0.0595667
22 0.056
22.1 0.0539667
22.2 0.0519333
22.3 0.0499
22.4 0.0478667
22.5 0.0458333
22.6 0.0438
22.7 0.0417667
22.8 0.0397333
22.9 0.0377
23 0.0356667
23.1 0.0338333
23.2 0.032
23.3 0.0301667
23.4 0.0283333
23.5 0.0265
23.6 0.0246667
23.7 0.0228333
23.8 0.021
23.9 0.0191667
24 0.0173333
24.1 0.0164667
24.2 0.0156
24.3 0.0147333
24.4 0.0138667
24.5 0.013
24.6 0.0121333
24.7 0.0112667
24.8 0.0104
24.9 0.00953333
25 0.00866667
25.1 0.00863333
25.2 0.0086
25.3 0.00856667
25.4 0.00853333
25.5 0.0085
25.6 0.00846667
25.7 0.00843333
25.8 0.0084
25.9 0.00836667
26 0.00833333
26.1 0.00776667
26.2 0.0072
26.3 0.00663333
26.4 0.00606667
26.5 0.0055
26.6 0.00493333
26.7 0.00436667
26.8 0.0038
26.9 0.00323333
27 0.00266667
27.1 0.00256667
27.2 0.00246667
27.3 0.00236667
27.4 0.00226667
27.5 0.00216667
27.6 0.00206667
27.7 0.00196667
27.8 0.00186667
27.9 0.00176667
28 0.00166667
28.1 0.0016
28.2 0.00153333
28.3 0.00146667
28.4 0.0014
28.5 0.00133333
28.6 0.00126667
28.7 0.0012
28.8 0.00113333
28.9 0.00106667
29 0.001
29.1 0.000933333
29.2 0.000866667
29.3 0.0008
29.4 0.000733333
29.5 0.000666667
29.6 0.0006
29.7 0.000533333
29.8 0.000466667
29.9 0.0004
30 0.000333333
30.1 0.0003
30.2 0.000266667
30.3 0.000233333
30.4 0.0002
30.5 0.000166667
30.6 0.000133333
30.7 0.0001
30.8 6.66667e-05
30.9 3.33333e-05
31 0
31.1 0
31.2 0
31.3 0
31.4 0
31.5 0
31.6 0
31.7 0
31.8 0
31.9 0
32 0
32.1 0
32.2 0
32.3 0
32.4 0
32.5 0
32.6 0
32.7 0
32.8 0
32.9 0
33 0
33.1 0
33.2 0
33.3 0
33.4 0
33.5 0
33.6 0
33.7 0
33.8 0
33.9 0
34 0
34.1 0
34.2 0
34.3 0
34.4 0
34.5 0
34.6 0
34.7 0
34.8 0
34.9 0
35 0
