6 0.9994
6.1 0.99932
6.2 0.99924
6.3 0.99916
6.4 0.99908
6.5 0.999
6.6 0.99892
6.7 0.99884
6.8 0.99876
6.9 0.99868
7 0.9986
7.1 0.99848
7.2 0.99836
7.3 0.99824
7.4 0.99812
7.5 0.998
7.6 0.99788
7.7 0.99776
7.8 0.99764
7.9 0.99752
8 0.9974
8.1 0.9971
8.2 0.9968
8.3 0.9965
8.4 0.9962
8.5 0.9959
8.6 0.9956
8.7 0.9953
8.8 0.995
8.9 0.9947
9 0.9944
9.1 0.99392
9.2 0.99344
9.3 0.99296
9.4 0.99248
9.5 0.992
9.6 0.99152
9.7 0.99104
9.8 0.99056
9.9 0.99008
10 0.9896
10.1 0.98848
10.2 0.98736
10.3 0.98624
10.4 0.98512
10.5 0.984
10.6 0.98288
10.7 0.98176
10.8 0.98064
10.9 0.97952
11 0.9784
11.1 0.97758
11.2 0.97676
11.3 0.97594
11.4 0.97512
11.5 0.9743
11.6 0.97348
11.7 0.97266
11.8 0.97184
11.9 0.97102
12 0.9702
12.1 0.96792
12.2 0.96564
12.3 0.96336
12.4 0.96108
12.5 0.9588
12.6 0.95652
12.7 0.95424
12.8 0.95196
12.9 0.94968
13 0.9474
13.1 0.94586
13.2 0.94432
13.3 0.94278
13.4 0.94124
13.5 0.9397
13.6 0.93816
13.7 0.93662
13.8 0.93508
13.9 0.93354
14 0.932
14.1 0.92792
14.2 0.92384
14.3 0.91976
14.4 0.91568
14.5 0.9116
14.6 0.90752
14.7 0.90344
14.8 0.89936
14.9 0.89528
15 0.8912
15.1 0.88686
15.2 0.88252
15.3 0.87818
15.4 0.87384
15.5 0.8695
15.6 0.86516
15.7 0.86082
15.8 0.85648
15.9 0.85214
16 0.8478
16.1 0.84318
16.2 0.83856
16.3 0.83394
16.4 0.82932
16.5 0.8247
16.6 0.82008
16.7 0.81546
16.8 0.81084
16.9 0.80622
17 0.8016
17.1 0.79528
17.2 0.78896
17.3 0.78264
17.4 0.77632
17.5 0.77
17.6 0.76368
17.7 0.75736
17.8 0.75104
17.9 0.74472
18 0.7384
18.1 0.7316
18.2 0.7248
18.3 0.718
18.4 0.7112
18.5 0.7044
18.6 0.6976
18.7 0.6908
18.8 0.684
18.9 0.6772
19 0.6704
19.1 0.66302
19.2 0.65564
19.3 0.64826
19.4 0.64088
19.5 0.6335
19.6 0.62612
19.7 0.61874
19.8 0.61136
19.9 0.60398
20 0.5966
20.1 0.5886
20.2 0.5806
20.3 0.5726
20.4 0.5646
20.5 0.5566
20.6 0.5486
20.7 0.5406
20.8 0.5326
20.9 0.5246
21 0.5166
21.1 0.51082
21.2 0.50504
21.3 0.49926
21.4 0.49348
21.5 0.4877
21.6 0.48192
21.7 0.47614
21.8 0.47036
21.9 0.46458
22 0.4588
22.1 0.45246
22.2 0.44612
22.3 0.43978
22.4 0.43344
22.5 0.4271
22.6 0.42076
22.7 0.41442
22.8 0.40808
22.9 0.40174
23 0.3954
23.1 0.38706
23.2 0.37872
23.3 0.37038
23.4 0.36204
23.5 0.3537
23.6 0.34536
23.7 0.33702
23.8 0.32868
23.9 0.32034
24 0.312
24.1 0.30666
24.2 0.30132
24.3 0.29598
24.4 0.29064
24.5 0.2853
24.6 0.27996
24.7 0.27462
24.8 0.26928
24.9 0.26394
25 0.2586
25.1 0.25232
25.2 0.24604
25.3 0.23976
25.4 0.23348
25.5 0.2272
25.6 0.22092
25.7 0.21464
25.8 0.20836
25.9 0.20208
26 0.1958
26.1 0.19166
26.2 0.18752
26.3 0.18338
26.4 0.17924
26.5 0.1751
26.6 0.17096
26.7 0.16682
26.8 0.16268
26.9 0.15854
27 0.1544
27.1 0.15056
27.2 0.14672
27.3 0.14288
27.4 0.13904
27.5 0.1352
27.6 0.13136
27.7 0.12752
27.8 0.12368
27.9 0.11984
28 0.116
28.1 0.11304
28.2 0.11008
28.3 0.10712
28.4 0.10416
28.5 0.1012
28.6 0.09824
28.7 0.09528
28.8 0.09232
28.9 0.08936
29 0.0864
29.1 0.08394
29.2 0.08148
29.3 0.07902
29.4 0.07656
29.5 0.0741
29.6 0.07164
29.7 0.06918
29.8 0.06672
29.9 0.06426
30 0.0618
30.1 0.05992
30.2 0.05804
30.3 0.05616
30.4 0.05428
30.5 0.0524
30.6 0.05052
30.7 0.04864
30.8 0.04676
30.9 0.04488
31 0.043
31.1 0.04136
31.2 0.03972
31.3 0.03808
31.4 0.03644
31.5 0.0348
31.6 0.03316
31.7 0.03152
31.8 0.02988
31.9 0.02824
32 0.0266
32.1 0.026
32.2 0.0254
32.3 0.0248
32.4 0.0242
32.5 0.0236
32.6 0.023
32.7 0.0224
32.8 0.0218
32.9 0.0212
33 0.0206
33.1 0.0198
33.2 0.019
33.3 0.0182
33.4 0.0174
33.5 0.0166
33.6 0.0158
33.7 0.015
33.8 0.0142
33.9 0.0134
34 0.0126
34.1 0.01214
34.2 0.01168
34.3 0.01122
34.4 0.01076
34.5 0.0103
34.6 0.00984
34.7 0.00938
34.8 0.00892
34.9 0.00846
35 0.008
