6 0.9968
6.1 0.9967
6.2 0.9966
6.3 0.9965
6.4 0.9964
6.5 0.9963
6.6 0.9962
6.7 0.9961
6.8 0.996
6.9 0.9959
7 0.9958
7.1 0.99542
7.2 0.99504
7.3 0.99466
7.4 0.99428
7.5 0.9939
7.6 0.99352
7.7 0.99314
7.8 0.99276
7.9 0.99238
8 0.992
8.1 0.99106
8.2 0.99012
8.3 0.98918
8.4 0.98824
8.5 0.9873
8.6 0.98636
8.7 0.98542
8.8 0.98448
8.9 0.98354
9 0.9826
9.1 0.98204
9.2 0.98148
9.3 0.98092
9.4 0.98036
9.5 0.9798
9.6 0.97924
9.7 0.97868
9.8 0.97812
9.9 0.97756
10 0.977
10.1 0.97514
10.2 0.97328
10.3 0.97142
10.4 0.96956
10.5 0.9677
10.6 0.96584
10.7 0.96398
10.8 0.96212
10.9 0.96026
11 0.9584
11.1 0.95586
11.2 0.95332
11.3 0.95078
11.4 0.94824
11.5 0.9457
11.6 0.94316
11.7 0.94062
11.8 0.93808
11.9 0.93554
12 0.933
12.1 0.93034
12.2 0.92768
12.3 0.92502
12.4 0.92236
12.5 0.9197
12.6 0.91704
12.7 0.91438
12.8 0.91172
12.9 0.90906
13 0.9064
13.1 0.90192
13.2 0.89744
13.3 0.89296
13.4 0.88848
13.5 0.884
13.6 0.87952
13.7 0.87504
13.8 0.87056
13.9 0.86608
14 0.8616
14.1 0.85642
14.2 0.85124
14.3 0.84606
14.4 0.84088
14.5 0.8357
14.6 0.83052
14.7 0.82534
14.8 0.82016
14.9 0.81498
15 0.8098
15.1 0.80366
15.2 0.79752
15.3 0.79138
15.4 0.78524
15.5 0.7791
15.6 0.77296
15.7 0.76682
15.8 0.76068
15.9 0.75454
16 0.7484
16.1 0.7421
16.2 0.7358
16.3 0.7295
16.4 0.7232
16.5 0.7169
16.6 0.7106
16.7 0.7043
16.8 0.698
16.9 0.6917
17 0.6854
17.1 0.67726
17.2 0.66912
17.3 0.66098
17.4 0.65284
17.5 0.6447
17.6 0.63656
17.7 0.62842
17.8 0.62028
17.9 0.61214
18 0.604
18.1 0.59708
18.2 0.59016
18.3 0.58324
18.4 0.57632
18.5 0.5694
18.6 0.56248
18.7 0.55556
18.8 0.54864
18.9 0.54172
19 0.5348
19.1 0.5261
19.2 0.5174
19.3 0.5087
19.4 0.5
19.5 0.4913
19.6 0.4826
19.7 0.4739
19.8 0.4652
19.9 0.4565
20 0.4478
20.1 0.4397
20.2 0.4316
20.3 0.4235
20.4 0.4154
20.5 0.4073
20.6 0.3992
20.7 0.3911
20.8 0.383
20.9 0.3749
21 0.3668
21.1 0.3598
21.2 0.3528
21.3 0.3458
21.4 0.3388
21.5 0.3318
21.6 0.3248
21.7 0.3178
21.8 0.3108
21.9 0.3038
22 0.2968
22.1 0.29038
22.2 0.28396
22.3 0.27754
22.4 0.27112
22.5 0.2647
22.6 0.25828
22.7 0.25186
22.8 0.24544
22.9 0.23902
23 0.2326
23.1 0.22782
23.2 0.22304
23.3 0.21826
23.4 0.21348
23.5 0.2087
23.6 0.20392
23.7 0.19914
23.8 0.19436
23.9 0.18958
24 0.1848
24.1 0.18008
24.2 0.17536
24.3 0.17064
24.4 0.16592
24.5 0.1612
24.6 0.15648
24.7 0.15176
24.8 0.14704
24.9 0.14232
25 0.1376
25.1 0.13438
25.2 0.13116
25.3 0.12794
25.4 0.12472
25.5 0.1215
25.6 0.11828
25.7 0.11506
25.8 0.11184
25.9 0.10862
26 0.1054
26.1 0.10174
26.2 0.09808
26.3 0.09442
26.4 0.09076
26.5 0.0871
26.6 0.08344
26.7 0.07978
26.8 0.07612
26.9 0.07246
27 0.0688
27.1 0.06728
27.2 0.06576
27.3 0.06424
27.4 0.06272
27.5 0.0612
27.6 0.05968
27.7 0.05816
27.8 0.05664
27.9 0.05512
28 0.0536
28.1 0.05174
28.2 0.04988
28.3 0.04802
28.4 0.04616
28.5 0.0443
28.6 0.04244
28.7 0.04058
28.8 0.03872
28.9 0.03686
29 0.035
29.1 0.03388
29.2 0.03276
29.3 0.03164
29.4 0.03052
29.5 0.0294
29.6 0.02828
29.7 0.02716
29.8 0.02604
29.9 0.02492
30 0.0238
30.1 0.02296
30.2 0.02212
30.3 0.02128
30.4 0.02044
30.5 0.0196
30.6 0.01876
30.7 0.01792
30.8 0.01708
30.9 0.01624
31 0.0154
31.1 0.01466
31.2 0.01392
31.3 0.01318
31.4 0.01244
31.5 0.0117
31.6 0.01096
31.7 0.01022
31.8 0.00948
31.9 0.00874
32 0.008
32.1 0.00798
32.2 0.00796
32.3 0.00794
32.4 0.00792
32.5 0.0079
32.6 0.00788
32.7 0.00786
32.8 0.00784
32.9 0.00782
33 0.0078
33.1 0.00746
33.2 0.00712
33.3 0.00678
33.4 0.00644
33.5 0.0061
33.6 0.00576
33.7 0.00542
33.8 0.00508
33.9 0.00474
34 0.0044
34.1 0.0042
34.2 0.004
34.3 0.0038
34.4 0.0036
34.5 0.0034
34.6 0.0032
34.7 0.003
34.8 0.0028
34.9 0.0026
35 0.0024
