1 7515
1 6255
1 25713
1 20997
1 9423
1 28080
1 14958
1 18531
1 17244
1 23652
1 9126
1 12087
1 22608
1 13761
1 22131
1 17847
1 8478
1 19377
1 13626
1 12861
1 25326
1 19620
1 14013
1 37962
1 17307
1 26955
1 10323
1 10953
1 12060
1 8424
1 18711
1 9009
1 13239
1 21258
1 23049
1 31833
1 13212
1 30726
1 33894
1 31158
1 19188
1 28035
1 18279
1 11745
1 9450
1 14886
1 9999
1 20403
1 22302
1 20457
1 7767
1 26325
1 10188
1 9963
1 9162
1 13554
1 11394
1 27729
1 12249
1 15831
1 8055
1 30303
1 20268
1 16659
1 9450
1 21861
1 7614
1 11268
1 17244
1 6381
1 16452
1 25119
1 8829
1 25695
1 23247
1 5454
1 25110
1 18324
1 7578
1 8856
1 21213
1 16200
1 18117
1 27036
1 22806
1 14175
1 20745
1 13905
1 27666
1 22464
1 23688
1 24822
1 21519
1 13554
1 17478
1 11700
1 29844
1 9765
1 16326
1 8154
1 5697
1 25623
1 14130
1 18783
1 8964
1 23175
1 27783
1 28926
1 14031
1 12177
1 45522
1 6471
1 15372
1 19602
1 20430
1 16002
1 12870
1 20475
1 20610
1 15399
1 15363
1 14553
1 9855
1 22698
1 12240
1 29259
1 13563
1 9999
1 16830
1 13923
1 9783
1 10863
1 20457
1 7416
1 16542
1 28395
1 15687
1 25209
1 39348
1 20457
1 16794
1 4887
1 14301
1 18774
1 12330
1 35316
1 18729
1 11520
1 14859
1 15255
1 28476
1 13878
1 11394
1 19089
1 24723
1 15498
1 29754
1 11196
1 17316
1 9576
1 23841
1 20700
1 31815
1 14409
1 21375
1 12852
1 7587
1 23859
1 35901
1 14859
1 14742
1 10980
1 37170
1 21384
1 24057
1 31752
1 27666
1 11772
1 8469
1 10755
1 19674
1 17667
1 30573
1 9099
1 33111
1 11898
1 27207
1 17253
1 11178
1 26937
1 29412
1 23580
1 18882
1 17316
1 23238
1 19791
1 13311
1 13167
1 27927
1 24363
1 12537
1 13617
1 10611
1 9666
1 36099
1 23193
1 21312
1 16830
1 12834
1 13941
1 10494
1 23436
1 24156
1 19845
1 17316
1 19791
1 18729
1 17658
1 12906
1 20799
1 26379
1 7983
1 21231
1 19998
1 13671
1 30933
1 23769
1 9450
1 16821
1 9693
1 31509
1 12069
1 13194
1 13644
1 11079
1 22383
1 24003
1 14526
1 25767
1 11043
1 15624
1 31761
1 11529
1 15957
1 4869
1 12951
1 20295
1 10611
1 22410
1 6453
1 18576
1 24138
1 15921
1 19440
1 25236
1 13293
1 15732
1 16290
1 24660
1 16848
1 17037
1 15993
1 13023
1 14688
1 12717
1 9216
1 13419
1 9045
1 22383
1 9639
1 20871
1 28260
1 17649
1 24606
1 4752
1 17640
1 20646
1 32868
1 21843
1 13527
1 16011
1 17928
1 7713
1 8100
1 17136
1 26496
1 10251
1 21078
1 9468
1 14634
1 16371
1 7371
1 15561
1 7929
1 17721
1 14886
1 11943
1 13491
1 16389
1 8118
1 21816
1 22014
1 11736
1 13941
1 24795
1 20124
1 24975
1 18846
1 26352
1 17658
1 23607
1 15822
1 12906
1 22752
1 20043
1 15066
1 9171
1 24732
1 20763
1 9576
1 11988
1 29313
1 24147
1 12825
1 13041
1 16830
1 24327
1 20304
1 12159
1 18954
1 24102
1 15723
1 7326
1 27135
1 24525
1 23940
1 4887
1 15552
1 13455
1 9369
1 11601
1 12141
1 15840
1 17199
1 9045
1 10467
1 12177
1 16353
1 15237
1 22932
1 14301
1 17001
1 12087
1 19728
1 16434
1 8361
1 9486
1 22896
1 6273
1 16695
1 36117
1 10773
1 26568
1 25389
1 13527
1 20781
1 16812
1 12915
1 23058
1 12843
1 11853
1 17514
1 12204
1 21618
1 22545
1 16380
1 12033
1 16038
1 18540
1 16263
1 19008
1 14571
1 24066
1 25983
1 27900
1 13293
1 5301
1 6129
1 11790
1 13905
1 19323
1 21744
1 10926
1 26802
1 25344
1 11682
1 20772
1 16047
1 17064
1 30672
1 33237
1 19440
1 21573
1 20412
1 23859
1 19998
1 6039
1 16452
1 10944
1 17982
1 23463
1 21645
1 19521
1 25614
1 17550
1 12519
1 15831
1 11925
1 32562
1 12267
1 20700
1 18864
1 31995
1 11565
1 7074
1 9666
1 16290
1 19836
1 8109
1 9639
1 3483
1 21258
1 11763
1 20016
1 9396
1 17874
1 17964
1 6705
1 10530
1 26262
1 10206
1 5859
1 9324
1 23985
1 12492
1 5004
1 35667
1 17919
1 21753
1 17307
1 16065
1 15849
1 15345
1 17154
1 11601
1 10116
1 10953
1 13923
1 20394
1 14364
1 27270
1 16236
1 21483
1 18000
1 10854
1 14355
1 12177
1 22437
1 24993
1 5103
1 12258
1 15489
1 12564
1 11439
1 21312
1 19602
1 13536
1 14013
1 11493
1 23481
1 20934
1 13806
1 33174
1 19431
1 11583
1 21753
1 23787
1 15615
1 11205
1 18459
1 14544
1 25218
1 27765
1 9675
1 26433
1 33876
1 19224
1 14823
1 16677
1 35523
1 22410
1 9270
1 8460
1 8937
1 10575
1 16272
1 13869
1 12159
1 13176
1 24111
1 11187
1 7722
1 17136
1 14571
1 13617
1 13806
1 16866
1 14022
1 10242
1 16587
1 20790
1 25245
1 23454
1 8541
1 33885
1 13554
1 28611
1 29250
1 21177
1 32202
1 13446
1 18378
1 25065
1 21591
1 16335
1 17586
1 19593
1 16587
1 11340
1 33516
1 22248
1 14787
1 20088
1 6381
1 21267
1 9792
1 13518
1 17586
1 21672
1 27063
1 9837
1 17037
1 6660
1 15993
1 20628
1 15255
1 17235
1 22833
1 10953
1 9198
1 22239
1 18324
1 6534
1 13068
1 9261
1 14094
1 5391
1 15444
1 14508
1 23985
1 16803
1 14868
1 14166
1 17325
1 19863
1 13284
1 17424
1 14715
1 14121
1 13032
1 14625
1 25920
1 16209
1 12294
1 28458
1 9000
1 13266
1 12753
1 8667
1 7623
1 10548
1 13536
1 12276
1 4896
1 21348
1 23373
1 31914
1 35235
1 8523
1 17766
1 22167
1 27954
1 9063
1 19260
1 29070
1 13383
1 5481
1 17478
1 7245
1 14886
1 13761
1 15894
1 30150
1 29592
1 12474
1 7569
1 13563
1 20727
1 12096
1 17037
1 11367
1 10836
1 14805
1 19044
1 19269
1 21600
1 20232
1 14004
1 29691
1 5391
1 15624
1 35100
1 12735
1 22203
1 7668
1 30618
1 15471
1 5004
1 18522
1 24876
1 13284
1 10062
1 7038
1 25038
1 18693
1 15354
1 11637
1 24507
1 20070
1 16461
1 21393
1 12267
1 10404
1 8442
1 27441
1 11529
1 15795
1 16470
1 8982
1 10197
1 30510
1 20673
1 22887
1 20007
1 35487
1 8820
1 21924
1 7947
1 24930
1 10962
1 22761
1 6480
1 34623
1 24048
1 8505
1 4590
1 29043
1 11079
1 30654
1 16983
1 17775
1 19638
1 14742
1 25299
1 20412
1 31545
1 28161
1 20115
1 10710
1 19530
1 30609
1 16326
1 20295
1 28305
1 12285
1 24453
1 30663
1 14814
1 21546
1 37305
1 10620
1 22284
1 18243
1 12096
1 21978
1 16893
1 18288
1 9585
1 16281
1 15606
1 10593
1 8874
1 28575
1 19521
1 5445
1 19098
1 23508
1 14463
1 12717
1 29871
1 18630
1 5418
1 10836
1 29826
1 37458
1 21249
1 8784
1 20385
1 14760
1 16659
1 18468
1 9873
1 25722
1 23400
1 17352
1 18828
1 19413
1 15723
1 12771
1 12024
1 34083
1 9045
1 13995
1 19449
1 5877
1 15615
1 10962
1 4221
1 29565
1 28719
1 10989
1 15093
1 21933
1 18054
1 16884
1 10098
1 9162
1 13176
1 13842
1 11466
1 21006
1 17298
1 31734
1 17721
1 27243
1 13041
1 25056
1 27909
1 10278
1 9828
1 23301
1 16074
1 21357
1 38682
1 23589
1 9657
1 26100
1 13374
1 11511
1 11502
1 8856
1 17658
1 15804
1 9684
1 18495
1 7965
1 8064
1 15210
1 14058
1 21051
1 20277
1 39429
1 14751
1 6912
1 8532
1 18144
1 19989
1 10836
1 9180
1 10944
1 28818
1 15849
1 10314
1 15561
1 18927
1 9963
1 21726
1 14445
1 8172
1 13086
1 17811
1 10566
1 13932
1 17766
1 5904
1 13662
1 21186
1 13464
1 12987
1 17658
1 14085
1 16299
1 35658
1 20133
1 17901
1 6345
1 5724
1 13140
1 9936
1 15309
1 15552
1 28116
1 16614
1 18567
1 17388
1 16074
1 18081
1 15894
1 22518
1 6795
1 21690
1 6498
1 13365
1 14175
1 14625
1 32724
1 14832
1 15399
1 27279
1 23661
1 11898
1 14211
1 31176
1 18702
1 24804
1 15723
1 11934
1 14562
1 7641
1 28557
1 18504
1 17352
1 9297
1 23445
1 7371
1 15534
1 7245
1 21357
1 22977
1 11079
1 8316
1 9495
1 24237
1 18450
1 13491
1 8631
1 13662
1 15939
1 16479
1 11457
1 22401
1 4833
1 17487
1 12276
1 12312
1 18171
1 13887
1 16479
1 14049
1 9648
1 16083
1 27225
1 9198
1 12096
1 24093
1 15822
1 9747
1 22779
1 13032
1 8748
1 11655
1 44631
1 17163
1 9558
1 9567
1 22050
1 8064
1 18936
1 10458
1 19404
1 11718
1 12456
1 30546
1 23454
1 27207
1 15687
1 20997
1 14508
1 18495
1 5256
1 8739
1 17541
1 7506
1 7587
1 14337
1 7929
1 13788
1 26046
1 19125
1 20817
1 10035
1 11538
1 36792
1 16407
1 21942
1 9477
1 15354
1 29142
1 6246
1 16371
1 22698
1 21807
1 11592
1 20925
1 21078
1 13221
1 22338
1 18747
1 18702
1 23913
1 17586
1 15876
1 6552
1 12870
1 12744
1 19944
1 24426
1 17820
1 24075
1 16821
1 17325
1 2340
1 17217
1 13059
1 27765
1 38097
1 10458
1 11835
1 11385
1 22986
1 24084
1 18072
1 18306
1 16227
1 32967
1 14355
1 10188
1 12591
1 15066
1 21123
1 13770
1 18072
1 12078
1 14994
1 4059
1 18882
1 19107
1 12024
1 14220
1 18954
1 30825
1 15651
1 22599
1 6399
1 9072
1 36675
1 32427
1 19854
1 27378
1 11331
1 9387
1 9864
1 13572
1 14940
1 21933
1 10710
1 14283
1 12888
1 25056
1 12195
1 29997
1 14085
1 19674
1 13050
1 32103
1 21006
1 7596
1 29655
1 31140
1 13788
1 7200
1 18144
1 12474
1 21087
1 16695
1 16092
1 14103
1 18630
1 12690
1 24624
1 10854
1 22221
1 8244
1 23985
1 23139
1 11970
1 23625
1 7587
1 14850
1 13239
1 17298
1 21150
1 20952
1 19323
1 17775
1 11358
1 20412
1 25911
1 34983
1 14319
1 14508
1 19638
1 20979
1 17469
1 9360
1 18882
1 13860
1 13761
1 15516
1 23445
1 15300
1 4959
1 14130
1 11934
1 14706
1 6786
1 14760
1 18999
1 13050
1 25299
1 6804
1 18360
1 7785
1 11655
1 19440
1 23580
1 21951
1 12519
1 22410
1 18000
1 24021
1 18351
1 22248
1 9990
1 9540
1 18351
1 19179
1 8982
1 23652
1 19404
1 18162
1 13482
1 10179
1 10836
1 13212
1 20349
1 35901
1 20313
1 30870
1 13410
1 20853
1 15471
1 20304
1 12393
1 31752
1 29709
1 22320
1 28530
1 20187
1 17658
1 17577
1 23994
1 26298
1 10206
1 17883
1 14247
1 18279
1 16173
1 15687
1 20007
1 15759
1 13392
1 21186
1 11358
1 10944
1 14697
1 9207
1 14157
1 19890
1 18432
1 6327
1 15048
1 10863
1 25470
1 12744
1 15660
1 27414
1 16866
1 11997
1 34749
1 15075
1 23670
1 16542
1 35361
1 19467
1 16740
1 10350
1 14652
1 17874
1 11025
1 23022
1 10503
1 16047
1 18099
1 36090
1 7236
1 9765
1 23481
1 12537
1 25389
1 14688
1 15489
1 8334
1 10143
1 10683
1 27243
1 4563
1 28017
1 5679
1 6390
1 9189
1 13410
1 6858
1 8406
1 25515
1 8379
1 4932
1 25146
1 5463
1 16560
1 7812
1 38673
1 19377
1 13455
1 11556
1 23382
1 16308
1 4572
1 12078
1 30753
1 26946
1 13464
1 15912
1 11340
1 26649
1 26316
1 21582
1 18666
1 24804
1 20520
1 26865
1 12861
1 20313
1 18063
1 26037
1 11646
1 14148
1 21339
1 17370
1 12681
1 17082
1 24669
1 6120
1 19962
1 13725
1 9972
1 10017
1 21294
1 21375
1 19980
1 12591
1 18756
1 20691
1 20241
1 24462
1 40491
1 8406
1 21330
1 7407
1 25632
1 13014
1 4770
1 26316
1 7245
1 24597
1 21771
1 17586
1 21123
1 3681
1 12879
1 28179
1 17397
1 20682
1 21060
1 22545
1 11736
1 36261
1 8694
1 17757
1 11475
1 9117
1 20070
1 14985
1 29448
1 7911
1 9432
1 4149
1 4554
1 30285
1 17955
1 11493
1 18261
1 12681
1 24930
1 23328
1 22230
1 22464
1 9675
1 8244
1 36063
1 21168
1 23112
1 14382
1 9063
1 19620
1 28449
1 19431
1 11826
1 15786
1 20205
1 18648
1 29556
1 27234
1 16038
1 14751
1 6354
1 9711
1 13050
1 23994
1 8154
1 23643
1 15318
1 8262
1 11367
1 13806
1 20880
1 14544
1 17793
1 30537
1 17316
1 28782
1 9711
1 13446
1 14148
1 10485
1 22140
1 18045
1 22878
1 33615
1 8982
1 21321
1 25443
1 28665
1 12510
1 32769
1 16461
1 16425
1 12627
1 21204
1 35091
1 13545
1 20979
1 21231
1 17262
1 7713
1 7641
1 9099
1 12933
1 15543
1 14481
1 11007
1 12069
1 14589
1 21015
1 10026
1 13356
1 21834
1 14058
1 9288
1 18369
1 12645
1 21060
1 16641
1 32742
1 20439
1 37143
1 12825
1 20115
1 11322
1 15714
1 22959
1 13464
1 27729
1 18387
1 23355
1 8109
1 7209
1 9729
1 23958
1 25245
1 7209
1 17208
1 5391
1 17280
1 29583
1 16974
1 5409
1 18864
1 12096
1 25821
1 25515
1 23517
1 18504
1 27360
1 15849
1 23463
1 6480
1 16128
1 24993
1 19602
1 24651
1 11547
1 17091
1 18963
1 6228
1 16641
1 27747
1 19440
1 17370
1 13878
1 21060
1 14436
1 15624
1 20529
1 12465
1 10926
1 16497
1 28017
1 8640
1 5130
1 6606
1 12042
1 9090
1 14463
1 18747
1 20664
1 4401
1 25290
1 20376
1 30186
1 5670
1 9432
1 29898
1 23310
1 36882
1 18837
1 11646
1 15012
1 26739
1 11160
1 4698
1 25659
1 14688
1 4707
1 23157
1 8442
1 5733
1 21573
1 19530
1 16497
1 28395
1 14904
1 22320
1 24948
1 44190
1 9333
1 8334
1 26937
1 6057
1 21861
1 23652
1 5445
1 9378
1 24867
1 9405
1 12051
1 22149
1 11115
1 23013
1 13401
1 12861
1 28971
1 13932
1 11484
1 21780
1 12069
1 26991
1 18324
1 25263
1 22518
1 35424
1 14688
1 37773
1 15192
1 12411
1 10908
1 30519
1 14769
1 21690
1 16434
1 16983
1 15795
1 18432
1 8523
1 16875
1 21951
1 8460
1 9288
1 9531
1 22284
1 17856
1 12861
1 20421
1 16551
1 23364
1 15147
1 15840
1 9477
1 16488
1 24084
1 14877
1 12816
1 6318
1 17667
1 11763
1 11358
1 11394
1 18882
1 12834
1 8946
1 26856
1 17847
1 19647
1 20286
1 26271
1 10701
1 17910
1 12303
1 29691
1 16713
1 14544
1 25713
1 17613
1 16443
1 22941
1 15417
1 15687
1 11133
1 15354
1 15615
1 20061
1 4338
1 33993
1 5499
1 5319
1 25092
1 8901
1 14247
1 15120
1 16659
1 8262
1 22851
1 20664
1 8505
1 29385
1 28692
1 13320
1 17748
1 19080
1 17604
1 33552
1 11178
1 15399
1 26883
1 16803
1 21780
1 6597
1 22194
1 14562
1 22437
1 18612
1 13023
1 36495
1 20448
1 13194
1 29259
1 7245
1 31995
1 19440
1 30069
1 24471
1 23715
1 14886
1 16884
1 9081
1 20277
1 23139
1 25335
1 27828
1 11844
1 14535
1 36450
1 18567
1 20682
1 21096
1 4338
1 33435
1 10719
1 9000
1 12987
1 14355
1 11817
1 13680
1 10206
1 36765
1 2916
1 19062
1 47403
1 13734
1 17910
1 19449
1 11736
1 20547
1 16317
1 7209
1 11628
1 31725
1 10116
1 9621
1 8280
1 27405
1 17955
1 13410
1 13617
1 26964
1 11421
1 18432
1 10719
1 8919
1 11547
1 24021
1 21321
1 24849
1 23490
1 19755
1 20331
1 15147
1 22464
1 13806
1 7245
1 20565
1 8010
1 20907
1 9108
1 21897
1 20259
1 41652
1 16173
1 9306
1 8541
1 17046
1 13536
1 20403
1 22032
1 19593
1 8469
1 15138
1 8676
1 10125
1 10224
1 16020
1 23229
1 5166
1 26469
1 25866
1 13338
1 6786
1 12024
1 14283
1 16704
1 10566
1 19683
1 19620
1 12096
1 26028
1 10332
1 14292
1 21843
1 35424
1 21942
1 8226
1 13230
1 21573
1 16893
1 11313
1 24021
1 16344
1 9387
1 8298
1 10323
1 15678
1 30465
1 14094
1 7533
1 20637
1 17478
1 14112
1 18198
1 19764
1 10107
1 36018
1 14976
1 9360
1 18414
1 18891
1 20781
1 21735
1 30060
1 7803
1 23517
1 12132
1 10899
1 17442
1 35631
1 11574
1 10341
1 18756
1 27936
1 21582
1 11223
1 9315
1 9036
1 11700
1 14265
1 12879
1 28323
1 17586
1 14292
1 10980
1 7974
1 14094
1 12915
1 7308
1 10782
1 17739
1 17172
1 20952
1 13869
1 21591
1 9198
1 39627
1 4923
1 17163
1 35730
1 26028
1 11898
1 23760
1 15363
1 28485
1 23679
1 18252
1 13608
1 16425
1 11304
1 20403
1 24210
1 16839
1 29331
1 28332
1 14004
1 8739
1 18540
1 16290
1 30033
1 13527
1 29133
1 28854
1 7092
1 11322
1 32859
1 11448
1 11961
1 11925
1 25569
1 34839
1 14958
1 16452
1 11754
1 23373
1 11448
1 38313
1 19080
1 22671
1 13203
1 12141
1 9477
1 13203
1 8748
1 18801
1 13455
1 19692
1 20925
1 19926
1 7632
1 10530
1 20673
1 12195
1 17334
1 17109
1 25398
1 19449
1 25470
1 34686
1 24975
1 24075
1 13545
1 22194
1 12222
1 9810
1 13050
1 22797
1 8370
1 8991
1 10341
1 21114
1 12798
1 23499
1 14319
1 8010
1 5535
1 14625
1 12852
1 18018
1 24948
1 15111
1 33327
1 22140
1 17118
1 9684
1 10008
1 23643
1 8847
1 13788
1 35370
1 14508
1 10503
1 18801
1 23085
1 16650
1 40788
1 23112
1 7092
1 26739
1 26613
1 18558
1 22572
1 12924
1 7272
1 6030
1 10251
1 26964
1 13221
1 17505
1 11538
1 16146
1 10314
1 34317
1 19098
1 14607
1 21438
1 32850
1 21474
1 13806
1 14805
1 25452
1 16263
1 20853
1 13203
1 14877
1 15363
1 31230
1 16857
1 27288
1 18702
1 21267
1 10449
1 16758
1 3861
1 11907
1 19809
1 16578
1 29952
1 18144
1 21888
1 23490
1 8748
1 20592
1 25344
1 11007
1 16749
1 21474
1 5598
1 26199
1 11475
1 18828
1 19665
1 11430
1 8955
1 9450
1 36972
1 32121
1 10377
1 26631
1 18990
1 40752
1 7740
1 8748
1 36063
1 21420
1 15183
1 18099
1 25038
1 15039
1 8136
1 14922
1 19485
1 12195
1 11997
1 13104
1 16821
1 33894
1 16056
1 14922
1 4761
1 17955
1 22338
1 26613
1 6093
1 11637
1 10980
1 13482
1 15471
1 16074
1 14490
1 16857
1 29520
1 24615
1 16110
1 14940
1 28035
1 20214
1 17055
1 4824
1 14589
1 17487
1 23346
1 14337
1 5490
1 16389
1 30771
1 7326
1 27036
1 25902
1 13392
1 8883
1 20502
1 12708
1 22104
1 8226
1 7407
1 23346
1 23796
1 5724
1 15039
1 4293
1 17181
1 24606
1 8883
1 27639
1 26145
1 22248
1 19962
1 14346
1 9225
1 9720
1 18873
1 15768
1 17037
1 26136
1 18927
1 25416
1 16065
1 5931
1 17640
1 33345
1 27585
1 4662
1 10917
1 24183
1 9405
1 13995
1 16353
1 17199
1 21033
1 8550
1 10287
1 8334
1 18504
1 14499
1 11952
1 29925
1 8649
1 21618
1 11421
1 5643
1 6795
1 15507
1 26190
1 8253
1 25299
1 16479
1 29061
1 29673
1 12672
1 17847
1 29232
1 12600
1 17802
1 35901
1 12429
1 16785
1 8757
1 17244
1 18162
1 15660
1 13473
1 13167
1 13617
1 21897
1 10314
1 13077
1 15732
1 11871
1 19287
1 17847
1 6669
1 11493
1 42165
1 12600
1 8280
1 8820
1 8865
1 22977
1 11259
1 11997
1 11250
1 6273
1 8901
1 16083
1 13095
1 11196
1 10008
1 14994
1 5634
1 18351
1 9900
1 7848
1 16524
1 14949
1 20907
1 5040
1 16461
1 22338
1 17190
1 25281
1 22644
1 8109
1 14607
1 11124
1 10233
1 10431
1 23076
1 12573
1 25515
1 10116
1 18810
1 28584
1 16335
1 21690
1 24795
1 14841
1 17685
1 9252
1 14742
1 19305
1 6318
1 13995
1 10107
1 9882
1 21447
1 21222
1 23031
1 21150
1 30339
1 11484
1 8091
1 25461
1 18495
1 18612
1 10602
1 26685
1 16749
1 21339
1 16380
1 30744
1 14571
1 38619
1 14301
1 19017
1 16398
1 11718
1 33921
1 27369
1 27666
1 6768
1 9198
1 17199
1 16317
1 16614
1 21366
1 22419
1 20070
1 7731
1 12987
1 14454
1 20349
1 10089
1 4491
1 22554
1 13446
1 19566
1 24057
1 14643
1 1305
1 29439
1 17703
1 12276
1 6138
1 22635
1 22302
1 17847
1 7398
1 14787
1 11898
1 9900
1 20961
1 20988
1 17892
1 4806
1 29619
1 15894
1 21906
1 33021
1 16839
1 32958
1 16371
1 19953
1 18009
1 27828
1 26694
1 22914
1 24399
1 23985
1 15552
1 27774
1 15066
1 7290
1 27675
1 33696
1 14940
1 11115
1 15741
1 16173
1 7353
1 19287
1 15048
1 21888
1 14445
1 9549
1 9117
1 13887
1 16155
1 11250
1 13095
1 17298
1 9468
1 16713
1 10053
1 8289
1 15570
1 16713
1 19935
1 23931
1 20223
1 9648
1 21555
1 9738
1 19512
1 12960
1 36657
1 24444
1 9009
1 21285
1 18720
1 20295
1 9873
1 18873
1 18459
1 19044
1 20943
1 13761
1 11871
1 10566
1 17055
1 18693
1 29511
1 14409
1 7452
1 8010
1 24435
1 16623
1 26253
1 14175
1 28935
1 27486
1 22176
1 12231
1 21267
1 15192
1 20097
1 19881
1 17424
1 21987
1 23544
1 10224
1 13374
1 16326
1 26307
1 10251
1 16704
1 14634
1 19701
1 8712
1 8964
1 17928
1 23652
1 19647
1 9027
1 16767
1 27513
1 10431
1 3897
1 23850
1 19026
1 12987
1 8001
1 11655
1 17010
1 8388
1 10539
1 15156
1 14058
1 26370
1 8406
1 17244
1 27297
1 13995
1 8730
1 2520
1 14580
1 15957
1 29124
1 11745
1 11772
1 36441
1 9009
1 28818
1 29205
1 26532
1 9747
1 24246
1 15291
1 16353
1 13194
1 17433
1 14715
1 12141
1 26001
1 8145
1 3402
1 23184
1 22041
1 13266
1 11979
1 34587
1 13338
1 15381
1 10323
1 12249
1 5886
1 20043
1 31662
1 35100
1 16461
1 26172
1 12204
1 13653
1 48312
1 25173
1 7686
1 18792
1 23814
1 12834
1 17208
1 34326
1 24489
1 31842
1 15183
1 36090
1 11754
1 20115
1 25875
1 13896
1 27927
1 18027
1 15345
1 17946
1 26226
1 13797
1 9063
1 25902
1 15930
1 21339
1 41670
1 15156
1 22077
1 9549
1 27432
1 19359
1 18729
1 25686
1 30033
1 20817
1 26883
1 26559
1 15525
1 17343
1 11043
1 19278
1 11997
1 18234
1 4734
1 12267
1 17127
1 25101
1 32715
1 13761
1 20304
1 20205
1 19980
1 3411
1 25461
1 21942
1 15939
1 24795
1 5868
1 31050
1 15966
1 14454
1 10746
1 17838
1 10206
1 16965
1 16407
1 17001
1 10908
1 24462
1 29619
1 12375
1 22212
1 7965
1 11223
1 17883
1 7398
1 15840
1 29349
1 18504
1 15120
1 17622
1 15246
1 13149
1 8352
1 8316
1 29106
1 8649
1 20295
1 7182
1 18918
1 12897
1 18918
1 9801
1 15669
1 12141
1 16389
1 13581
1 17379
1 15273
1 25722
1 23247
1 20178
1 19188
1 22824
1 8415
1 10872
1 11826
1 29565
1 18234
1 14517
1 19800
1 18603
1 20358
1 19071
1 16020
1 18738
1 7875
1 9360
1 22995
1 15525
1 19224
1 27522
1 23598
1 17829
1 20286
1 24156
1 22014
1 11448
1 14211
1 18477
1 8190
1 18783
1 4203
1 24705
1 22113
1 17784
1 20601
1 13968
1 5994
1 17937
1 16092
1 23769
1 28503
1 15741
1 16515
1 8082
1 12744
1 22392
1 29682
1 29151
1 15291
1 13194
1 19719
1 11250
1 6507
1 10512
1 18783
1 11592
1 11808
1 28629
1 22077
1 12465
1 14391
1 17955
1 22509
1 15858
1 19710
1 24921
1 8793
1 7776
1 18369
1 10395
1 22347
1 12402
1 28692
1 14166
1 4734
1 19782
1 16056
1 13545
1 18297
1 12843
1 28296
1 21834
1 14544
1 3411
1 23265
1 15534
1 6750
1 8748
1 20250
1 13149
1 13149
1 26640
1 15408
1 39033
1 21258
1 20043
1 14463
1 21105
1 11601
1 21960
1 17865
1 13581
1 17154
1 8262
1 18009
1 15984
1 4590
1 26253
1 9666
1 11997
1 15903
1 24102
1 13572
1 3735
1 16191
1 27657
1 14913
1 15399
1 17469
1 30294
1 24552
1 20529
1 16002
1 21744
1 23211
1 17541
1 29484
1 15723
1 20187
1 18324
1 22329
1 19962
1 13248
1 33984
1 12771
1 19332
1 25110
1 38754
1 24948
1 8217
1 12348
1 8505
1 19971
1 10413
1 20880
1 14715
1 4050
1 21960
1 14976
1 17145
1 19116
1 15039
1 30546
1 19818
1 26226
1 8820
1 33255
1 21789
1 15804
1 27117
1 25686
1 37305
1 11943
1 13689
1 20655
1 14499
1 15651
1 8739
1 12096
1 21564
1 27693
1 9882
1 10440
1 21978
1 9639
1 8676
1 25227
1 17649
1 9513
1 20367
1 25569
1 34659
1 25758
1 15930
1 25083
1 16974
1 10377
1 3924
1 13833
1 8640
1 19629
1 15993
1 22869
1 14220
1 19656
1 19854
1 12519
1 6138
1 18675
1 17703
1 10989
1 17595
1 10161
1 38106
1 13122
1 11772
1 17325
1 29628
1 25191
1 12465
1 6921
1 21834
1 4032
1 30600
1 9090
1 12834
1 14895
1 22950
1 18972
1 13293
1 28053
1 7533
1 22131
1 15435
1 23013
1 10962
1 14112
1 24066
1 18108
1 16038
1 7749
1 15993
1 26253
1 15048
1 12879
1 11619
1 16902
1 8406
1 9981
1 32598
1 15489
1 11961
1 18288
1 33687
1 30960
1 17334
1 22113
1 11754
1 12447
1 21609
1 10512
1 23076
1 13401
1 22500
1 15408
1 14193
1 31932
1 14238
1 15912
1 12168
1 17919
1 13329
1 14823
1 11493
1 22950
1 22761
1 13230
1 20880
1 22860
1 18063
1 9558
1 21897
1 14733
1 22455
1 15759
1 24264
1 17541
1 11259
1 9468
1 10269
1 15462
1 23481
1 29889
1 18927
1 18063
1 10773
1 20142
1 14985
1 13086
1 9756
1 15615
1 16911
1 11133
1 6813
1 15903
1 3960
1 30519
1 27972
1 11745
1 14985
1 14562
1 24759
1 11511
1 4869
1 10899
1 14013
1 18531
1 21681
1 11358
1 21312
1 20070
1 22131
1 28863
1 14157
1 22833
1 27882
1 10746
1 17235
1 10503
1 28422
1 36225
1 10692
1 18891
1 9333
1 14517
1 11457
1 18927
1 10431
1 15264
1 17991
1 19089
1 28026
1 11853
1 19089
1 16155
1 22500
1 13374
1 10548
1 9000
1 26577
1 15822
1 11862
1 15192
1 16290
1 13770
1 43272
1 15003
1 18171
1 12933
1 22302
1 10611
1 12096
1 36864
1 22428
1 15777
1 29304
1 17622
1 11061
1 18828
1 6138
1 34560
1 7083
1 33534
1 12042
1 14760
1 17649
1 7740
1 16335
1 18639
1 17379
1 10782
1 10611
1 18783
1 12519
1 9855
1 16326
1 21591
1 8649
1 18720
1 10017
1 15804
1 12654
1 25821
1 11277
1 12996
1 10107
1 25425
1 29295
1 20817
1 18765
1 16389
1 20106
1 18468
1 24210
1 13707
1 8667
1 16497
1 21996
1 4653
1 18450
1 20835
1 9369
1 21132
1 11628
1 16713
1 11970
1 38376
1 12429
1 11799
1 22905
1 34506
1 13113
1 10566
1 13842
1 8460
1 18999
1 21231
1 10467
1 14058
1 28035
1 10845
1 25353
1 4410
1 19440
1 32319
1 16443
1 8082
1 25119
1 20691
1 21141
1 10197
1 11835
1 9756
1 21420
1 14832
1 24966
1 32535
1 36045
1 15372
1 8073
1 28566
1 22221
1 22320
1 29124
1 8946
1 23067
1 11637
1 15867
1 16020
1 21321
1 7488
1 30150
1 16128
1 29466
1 8577
1 10413
1 23427
1 14535
1 15633
1 3753
1 9603
1 21150
1 30825
1 31950
1 24975
1 17856
1 18252
1 15876
1 11592
1 6363
1 15759
1 11655
1 20979
1 18468
1 21087
1 9486
1 6813
1 7470
1 5436
1 33291
1 12690
1 11700
1 20025
1 12861
1 14184
1 13932
1 20565
1 16731
1 24579
1 12951
1 15768
1 23328
1 8433
1 10179
1 23382
1 20871
1 18675
1 14913
1 18918
1 15534
1 13752
1 29358
1 16308
1 14688
1 31959
1 24255
1 6858
1 20448
1 14751
1 10242
1 17118
1 15786
1 12132
1 18513
1 12150
1 12267
1 23436
1 10683
1 12366
1 22032
1 8289
1 5589
1 7848
1 9513
1 23373
1 7344
1 11196
1 15147
1 13509
1 13455
1 26064
1 23868
1 23832
1 19602
1 11511
1 7398
1 12204
1 7020
1 39492
1 21078
1 9522
1 32697
1 9945
1 18279
1 15993
1 14229
1 11331
1 20943
1 35325
1 20394
1 10899
1 30726
1 11160
1 20997
1 22536
1 7344
1 10584
1 34947
1 23418
1 13806
1 18252
1 15318
1 14661
1 11511
1 18477
1 27081
1 11871
1 10584
1 28674
1 6282
1 20187
1 14382
1 8226
1 26343
1 10296
1 17424
1 9513
1 7218
1 16920
1 6831
1 17991
1 30933
1 22014
1 14625
1 28953
1 16767
1 18522
1 7443
1 35820
1 23706
1 12681
1 39717
1 32076
1 7578
1 18369
1 24408
1 18873
1 28746
1 22176
1 23166
1 6183
1 8748
1 16641
1 16470
1 6813
1 27225
1 28917
1 40464
1 17235
1 15084
1 10215
1 6327
1 20601
1 8082
1 8010
1 6435
1 9792
1 23634
1 14706
1 11151
1 24714
1 21987
1 18558
1 19656
1 11547
1 9486
1 15084
1 13464
1 8640
1 22401
1 13761
1 18558
1 13905
1 18423
1 9756
1 16164
1 19548
1 17829
1 8397
1 17568
1 13455
1 17514
1 19935
1 21411
1 11880
1 15624
1 8892
1 17820
1 16578
1 22707
1 6966
1 6687
1 10476
1 10548
1 22041
1 16947
1 15813
1 23355
1 12006
1 22833
1 11817
1 26451
1 10638
1 13617
1 18612
1 15984
1 28584
1 8982
1 12456
1 30519
1 26415
1 32526
1 14337
1 23049
1 6030
1 10233
1 19755
1 18405
1 10287
1 49086
1 29106
1 18792
1 19035
1 11304
1 16659
1 31833
1 28998
1 11367
1 15759
1 14553
1 6381
1 21186
1 21204
1 26388
1 23760
1 14301
1 12717
1 10953
1 17226
1 14976
1 16191
1 13140
1 20061
1 18486
1 14166
1 28332
1 8280
1 9612
1 6102
1 15993
1 16551
1 21303
1 17784
1 15075
1 10152
1 4581
1 9657
1 19458
1 9720
1 24237
1 16461
1 6741
1 9801
1 22806
1 23517
1 12942
1 8541
1 11610
1 16650
1 15372
1 6804
1 11682
1 18828
1 12195
1 16803
1 21105
1 29286
1 14400
1 10773
1 15732
1 8766
1 13041
1 12969
1 20007
1 9351
1 11664
1 6714
1 9864
1 35298
1 12123
1 13815
1 29151
1 12195
1 16317
1 12348
1 7254
1 15669
1 16893
1 6813
1 9135
1 48996
1 3996
1 16560
1 5832
1 20835
1 20241
1 8073
1 8469
1 34038
1 16218
1 10737
1 15345
1 23976
1 16839
1 49446
1 6093
1 19791
1 10935
1 11268
1 20736
1 24471
1 20322
1 15651
1 12591
1 12717
1 9702
1 19179
1 17163
1 32814
1 23139
1 26307
1 14445
1 7560
1 12393
1 20691
1 29043
1 21915
1 32706
1 17784
1 20205
1 7254
1 15030
1 31779
1 12141
1 13455
1 7488
1 28521
1 15624
1 10548
1 16254
1 17631
1 5346
1 29610
1 18216
1 12834
1 18729
1 25803
1 8523
1 24138
1 24237
1 13932
1 9846
1 17982
1 21222
1 19764
1 13941
1 23634
1 30582
1 11268
1 10818
1 7110
1 10890
1 15642
1 8910
1 23319
1 20889
1 24678
1 21645
1 30627
1 11871
1 12186
1 12078
1 15633
1 6129
1 11934
1 6093
1 25515
1 22518
1 36288
1 5742
1 18954
1 11052
1 25722
1 21474
1 25146
1 19314
1 12384
1 16056
1 9342
1 11754
1 26253
1 3924
1 16578
1 14868
1 17415
1 26199
1 16740
1 21573
1 17739
1 27711
1 15210
1 19674
1 18279
1 11943
1 19395
1 14166
1 7614
1 10917
1 20628
1 14175
1 8721
1 21744
1 9378
1 19251
1 7146
1 30708
1 20673
1 19080
1 16002
1 27369
1 13230
1 21060
1 14499
1 10755
1 31077
1 18342
1 9936
1 18000
1 16299
1 14778
1 27612
1 10314
1 32508
1 13914
1 13059
1 19926
1 25056
1 17064
1 31698
1 12474
1 21546
1 17667
1 17001
1 4941
1 21645
1 7236
1 4608
1 10143
1 18261
1 18639
1 6624
1 31293
1 17208
1 7749
1 29403
1 21123
1 15210
1 11142
1 22311
1 21744
1 9477
1 5940
1 15867
1 22257
1 9000
1 14382
1 10215
1 21663
1 16722
1 20430
1 24570
1 23472
1 9090
1 16317
1 11106
1 19746
1 11736
1 30780
1 13644
1 6678
1 16065
1 19170
1 27918
1 16479
1 11736
1 17190
1 24561
1 4410
1 13032
1 34002
1 14931
1 12996
1 22464
1 9243
1 14238
1 12519
1 17811
1 13302
1 21177
1 18000
1 11034
1 21942
1 18864
1 42786
1 30951
1 20340
1 11664
1 5526
1 23580
1 16137
1 25812
1 18657
1 17685
1 5067
1 16947
1 16191
1 12726
1 9927
1 9063
1 21771
1 9315
1 6156
1 25245
1 15741
1 10773
1 8244
1 16830
1 13374
1 32004
1 11592
1 20790
1 23031
1 26028
1 17244
1 20781
1 10476
1 6966
1 31086
1 17901
1 26046
1 25389
1 9648
1 27612
1 22320
1 20385
1 13707
1 14409
1 17415
1 38160
1 23904
1 10341
1 18189
1 21519
1 15804
1 14940
1 36360
1 16056
1 21123
1 14337
1 15093
1 13311
1 7515
1 9360
1 23391
1 16119
1 18639
1 15030
1 32454
1 9441
1 17604
1 22266
1 22446
1 25101
1 10341
1 20034
1 18801
1 18558
1 14445
1 16200
1 11718
1 23211
1 9117
1 13716
1 22797
1 12105
1 9369
1 10530
1 15012
1 23148
1 16722
1 15489
1 24912
1 17226
1 13536
1 8046
1 27828
1 23256
1 3465
1 19593
1 12771
1 11583
1 25893
1 19494
1 16110
1 24516
1 7812
1 11061
1 8280
1 22653
1 29322
1 10656
1 19197
1 21843
1 34119
1 21249
1 22545
1 21564
1 19161
1 21051
1 26595
1 11097
1 13464
1 13302
1 12807
1 14256
1 18054
1 12780
1 18162
1 17586
1 12078
1 18369
1 20331
1 15606
1 13122
1 15327
1 43083
1 8793
1 15183
1 14427
1 19620
1 13158
1 19818
1 6840
1 22707
1 13788
1 25875
1 13248
1 19539
1 10206
1 27711
1 18846
1 12564
1 13275
1 14148
1 9972
1 5148
1 20646
1 23940
1 14976
1 20187
1 12339
1 17820
1 14184
1 27864
1 11817
1 12465
1 20079
1 29817
1 18306
1 8064
1 20295
1 24372
1 13230
1 15525
1 12312
1 12519
1 16317
1 8991
1 12825
1 13284
1 15300
1 20853
1 34578
1 21798
1 10467
1 19368
1 12474
1 5859
1 27918
1 17307
1 25182
1 8271
1 10458
1 19593
1 22140
1 16425
1 19782
1 19638
1 15066
1 28809
1 22122
1 14949
1 26874
1 15030
1 17730
1 29628
1 7182
1 11052
1 13248
1 15057
1 8649
1 18801
1 13122
1 15912
1 32031
1 26541
1 12591
1 12510
1 13806
1 15831
1 7812
1 19998
1 14652
1 6471
1 12690
1 22086
1 12717
1 16218
1 18657
1 27837
1 14022
1 6030
1 24048
1 20430
1 18657
1 13617
1 12186
1 16551
1 8145
1 18531
1 9288
1 17001
1 23058
1 16524
1 10791
1 25083
1 22698
1 15561
1 10917
1 20097
1 9297
1 30906
1 18288
1 13095
1 19755
1 10242
1 15489
1 19458
1 9423
1 35964
1 11502
1 15840
1 10755
1 13419
1 16578
1 24111
1 5382
1 9864
1 18036
1 10872
1 19116
1 20241
1 10953
1 20052
1 16848
1 23265
1 9486
1 21897
1 37989
1 31401
1 20565
1 16434
1 10017
1 29844
1 18783
1 14013
1 23319
1 14013
1 11394
1 13410
1 23382
1 12420
1 11808
1 7182
1 13950
1 16083
1 16281
1 27972
1 20628
1 9522
1 17262
1 19323
1 20799
1 10611
1 22113
1 14796
1 23652
1 8064
1 20178
1 19053
1 11880
1 31689
1 7416
1 7029
1 27765
1 5913
1 13230
1 14094
1 28845
1 13932
1 26937
1 8127
1 20205
1 10836
1 27720
1 14940
1 12177
1 16146
1 17802
1 22149
1 16830
1 25767
1 25596
1 17658
1 12609
1 11313
1 12393
1 18972
1 12150
1 16308
1 24498
1 12825
1 18153
1 19674
1 10053
1 7677
1 15525
1 13833
1 12717
1 6201
1 11727
1 19287
1 23310
1 28134
1 19467
1 38565
1 24966
1 14931
1 17901
1 10287
1 26406
1 9144
1 34605
1 17469
1 25290
1 22887
1 10386
1 12807
1 25587
1 24138
1 15813
1 15480
1 12411
1 22248
1 11817
1 17325
1 8586
1 7596
1 24156
1 9801
1 14580
1 27891
1 15282
1 10746
1 15912
1 19926
1 13725
1 16668
1 2520
1 33561
1 10467
1 29601
1 40941
1 17370
1 21708
1 6561
1 8199
1 24705
1 22095
1 29979
1 17226
1 27819
1 17145
1 31347
1 10818
1 13545
1 29808
1 12843
1 13896
1 8703
1 21429
1 31590
1 14679
1 18999
1 14085
1 15660
1 23445
1 17649
1 9828
1 19323
1 24642
1 8532
1 22554
1 12411
1 9684
1 23256
1 17901
1 29853
1 13131
1 10125
1 13176
1 20538
1 11466
1 34443
1 12501
1 27243
1 6642
1 27333
1 15651
1 30024
1 15300
1 14229
1 19710
1 22599
1 27027
1 18504
1 22644
1 29250
1 7344
1 17496
1 13590
1 23436
1 25092
1 6300
1 16650
1 26307
1 19701
1 19701
1 26568
1 23193
1 19836
1 7227
1 9891
1 18261
1 23499
1 4221
1 20079
1 15201
1 20745
1 17838
1 16830
1 11223
1 21348
1 10251
1 11376
1 21771
1 11025
1 8505
1 15165
1 14175
1 6543
1 24597
1 16335
1 13050
1 7668
1 12717
1 13338
1 10296
1 21474
1 15930
1 62010
1 13338
1 14076
1 33309
1 24480
1 30996
1 12267
1 12699
1 21771
1 35397
1 13581
1 11781
1 9306
1 24939
1 16821
1 20781
1 23139
1 18801
1 17973
1 9045
1 27099
1 14778
1 13275
1 14004
1 15984
1 5895
1 16776
1 9990
1 5436
1 16686
1 40041
1 11502
1 15723
1 27675
1 19521
1 35325
1 20466
1 8496
1 17136
1 10575
1 8811
1 8730
1 14517
1 22239
1 17730
1 15714
1 20799
1 10314
1 20043
1 8271
1 10206
1 20691
1 17532
1 12915
1 27207
1 10251
1 17361
1 9558
1 5832
1 28602
1 8406
1 9261
1 9099
1 10566
1 13203
1 15309
1 6228
1 23958
1 14796
1 31239
1 11007
1 8235
1 10863
1 10413
1 16785
1 4419
1 14157
1 31698
1 24084
1 11979
1 26721
1 24525
1 15696
1 7155
1 22482
1 13716
1 6246
1 17856
1 12852
1 16902
1 22779
1 10008
1 6768
1 4410
1 14328
1 17748
1 26289
1 6552
1 16398
1 26748
1 17613
1 32067
1 16317
1 13023
1 28134
1 17190
1 15300
1 17883
1 14922
1 18675
1 17217
1 8325
1 11970
1 9738
1 17406
1 9243
1 13266
1 30006
1 12213
1 25497
1 22365
1 22491
1 16812
1 17586
1 12114
1 29169
1 18315
1 9486
1 12789
1 16344
1 19305
1 11817
1 5823
1 12330
1 27945
1 15957
1 25299
1 22005
1 14103
1 12123
1 14274
1 17118
1 7128
1 23256
1 16533
1 15687
1 15876
1 6570
1 19107
1 6084
1 10854
1 16128
1 11754
1 20646
1 11178
1 23967
1 17856
1 26487
1 11673
1 5238
1 30618
1 9000
1 34335
1 24786
1 27369
1 27702
1 23499
1 28152
1 16200
1 11826
1 19512
1 10197
1 18540
1 12816
1 8136
1 7380
1 19791
1 36918
1 18585
1 15417
1 28197
1 13680
1 7992
1 13599
1 24588
1 15966
1 12555
1 17001
1 14940
1 25461
1 15291
1 13491
1 9819
1 10503
1 10926
1 17586
1 22212
1 24786
1 3870
1 28179
1 17379
1 12591
1 6858
1 12735
1 11025
1 18054
1 18072
1 18666
1 19881
1 14247
1 10926
1 28359
1 11394
1 13131
1 19872
1 32445
1 16830
1 19008
1 22572
1 24768
1 20907
1 21060
1 10431
1 27063
1 8829
1 13095
1 19638
1 12105
1 7641
1 21726
1 19845
1 16290
1 11268
1 16326
1 13392
1 23526
1 21996
1 14256
1 21528
1 20313
1 16623
1 20511
1 15435
1 21393
1 18729
1 16326
1 13455
1 8199
1 11997
1 18054
1 34344
1 5733
1 5553
1 12339
1 24588
1 26568
1 17847
1 13239
1 17496
1 10791
1 6156
1 9045
1 18891
1 9180
1 27117
1 18081
1 17217
1 14661
1 38772
1 20835
1 16074
1 16173
1 10593
1 11259
1 12087
1 28566
1 20781
1 13824
1 16785
1 20358
1 26856
1 22131
1 15903
1 6264
1 24408
1 14814
1 23364
1 10935
1 14094
1 22302
1 18414
1 33219
1 21069
1 14346
1 15174
1 14202
1 19170
1 20223
1 30051
1 14967
1 16695
1 27504
1 40041
1 18333
1 12546
1 10935
1 19134
1 12069
1 20853
1 3654
1 19692
1 6741
1 19197
1 19341
1 23283
1 20160
1 13752
1 31905
1 8415
1 20097
1 8460
1 16677
1 6822
1 18450
1 28836
1 9657
1 13725
1 12429
1 12402
1 23985
1 31581
1 8541
1 15678
1 15669
1 14436
1 9648
1 26469
1 22752
1 13734
1 9153
1 20466
1 6723
1 15966
1 29772
1 28125
1 17181
1 22545
1 12312
1 14202
1 44298
1 12195
1 16650
1 18486
1 9648
1 18288
1 4833
1 17667
1 22761
1 20943
1 15354
1 10296
1 11025
1 14085
1 17685
1 19062
1 15714
1 14238
1 17946
1 15039
1 7965
1 21438
1 19116
1 20358
1 31590
1 28386
1 3807
1 11169
1 17442
1 14418
1 28071
1 18099
1 25353
1 18702
1 16632
1 18657
1 16902
1 13878
1 20484
1 19710
1 31563
1 16812
1 9243
1 11133
1 14391
1 18333
1 20367
1 15534
1 17019
1 18855
1 15579
1 3411
1 11907
1 26829
1 19233
1 6795
1 5841
1 6147
1 8055
1 16740
1 23121
1 23814
1 20259
1 16479
1 11025
1 13059
1 8280
1 20223
1 15975
1 16272
1 23157
1 14382
1 43866
1 15777
1 25326
1 16632
1 14508
1 12744
1 21249
1 9612
1 20367
1 17757
1 16488
1 9369
1 8811
1 25578
1 12240
1 24588
1 10278
1 22356
1 26163
1 7848
1 6831
1 15426
1 12690
1 10602
1 11304
1 14922
1 4536
1 14724
1 10917
1 20529
1 31941
1 2574
1 19071
1 19395
1 12060
1 18126
1 13716
1 30978
1 23499
1 30303
1 16992
1 20106
1 24066
1 19395
1 22986
1 15696
1 18459
1 14607
1 5355
1 16695
1 18000
1 8604
1 15300
1 16542
1 10296
1 12402
1 15903
1 15480
1 13149
1 23517
1 20214
1 22752
1 8145
1 23598
1 13527
1 14625
1 23562
1 4734
1 10206
1 30888
1 33183
1 40500
1 17370
1 19683
1 5796
1 27900
1 28710
1 27612
1 16983
1 15840
1 16407
1 22095
1 18135
1 5823
1 11241
1 15849
1 22410
1 18675
1 9162
1 21033
1 27081
1 17928
1 21852
1 12375
1 15471
1 11583
1 12780
1 16668
1 17919
1 22032
1 12681
1 16389
1 27369
1 26712
1 6786
1 12456
1 13122
1 17613
1 25020
1 10503
1 11979
1 36441
1 31176
1 17055
1 28017
1 28296
1 20646
1 8433
1 17226
1 24057
1 18954
1 8667
1 10620
1 19377
1 30969
1 24435
1 27891
1 14391
1 15975
1 19674
1 34596
1 11502
1 19629
1 14004
1 5229
1 22086
1 19413
1 22005
1 21672
1 26838
1 19539
1 16551
1 28314
1 20340
1 16389
1 14688
1 25272
1 18099
1 15732
1 19035
1 14283
1 14229
1 32598
1 8469
1 13644
1 10620
1 22599
1 26910
1 9486
1 32148
1 23670
1 7650
1 15228
1 16245
1 8280
1 11781
1 10134
1 18657
1 18009
1 15993
1 18009
1 22248
1 18603
1 23427
1 10692
1 16263
1 29160
1 10512
1 34164
1 20592
1 22077
1 30024
1 21393
1 13590
1 18054
1 24561
1 6525
1 10683
1 19494
1 9864
1 14688
1 10260
1 33930
1 14067
1 18306
1 15237
1 16749
1 9630
1 4986
1 13158
1 15579
1 8892
1 9666
1 14877
1 18639
1 23247
1 13878
1 2646
1 20286
1 19845
1 10584
1 13779
1 18594
1 23400
1 15957
1 37602
1 13023
1 10377
1 16560
1 29565
1 9783
1 12213
1 16875
1 15894
1 18828
1 16326
1 27387
1 11538
1 11727
1 14283
1 39654
1 12348
1 34947
1 16578
1 7227
1 10638
1 24399
1 23661
1 20214
1 12969
1 32859
1 19836
1 14706
1 22878
1 7101
1 14247
1 24516
1 32247
1 13527
1 24471
1 23679
1 18360
1 4410
1 19647
1 13392
1 23409
1 24804
1 24822
1 12384
1 8460
1 10188
1 20799
1 20187
1 11529
1 17964
1 24039
1 22302
1 16002
1 10872
1 13230
1 12519
1 13437
1 3447
1 12708
1 16425
1 24102
1 16146
1 26298
1 19206
1 18693
1 17667
1 14787
1 21852
1 15534
1 47511
1 13068
1 18180
1 7848
1 22257
1 16686
1 15633
1 18378
1 9090
1 20295
1 18666
1 19944
1 19620
1 3438
1 7164
1 12978
1 27414
1 19791
1 11628
1 16542
1 9639
1 18090
1 11484
1 22590
1 15291
1 12150
1 26019
1 10863
1 26721
1 16236
1 11097
1 12933
1 17019
1 25749
1 18864
1 19665
1 8604
1 18999
1 28611
1 12744
1 11232
1 27333
1 39339
1 22248
1 14715
1 17694
1 14328
1 8802
1 7884
1 15813
1 21789
1 46341
1 17550
1 10899
1 6147
1 32616
1 17253
1 11232
1 12213
1 35721
1 13059
1 25308
1 13230
1 7560
1 19422
1 12726
1 17127
1 20916
1 17676
1 13644
1 8343
1 8694
1 21006
1 11997
1 23742
1 28854
1 15597
1 19521
1 12357
1 8424
1 14040
1 15633
1 21456
1 5580
1 25722
1 16821
1 28467
1 11952
1 18162
1 13122
1 15120
1 16650
1 16461
1 25497
1 15759
1 12393
1 17937
1 20349
1 11673
1 22797
1 26037
1 12780
1 22653
1 9189
1 18108
1 16560
1 8388
1 17118
1 8469
1 20925
1 12042
1 12960
1 19962
1 11961
1 10575
1 21978
1 27189
1 12042
1 15543
1 17289
1 29034
1 8802
1 17190
1 15975
1 31563
1 30285
1 14067
1 14940
1 4392
1 11295
1 33426
1 9045
1 22527
1 22446
1 10377
1 20691
1 11952
1 24786
1 12195
1 27423
1 17010
1 31743
1 10035
1 12789
1 6165
1 14337
1 8973
1 26424
1 28962
1 10899
1 4626
1 21519
1 9243
1 10899
1 21150
1 32004
1 17352
1 15813
1 12348
1 5670
1 20727
1 7641
1 13545
1 22167
1 14193
1 15624
1 11673
1 16245
1 18009
1 16875
1 12096
1 21186
1 27567
1 8181
1 26046
1 10044
1 9756
1 14976
1 15282
1 9126
1 15633
1 10890
1 10881
1 17955
1 23112
1 27450
1 14220
1 30519
1 8325
1 18387
1 16146
1 14724
1 20052
1 18612
1 26388
1 11259
1 29889
1 22167
1 3366
1 14787
1 16992
1 8028
1 11835
1 7326
1 11610
1 13248
1 19962
1 14301
1 10827
1 15966
1 15084
1 17343
1 12456
1 23067
1 9072
1 18009
1 18423
1 21960
1 15624
1 44649
1 25389
1 12987
1 39240
1 13500
1 7632
1 8496
1 21924
1 19125
1 7182
1 27207
1 17622
1 23931
1 26946
1 26307
1 11655
1 22167
1 10197
1 13986
1 27972
1 24534
1 4419
1 12870
1 13032
1 12312
1 8451
1 11538
1 10611
1 27126
1 10557
1 16533
1 7659
1 17073
1 28944
1 25578
1 15165
1 18099
1 15507
1 12438
1 35928
1 16524
1 16074
1 16488
1 8622
1 15462
1 19818
1 15489
1 17577
1 31644
1 36459
1 9495
1 15471
1 26856
1 23148
1 13095
1 11745
1 18639
1 21348
1 13869
1 18063
1 25767
1 6984
1 10602
1 21150
1 11250
1 19755
1 5787
1 27792
1 23211
1 10395
1 34695
1 26883
1 25317
1 11061
1 17775
1 14301
1 9153
1 28746
1 11790
1 26154
1 19332
1 19341
1 27828
1 14895
1 22158
1 30663
1 41778
1 16668
1 9261
1 13680
1 18081
1 26091
1 9414
1 17757
1 17199
1 11331
1 17469
1 17883
1 17865
1 15966
1 16074
1 9171
1 15102
1 15849
1 16146
1 11880
1 16569
1 8757
1 12006
1 15345
1 19305
1 10260
1 26496
1 6966
1 23562
1 16002
1 16083
1 20205
1 9729
1 17919
1 31050
1 14706
1 25821
1 25686
1 14283
1 15732
1 13635
1 18504
1 24966
1 30474
1 6840
1 15651
1 21663
1 18639
1 14580
1 9162
1 8046
1 15885
1 6210
1 10008
1 13995
1 17784
1 6930
1 37854
1 14697
1 21159
1 25110
1 11295
1 13203
1 10242
1 10656
1 17262
1 16200
1 21798
1 11304
1 10953
1 30681
1 12942
1 28143
1 14040
1 24732
1 10818
1 21528
1 13266
1 20898
1 18360
1 12411
1 11430
1 13950
1 16461
1 17010
1 10044
1 8118
1 15444
1 17523
1 32778
1 13266
1 10557
1 13329
1 7677
1 6543
1 22743
1 7686
1 16083
1 19674
1 34983
1 11628
1 16317
1 17181
1 16308
1 21888
1 23418
1 10719
1 29412
1 12213
1 26091
1 15633
1 9468
1 23211
1 21564
1 21033
1 15444
1 7002
1 11997
1 13869
1 6687
1 8712
1 22437
1 31293
1 19053
1 10089
1 33624
1 31833
1 7578
1 15579
1 17334
1 21537
1 11583
1 16470
1 6021
1 28710
1 43740
1 22446
1 11844
1 3861
1 14211
1 23652
1 16524
1 39564
1 10098
1 13095
1 15462
1 19530
1 7002
1 31572
1 7875
1 31005
1 20835
1 8226
1 9153
1 16191
1 8874
1 14166
1 11736
1 15066
1 15147
1 14274
1 9738
1 25884
1 10512
1 16722
1 17001
1 13302
1 13473
1 37170
1 18630
1 5940
1 25182
1 11862
1 26955
1 13212
1 7839
1 15813
1 7497
1 16731
1 16740
1 12051
1 7812
1 13041
1 21735
1 30582
1 11565
1 13797
1 11025
1 15138
1 27342
1 8559
1 11898
1 25938
1 18666
1 21897
1 12996
1 15075
1 28431
1 18972
1 19017
1 18054
1 5526
1 21852
1 17280
1 10827
1 26136
1 9999
1 29637
1 14643
1 16740
1 20502
1 21312
1 18252
1 19386
1 10836
1 3807
1 18540
1 13140
1 13968
1 6309
1 10098
1 16947
1 8982
1 12780
1 12816
1 12726
1 22131
1 26532
1 33174
1 12780
1 16182
1 16155
1 21672
1 18765
1 16533
1 23274
1 33885
1 19269
1 16830
1 32355
1 28467
1 21168
1 21411
1 12312
1 25947
1 8559
1 15606
1 10269
1 6120
1 23751
1 35469
1 28872
1 23085
1 14310
1 30393
1 12438
1 13050
1 22212
1 22941
1 21339
1 35082
1 14931
1 20574
1 27936
1 12699
1 31797
1 17784
1 11142
1 18999
1 39519
1 13266
1 12474
1 14805
1 12987
1 44262
1 32220
1 18351
1 21807
1 24282
1 31680
1 18621
1 23328
1 17235
1 5508
1 13167
1 17397
1 16929
1 9675
1 37296
1 13491
1 13383
1 6372
1 15732
1 15507
1 21735
1 9387
1 12870
1 14517
1 40581
1 16128
1 43488
1 8829
1 12492
1 14274
1 18369
1 17082
1 13518
1 26316
1 15066
1 26559
1 20934
1 13491
1 18063
1 3240
1 10233
1 27630
1 19044
1 13059
1 25614
1 12879
1 12429
1 23607
1 12915
1 19143
1 22689
1 11187
1 22320
1 16722
1 19611
1 14256
1 12879
1 15957
1 26289
1 20043
1 11484
1 31851
1 2889
1 28359
1 12348
1 9333
1 14130
1 15156
1 23121
1 13761
1 20817
1 8568
1 13707
1 15165
1 14985
1 10179
1 10116
1 9450
1 15930
1 10881
1 13887
1 11943
1 14229
1 19341
1 15066
1 7029
1 24399
1 19314
1 17334
1 16065
1 23247
1 8091
1 23499
1 15111
1 19359
1 23742
1 16092
1 14157
1 12618
1 13905
1 5796
1 26541
1 4149
1 9540
1 11061
1 8937
1 16812
1 12069
1 6093
1 6714
1 15849
1 31185
1 14904
1 16839
1 9432
1 11790
1 28719
1 14076
1 20835
1 13302
1 15255
1 16317
1 12060
1 7083
1 17307
1 17325
1 21717
1 19539
1 15669
1 15111
1 10206
1 19485
1 24399
1 28305
1 16713
1 10260
1 19881
1 26838
1 28404
1 14319
1 18594
1 26334
1 9054
1 26217
1 25029
1 16101
1 12555
1 17847
1 17019
1 22302
1 11268
1 7686
1 18324
1 20133
1 17289
1 5661
1 8667
1 16218
1 7578
1 20835
1 6822
1 3645
1 23436
1 22896
1 21267
1 26541
1 11745
1 18873
1 19647
1 19854
1 34029
1 23679
1 12663
1 18990
1 19755
1 16020
1 14706
1 14310
1 17721
1 17946
1 13230
1 25380
1 8676
1 18153
1 17712
1 10773
1 23769
1 13950
1 12384
1 4419
1 11385
1 16794
1 14004
1 6354
1 5661
1 11304
1 25668
1 10836
1 3276
1 16506
1 21132
1 24138
1 13905
1 27675
1 16452
1 19278
1 27315
1 26289
1 18306
1 13995
1 23220
1 16848
1 10647
1 16605
1 16335
1 12699
1 16686
1 18675
1 25902
1 12033
1 18342
1 13014
1 12177
1 16821
1 10377
1 17712
1 12717
1 35649
1 19980
1 14481
1 21042
1 4455
1 31752
1 16650
1 14508
1 22653
1 11511
1 13707
1 22041
1 8082
1 9612
1 16740
1 8073
1 22959
1 6903
1 21465
1 16830
1 20835
1 32553
1 10548
1 11088
1 8118
1 18153
1 28863
1 28359
1 16479
1 12906
1 15399
1 6039
1 21393
1 15705
1 18270
1 6327
1 15282
1 20043
1 17739
1 18513
1 9504
1 17631
1 19305
1 18450
1 4878
1 10890
1 11142
1 22689
1 24948
1 16839
1 29673
1 12951
1 7299
1 20547
1 18351
1 13815
1 7866
1 11034
1 22410
1 10764
1 14886
1 16362
1 18459
1 16569
1 7560
1 13563
1 16083
1 11754
1 20619
1 12024
1 23607
1 3402
1 20205
1 27315
1 11322
1 27783
1 21447
1 18126
1 13464
1 7362
1 12186
1 10161
1 19080
1 15516
1 18459
1 18324
1 10548
1 19530
1 7209
1 14634
1 2961
1 19611
1 18666
1 8046
1 9900
1 5382
1 9081
1 30447
1 11871
1 18261
1 20268
1 18090
1 17721
1 8460
1 12717
1 19521
1 22635
1 22158
1 14850
1 10620
1 12546
1 14418
1 21249
1 14769
1 27990
1 17190
1 19638
1 24165
1 9009
1 20556
1 18954
1 27567
1 37575
1 15561
1 21492
1 23112
1 10674
1 16767
1 9252
1 6408
1 12276
1 15237
1 18882
1 16767
1 9522
1 18288
1 14535
1 16038
1 8901
1 13104
1 19575
1 14904
1 16965
1 19656
1 21879
1 11664
1 13671
1 19152
1 9639
1 24237
1 9477
1 26298
1 10107
1 21132
1 32787
1 11673
1 24930
1 11988
1 8226
1 17649
1 23193
1 8028
1 18342
1 12186
1 13050
1 9306
1 20583
1 19377
1 30582
1 25533
1 10953
1 14805
1 22167
1 5022
1 33498
1 17442
1 16434
1 15435
1 10530
1 10431
1 9990
1 34002
1 21069
1 12312
1 12690
1 6669
1 15327
1 17361
1 26037
1 9810
1 16065
1 10458
1 6696
1 19485
1 14058
1 13005
1 19656
1 32472
1 24237
1 18369
1 7578
1 29421
1 18144
1 17208
1 13194
1 12114
1 11151
1 30960
1 21357
1 29835
1 12438
1 20502
1 31779
1 14130
1 20385
1 17811
1 15318
1 21960
1 13176
1 15021
1 13383
1 5103
1 19278
1 17226
1 8703
1 10179
1 2493
1 15003
1 19467
1 11313
1 20718
1 21780
1 23940
1 17577
1 6318
1 18495
1 13806
1 12105
1 19926
1 9072
1 10035
1 10674
1 12762
1 7704
1 18873
1 20268
1 9054
1 16002
1 17541
1 11295
1 4977
1 14787
1 22131
1 9810
1 6300
1 17496
1 10566
1 13158
1 22905
1 12510
1 8316
1 21951
1 44001
1 17901
1 22410
1 18252
1 22977
1 9171
1 9900
1 12384
1 21510
1 13581
1 6201
1 27306
1 8910
1 7974
1 16794
1 16875
1 18531
1 6048
1 16740
1 18027
1 29079
1 35901
1 21231
1 11997
1 29223
1 8667
1 7380
1 9819
1 17658
1 14643
1 13437
1 27891
1 17856
1 19485
1 33840
1 27135
1 15903
1 15345
1 18288
1 11016
1 23238
1 12492
1 10467
1 8136
1 9441
1 14841
1 15525
1 22248
1 30447
1 25335
1 16749
1 9945
1 22032
1 16659
1 9063
1 18162
1 21132
1 9261
1 21555
1 19269
1 15903
1 1917
1 29781
1 8109
1 14346
1 42408
1 13995
1 23265
1 12456
1 10287
1 21330
1 23364
1 18000
1 19332
1 10800
1 23706
1 18945
1 30456
1 23355
1 19152
1 12231
1 8982
1 14373
1 28053
1 22977
1 31014
1 34569
1 15966
1 21042
1 14733
1 32661
1 23985
1 11394
1 15669
1 27549
1 23823
1 22491
1 18198
1 9576
1 23067
1 10683
1 36720
1 7146
1 14859
1 10440
1 25992
1 13914
1 11889
1 16326
1 14760
1 5526
1 19620
1 15507
1 14850
1 30465
1 18198
1 14733
1 17163
1 15408
1 26586
1 13878
1 36819
1 8667
1 7065
1 17595
1 22959
1 24867
1 19161
1 23472
1 12573
1 19071
1 7191
1 29790
1 7893
1 18702
1 12753
1 15309
1 9738
1 10143
1 9675
1 15246
1 10116
1 27594
1 19584
1 23553
1 12213
1 21825
1 11349
1 12393
1 19989
1 9522
1 17613
1 16965
1 29943
1 19575
1 11817
1 16839
1 20241
1 8370
1 12816
1 12555
1 19980
1 7308
1 17082
1 8541
1 22032
1 24732
1 22401
1 16857
1 23805
1 15363
1 23580
1 37962
1 9792
1 14571
1 19404
1 19980
1 10008
1 26631
1 22014
1 15777
1 7740
1 8280
1 20862
1 22977
1 25200
1 18639
1 26010
1 8649
1 11466
1 6183
1 18900
1 12105
1 4653
1 14400
1 9378
1 17676
1 9675
1 15624
1 22158
1 12573
1 7866
1 16920
1 6318
1 19458
1 14103
1 22122
1 24930
1 15714
1 13689
1 11880
1 26028
1 22041
1 17649
1 13923
1 13518
1 7416
1 20457
1 17604
1 14490
1 7020
1 15552
1 28710
1 28233
1 15354
1 19575
1 23751
1 17766
1 21888
1 15723
1 12042
1 16911
1 9945
1 16677
1 19485
1 13599
1 8901
1 14571
1 12609
1 13023
1 30456
1 8343
1 21780
1 7299
1 37602
1 21402
1 13824
1 21960
1 19080
1 25110
1 21222
1 10566
1 22851
1 12033
1 11844
1 15336
1 19287
1 23733
1 11574
1 40122
1 15858
1 13995
1 14589
1 26586
1 26577
1 16236
1 23931
1 29799
1 15498
1 12654
1 17181
1 10134
1 19890
1 8874
1 11313
1 28323
1 11907
1 28359
1 30879
1 19980
1 4878
1 17280
1 10476
1 13473
1 24903
1 25803
1 31770
1 22950
1 29583
1 23553
1 5301
1 21888
1 16812
1 11790
1 20169
1 29628
1 15120
1 17829
1 17775
1 36054
1 15066
1 16110
1 26046
1 8748
1 29691
1 12123
1 8748
1 17109
1 10593
1 11196
1 15255
1 14751
1 18612
1 25839
1 17748
1 15201
1 19539
1 9189
1 11547
1 12861
1 10494
1 25110
1 24759
1 14445
1 18171
1 18405
1 18045
1 11646
1 9666
1 8100
1 18963
1 15633
1 7443
1 14103
1 20763
1 21978
1 15435
1 10161
1 13356
1 18207
1 14193
1 9783
1 5589
1 24534
1 27144
1 29655
1 25938
1 31482
1 20421
1 15777
1 32841
1 21888
1 31410
1 20439
1 29502
1 11790
1 25308
1 5715
1 11709
1 18198
1 26019
1 19017
1 33264
1 6786
1 21132
1 10206
1 11322
1 8874
1 11520
1 9819
1 19728
1 14553
1 7038
1 8055
1 15507
1 12996
1 16155
1 13860
1 13203
1 19962
1 8856
1 6462
1 17784
1 29610
1 10062
1 24993
1 14373
1 13536
1 30618
1 26460
1 9396
1 15237
1 5967
1 25119
1 13887
1 16092
1 10512
1 14364
1 21096
1 14445
1 23526
1 18720
1 23994
1 19332
1 18774
1 26469
1 7866
1 14868
1 18801
1 19332
1 23814
1 12375
1 14391
1 14760
1 5985
1 10521
1 15534
1 10674
1 20556
1 17487
1 16614
1 14418
1 10512
1 18117
1 14328
1 15075
1 18819
1 15219
1 15462
1 25443
1 20502
1 14859
1 7596
1 16542
1 20736
1 34713
1 15003
1 12312
1 13851
1 23652
1 15156
1 12609
1 30915
1 11736
1 17343
1 10521
1 13806
1 16317
1 8037
1 14310
1 23004
1 10278
1 18972
1 13140
1 12834
1 24795
1 19152
1 20322
1 21699
1 8928
1 19818
1 36054
1 17874
1 20016
1 14850
1 16065
1 24399
1 23697
1 16623
1 13302
1 17928
1 10440
1 1422
1 9549
1 24111
1 20682
1 13329
1 9486
1 10017
1 10341
1 11673
1 11457
1 7398
1 11115
1 11124
1 8757
1 18567
1 30123
1 28737
1 15462
1 9324
1 22005
1 32031
1 15993
1 10791
1 21969
1 20871
1 16290
1 9540
1 22734
1 15543
1 15462
1 18054
1 12069
1 12384
1 30636
1 14238
1 6849
1 24309
1 16389
1 15966
1 17982
1 20511
1 14589
1 17154
1 13464
1 16992
1 20592
1 11313
1 24948
1 18018
1 18540
1 25884
1 19089
1 19116
1 13239
1 10404
1 26487
1 25704
1 14112
1 23409
1 8262
1 18369
1 16722
1 14202
1 10926
1 15507
1 17019
1 12780
1 5031
1 15354
1 19701
1 17244
1 9108
1 24588
1 19485
1 13779
1 13077
1 23166
1 17955
1 17631
1 16155
1 10116
1 12258
1 18657
1 14607
1 9450
1 7164
1 31347
1 29844
1 33165
1 13023
1 9900
1 22005
1 9477
1 20403
1 10683
1 13941
1 22716
1 23697
1 10764
1 34677
1 8433
1 11358
1 10512
1 12330
1 13464
1 11475
1 25416
1 23130
1 7974
1 21312
1 4653
1 11655
1 14013
1 17874
1 25137
1 8739
1 5625
1 14247
1 17262
1 18135
1 22428
1 15066
1 21267
1 22401
1 29934
1 18117
1 11988
1 19458
1 17469
1 15993
1 20709
1 8343
1 8055
1 20664
1 13986
1 11070
1 20817
1 11691
1 35496
1 10368
1 20286
1 12492
1 14652
1 22077
1 17352
1 24471
1 18621
1 21510
1 19017
1 22734
1 13050
1 10071
1 22293
1 15957
1 13500
1 27234
1 20781
1 16821
1 20160
1 19539
1 20367
1 34587
1 26721
1 20826
1 17694
1 10530
1 21726
1 15957
1 14805
1 19818
1 15354
1 13806
1 16992
1 28539
1 29898
1 9081
1 6975
1 12591
1 23193
1 19269
1 18828
1 16002
1 9342
1 15741
1 12285
1 20403
1 24606
1 19089
1 9369
1 39006
1 26397
1 29898
1 13239
1 19755
1 23832
1 12033
1 29916
1 22581
1 18468
1 26442
1 2961
1 30249
1 10242
1 12978
1 11898
1 14841
1 18063
1 10422
1 13248
1 16425
1 33687
1 14382
1 24867
1 12330
1 10521
1 14679
1 14958
1 11259
1 12420
1 16497
1 10701
1 16047
1 18612
1 19710
1 21546
1 13293
1 13914
1 12924
1 7803
1 13185
1 15930
1 13842
1 18279
1 11088
1 17271
1 8856
1 8514
1 16803
1 8370
1 8235
1 11268
1 5103
1 14400
1 10395
1 5715
1 15291
1 17793
1 40140
1 8325
1 28710
1 25173
1 10818
1 17163
1 25794
1 13158
1 19413
1 28917
1 7947
1 22302
1 12501
1 18729
1 11934
1 9117
1 27738
1 12843
1 7938
1 12735
1 23175
1 12861
1 18360
1 8127
1 18324
1 12564
1 16731
1 5796
1 17001
1 17748
1 26676
1 13644
1 13599
1 18684
1 28737
1 16092
1 17667
1 14724
1 16335
1 15039
1 11412
1 4329
1 12780
1 18072
1 20304
1 21447
1 27819
1 16155
1 21780
1 17550
1 10161
1 15192
1 19809
1 24723
1 12618
1 31167
1 10359
1 27063
1 13293
1 13014
1 17064
1 16884
1 23202
1 16209
1 12834
1 14031
1 8793
1 6237
1 19863
1 18396
1 19872
1 21834
1 29394
1 14589
1 11286
1 28521
1 8055
1 18621
1 21375
1 12654
1 11592
1 13050
1 6489
1 8064
1 24705
1 11250
1 28827
1 20259
1 22581
1 13140
1 44226
1 24021
1 19701
1 14211
1 14067
1 12213
1 6678
1 11295
1 16128
1 22590
1 15291
1 16182
1 18954
1 11763
1 20313
1 15930
1 7722
1 11277
1 3609
1 8415
1 21609
1 18918
1 29601
1 17370
1 13707
1 15111
1 12546
1 15480
1 19278
1 8433
1 24129
1 13185
1 34299
1 12888
1 17001
1 21672
1 15390
1 6543
1 22302
1 25497
1 14526
1 18693
1 9648
1 13968
1 14184
1 29034
1 10305
1 4041
1 22140
1 25290
1 14517
1 11160
1 16965
1 16137
1 14607
1 25803
1 37854
1 20412
1 18954
1 24003
1 8838
1 13806
1 8118
1 17658
1 18000
1 17811
1 10422
1 23337
1 9018
1 24291
1 16605
1 8433
1 32049
1 11619
1 9216
1 19791
1 31950
1 5562
1 17649
1 3825
1 5508
1 25974
1 22599
1 27324
1 10314
1 10998
1 22653
1 11772
1 25218
1 19278
1 30726
1 13815
1 37350
1 15066
1 26064
1 22986
1 22968
1 14985
1 25524
1 9639
1 8658
1 17595
1 11196
1 15525
1 14967
1 11034
1 19233
1 8865
1 21654
1 15516
1 9468
1 7983
1 13059
1 24921
1 13509
1 9945
1 16713
1 29394
1 17280
1 24903
1 24048
1 25038
1 21672
1 8379
1 23832
1 17730
1 13869
1 9612
1 26001
1 17217
1 20034
1 9423
1 6138
1 20574
1 13428
1 16524
1 5823
1 5157
1 12312
1 26145
1 30771
1 12987
1 11790
1 6579
1 33318
1 10089
1 7686
1 25776
1 29529
1 16821
1 22581
1 11799
1 17127
1 14724
1 25452
1 22239
1 33966
1 25974
1 10332
1 9900
1 12159
1 15084
1 10584
1 18036
1 4716
1 27765
1 13464
1 20961
1 14328
1 17748
1 19638
1 27486
1 16254
1 12906
1 19854
1 13338
1 23886
1 41463
1 21258
1 9540
1 15489
1 14445
1 18144
1 12942
1 22527
1 19872
1 10458
1 20196
1 20115
1 14490
1 7038
1 12159
1 12024
1 10035
1 15624
1 4302
1 16983
1 27468
1 16803
1 19035
1 13824
1 8505
1 15237
1 29484
1 14922
1 25650
1 5589
1 15075
1 19575
1 34596
1 14607
1 10710
1 20727
1 8523
1 6561
1 9963
1 6012
1 22833
1 14472
1 7281
1 29367
1 25263
1 35784
1 21501
1 13644
1 11745
1 19764
1 21051
1 20007
1 7443
1 16128
1 18729
1 23607
1 22662
1 15912
1 11574
1 13590
1 11673
1 22365
1 18549
1 16722
1 19512
1 23616
1 30654
1 17487
1 31914
1 28260
1 12258
1 21888
1 10719
1 6093
1 14688
1 16155
1 28791
1 4230
1 35019
1 9531
1 22302
1 12114
1 10062
1 31572
1 17991
1 21726
1 13221
1 15264
1 11538
1 17937
1 16272
1 11619
1 5031
1 11070
1 33489
1 11889
1 14067
1 16614
1 33309
1 25659
1 19620
1 17487
1 14076
1 11250
1 11808
1 10107
1 11844
1 15696
1 20628
1 28611
1 19944
1 17190
1 14580
1 29475
1 19323
1 34119
1 8478
1 20691
1 20934
1 13923
1 15363
1 14598
1 10458
1 19998
1 17667
1 3861
1 28917
1 10674
1 28584
1 21519
1 16110
1 12951
1 12429
1 16353
1 16155
1 15489
1 40014
1 20403
1 7902
1 13905
1 27882
1 11727
1 13086
1 12483
1 26766
1 11628
1 7398
1 31104
1 17433
1 4608
1 23157
1 25767
1 9324
1 14589
1 14337
1 15345
1 16074
1 3015
1 28017
1 6174
1 16605
1 12033
1 13302
1 15354
1 13014
1 21195
1 22464
1 6903
1 24156
1 10953
1 10350
1 12411
1 28557
1 7128
1 11898
1 9765
1 12015
1 16785
1 12627
1 11907
1 19620
1 21357
1 14589
1 9882
1 8424
1 16479
1 11943
1 25146
1 6921
1 22014
1 10890
1 10638
1 26847
1 22896
1 19692
1 9684
1 7425
1 16794
1 21618
1 17010
1 11826
1 11835
1 12348
1 14904
1 11988
1 23679
1 12267
1 15993
1 29790
1 32193
1 18351
1 13959
1 4455
1 18864
1 14949
1 18432
1 31464
1 39078
1 23022
1 14787
1 15606
1 21654
1 15651
1 20241
1 9171
1 11421
1 8964
1 15471
1 20007
1 15615
1 8433
1 11466
1 19314
1 18873
1 27531
1 19890
1 15030
1 19143
1 12024
1 23481
1 16713
1 24003
1 7542
1 13968
1 18873
1 18027
1 16290
1 12537
1 15975
1 20772
1 24552
1 10485
1 16803
1 25551
1 16173
1 19728
1 10566
1 18279
1 12924
1 11070
1 23211
1 14364
1 18117
1 15660
1 9810
1 23121
1 10881
1 16929
1 15192
1 16353
1 4842
1 21780
1 14337
1 22842
1 18810
1 18099
1 5562
1 14931
1 14544
1 23166
1 31086
1 16650
1 8388
1 21465
1 9945
1 19260
1 12420
1 10179
1 20781
1 25380
1 14688
1 22167
1 17793
1 17919
1 22977
1 15867
1 19269
1 9036
1 21816
1 20997
1 8631
1 12015
1 12789
1 12501
1 16749
1 15237
1 7974
1 16002
1 14697
1 20583
1 21690
1 14274
1 12933
1 9567
1 10557
1 22905
1 18054
1 32751
1 16380
1 20529
1 15075
1 8874
1 19944
1 9639
1 20196
1 30789
1 20826
1 11565
1 21933
1 20106
1 23040
1 21681
1 9135
1 9945
1 12501
1 26712
1 9117
1 9972
1 13815
1 14112
1 21231
1 8991
1 18576
1 8838
1 13329
1 6912
1 23517
1 20763
1 15075
1 18099
1 18729
1 31473
1 17136
1 17316
1 17874
1 8586
1 19458
1 21861
1 22662
1 17910
1 17649
1 37917
1 5985
1 18918
1 16551
1 16992
1 16686
1 22086
1 16713
1 12663
1 10215
1 19395
1 10584
1 10989
1 25119
1 20007
1 26145
1 7434
1 26199
1 17046
1 19764
1 29808
1 9522
1 19890
1 15138
1 12798
1 16245
1 24678
1 39321
1 16542
1 4968
1 20745
1 17073
1 13950
1 17325
1 9054
1 14742
1 20133
1 15669
1 18009
1 11448
1 13338
1 29520
1 25704
1 20556
1 23130
1 20664
1 11349
1 17181
1 19305
1 23094
1 17397
1 33408
1 27657
1 21744
1 7794
1 13977
1 24408
1 7434
1 14733
1 18882
1 23472
1 12924
1 16263
1 30186
1 10422
1 8064
1 27405
1 9423
1 19998
1 27729
1 14787
1 11232
1 10917
1 11691
1 6210
1 10386
1 23445
1 22086
1 23769
1 21870
1 21195
1 9927
1 31734
1 11790
1 14364
1 20196
1 17955
1 21330
1 8145
1 13401
1 25290
1 25731
1 24777
1 15651
1 14229
1 19737
1 20565
1 7038
1 12240
1 30483
1 6471
1 15606
1 19917
1 33966
1 12141
1 15642
1 14130
1 17163
1 29430
1 10962
1 18729
1 11574
1 17379
1 18243
1 11691
1 27873
1 15048
1 13878
1 17640
1 11475
1 12438
1 7119
1 17928
1 18774
1 11637
1 13950
1 14328
1 13212
1 10872
1 11862
1 12897
1 20250
1 17514
1 14067
1 13941
1 15705
1 13572
1 16380
1 8676
1 7542
1 20637
1 30753
1 21726
1 30069
1 9540
1 6759
1 26928
1 18252
1 23013
1 23337
1 34866
1 17037
1 19251
1 12114
1 12141
1 16281
1 15957
1 11250
1 34938
1 11556
1 23337
1 9027
1 20961
1 11403
1 14697
1 17487
1 14697
1 14328
1 8406
1 12096
1 18792
1 19584
1 11691
1 27153
1 21150
1 8433
1 20844
1 23526
1 25416
1 9045
1 15453
1 39510
1 26136
1 13590
1 18711
1 8676
1 17802
1 13590
1 22851
1 26208
1 7479
1 15966
1 15543
1 25290
1 13176
1 8271
1 23751
1 7623
1 25695
1 15606
1 11772
1 21015
1 15021
1 16092
1 10467
1 13293
1 21069
1 9945
1 8424
1 9405
1 10827
1 11772
1 15156
1 13959
1 6588
1 24543
1 12123
1 18333
1 14949
1 11889
1 6966
1 21303
1 5904
1 12609
1 13311
1 16668
1 15174
1 18648
1 10629
1 13815
1 20304
1 13293
1 20754
1 14850
1 10521
1 19800
1 34308
1 23013
1 17757
1 18342
1 12195
1 37503
1 10665
1 23472
1 24327
1 20484
1 5139
1 34695
1 8586
1 11394
1 6453
1 21303
1 33426
1 12078
1 9144
1 18351
1 7326
1 18747
1 23886
1 10197
1 47493
1 20619
1 18531
1 17802
1 28926
1 24012
1 27279
1 11934
1 20745
1 28341
1 12816
1 8982
1 20214
1 18837
1 10485
1 19143
1 9720
1 18189
1 12501
1 11871
1 22869
1 17766
1 11304
1 20367
1 47349
1 17505
1 26064
1 20511
1 14607
1 11142
1 24930
1 16398
1 20340
1 21141
1 13176
1 17811
1 14985
1 23787
1 12303
1 24147
1 7038
1 16461
1 18486
1 23094
1 8928
1 18567
1 12465
1 7866
1 8892
1 28971
1 12159
1 6939
1 28728
1 9531
1 29457
1 16398
1 18774
1 15354
1 14157
1 25830
1 18621
1 8559
1 16092
1 13662
1 24660
1 3546
1 13671
1 19935
1 8883
1 22653
1 22086
1 16128
1 8973
1 17091
1 13266
1 16074
1 22833
1 17793
1 25803
1 18675
1 11349
1 16560
1 12951
1 18531
1 16767
1 10629
1 28908
1 25137
1 27819
1 20412
1 18405
1 7470
1 11484
1 37386
1 16911
1 27054
1 8217
1 14355
1 11043
1 12258
1 8271
1 8316
1 13140
1 15678
1 25236
1 22203
1 12699
1 16596
1 17694
1 15696
1 24993
1 16362
1 37332
1 23166
1 11061
1 4149
1 14193
1 29385
1 8433
1 9963
1 32229
1 5931
1 11745
1 26046
1 21942
1 10683
1 9954
1 12213
1 12429
1 18585
1 17721
1 24390
1 19710
1 24417
1 8586
1 14985
1 18396
1 27594
1 12141
1 20574
1 10926
1 15975
1 10287
1 14868
1 20925
1 8685
1 24066
1 24912
1 13806
1 14508
1 13392
1 18225
1 10044
1 7794
1 13410
1 33588
1 21087
1 8982
1 25443
1 18000
1 38214
1 28890
1 19611
1 12888
1 9900
1 7848
1 9252
1 8190
1 18288
1 32022
1 29628
1 21195
1 19800
1 17550
1 29412
1 20682
1 14274
1 13437
1 24552
1 15714
1 14508
1 5526
1 13356
1 20898
1 11043
1 15975
1 16443
1 8658
1 11250
1 30582
1 22968
1 24732
1 25371
1 19665
1 13203
1 22536
1 9540
1 15300
1 23697
1 31851
1 17262
1 10629
1 32220
1 11880
1 14445
1 9441
1 7398
1 6129
1 8865
1 13410
1 16272
1 13707
1 17685
1 15048
1 16380
1 13662
1 11025
1 25083
1 27432
1 15795
1 17748
1 16488
1 13212
1 14454
1 9666
1 13122
1 9585
1 15903
1 16326
1 23913
1 14841
1 17109
1 20637
1 14148
1 10458
1 20520
1 18432
1 5094
1 14526
1 19575
1 19971
1 13671
1 16299
1 13401
1 20511
1 12177
1 24669
1 6984
1 10674
1 14166
1 27387
1 13491
1 10089
1 32706
1 20025
1 26127
1 21213
1 18477
1 22716
1 17091
1 11376
1 8253
1 20277
1 13869
1 19377
1 9783
1 19584
1 19539
1 29160
1 10386
1 22176
1 14643
1 27423
1 13671
1 7839
1 31581
1 14562
1 7344
1 24417
1 3555
1 15714
1 36612
1 25452
1 24939
1 20088
1 14265
1 14184
1 22698
1 21501
1 15480
1 25362
1 13905
1 6174
1 15210
1 18261
1 14067
1 16164
1 28422
1 8595
1 10962
1 14166
1 7146
1 15174
1 22338
1 22887
1 14688
1 11367
1 31311
1 12438
1 17064
1 15696
1 10458
1 20232
1 22014
1 13392
1 17847
1 20205
1 10944
1 15417
1 10323
1 18855
1 25677
1 16245
1 10782
1 22374
1 10908
1 9009
1 16209
1 17658
1 10314
1 23445
1 17946
1 19701
1 19260
1 22041
1 19908
1 20196
1 9162
1 22842
1 8694
1 11106
1 21969
1 26865
1 9486
1 34029
1 21195
1 10872
1 15633
1 16137
1 11457
1 13860
1 17379
1 10647
1 5517
1 22995
1 8388
1 15489
1 12213
1 8109
1 21321
1 11853
1 11889
1 24813
1 5013
1 23346
1 6444
1 15867
1 21096
1 11808
1 18063
1 27963
1 34029
1 16263
1 9630
1 15246
1 18450
1 18288
1 8703
1 18279
1 8208
1 24966
1 8595
1 15606
1 20916
1 22725
1 16767
1 15291
1 30033
1 27342
1 11619
1 11934
1 7920
1 16947
1 32301
1 11808
1 19683
1 22545
1 26523
1 9774
1 9432
1 6804
1 4410
1 13059
1 17325
1 18378
1 13365
1 27945
1 13131
1 30024
1 29448
1 18873
1 12285
1 10926
1 7371
1 23103
1 8325
1 18702
1 24246
1 12078
1 14391
1 21573
1 16659
1 15507
1 22905
1 11493
1 13518
1 17820
1 15138
1 27846
1 19035
1 24561
1 26001
1 15444
1 42066
1 6912
1 9522
1 21996
1 9531
1 6966
1 10044
1 14229
1 20880
1 22185
1 16614
1 13842
1 23895
1 20853
1 9909
1 19863
1 9198
1 21834
1 7443
1 15489
1 37224
1 12231
1 17487
1 13842
1 18666
1 13104
1 9801
1 8082
1 15354
1 29196
1 12492
1 32760
1 13923
1 24057
1 29466
1 23904
1 6525
1 15741
1 25380
1 14292
1 9162
1 12348
1 13392
1 7965
1 11304
1 5769
1 7128
1 28071
1 11367
1 25029
1 12951
1 8496
1 21141
1 20565
1 9459
1 14166
1 12447
1 10620
1 11556
1 16209
1 11691
1 4068
1 29511
1 22716
1 9000
1 13239
1 11205
1 16002
1 12798
1 18927
1 18504
1 16380
1 23175
1 19521
1 8919
1 16623
1 12222
1 31617
1 21771
1 1773
1 5967
1 19863
1 24687
1 29736
1 16290
1 12366
1 27585
1 15642
1 23787
1 16434
1 12312
1 12537
1 5157
1 14031
1 16353
1 16317
1 6624
1 24525
1 13761
1 13941
1 11232
1 15480
1 23157
1 16641
1 8352
1 20772
1 16983
1 21042
1 26775
1 16227
1 14256
1 15804
1 24750
1 14931
1 25857
1 7524
1 4536
1 11655
1 31635
1 14832
1 20484
1 14175
1 15129
1 21447
1 25452
1 23112
1 21753
1 10782
1 22995
1 10161
1 16335
1 18774
1 16668
1 15687
1 12555
1 26334
1 9090
1 37485
1 22410
1 9756
1 21483
1 10323
1 47043
1 14382
1 10503
1 6363
1 32472
1 16416
1 27198
1 14247
1 26505
1 7380
1 7839
1 15489
1 20016
1 8316
1 16614
1 24498
1 10440
1 8982
1 21330
1 16434
1 7713
1 20277
1 19206
1 12168
1 20592
1 13950
1 21762
1 16470
1 20691
1 10197
1 11655
1 18396
1 34380
1 18243
1 30978
1 11808
1 9486
1 12708
1 28332
1 17091
1 11322
1 14247
1 19134
1 10224
1 13851
1 22428
1 11871
1 17613
1 34425
1 21888
1 7938
1 20448
1 9702
1 11331
1 13248
1 24993
1 16551
1 17847
1 10791
1 19116
1 18216
1 11448
1 18594
1 34569
1 10251
1 15966
1 22572
1 18072
1 18801
1 29817
1 12177
1 9432
1 32661
1 11304
1 16146
1 25452
1 18873
1 18009
1 14175
1 22023
1 12834
1 17784
1 21375
1 17838
1 8190
1 10332
1 19962
1 14157
1 15615
1 23418
1 16524
1 13896
1 12735
1 11448
1 23877
1 9945
1 12726
1 22005
1 13041
1 17064
1 16389
1 11403
1 9711
1 12357
1 15615
1 7938
1 7641
1 20619
1 30996
1 30285
1 13635
1 14544
1 8784
1 20907
1 3591
1 19647
1 12375
1 7848
1 22887
1 13716
1 13815
1 25785
1 25281
1 18504
1 19332
1 13419
1 6804
1 14427
1 29178
1 14931
1 22077
1 22491
1 24939
1 36018
1 18819
1 12384
1 28971
1 9225
1 34830
1 13221
1 10566
1 13653
1 7722
1 17244
1 17847
1 18468
1 18774
1 20385
1 9396
1 15471
1 15894
1 21600
1 9000
1 14796
1 10665
1 5310
1 22005
1 21069
1 7497
1 5229
1 21114
1 9999
1 11349
1 24363
1 18198
1 13014
1 7893
1 29925
1 23571
1 20457
1 12519
1 6579
1 13230
1 11466
1 22995
1 18756
1 24498
1 16200
1 7236
1 14328
1 5625
1 35487
1 15966
1 20340
1 17118
1 7290
1 23616
1 16659
1 7407
1 17703
1 16407
1 17145
1 15687
1 11070
1 28251
1 28908
1 11259
1 7848
1 15552
1 31230
1 17415
1 22977
1 22113
1 27927
1 16416
1 8298
1 7137
1 24876
1 12168
1 16326
1 18045
1 10098
1 14004
1 17253
1 21096
1 17253
1 34227
1 13482
1 29358
1 15246
1 11412
1 26820
1 25011
1 14031
1 17361
1 22797
1 13581
1 16479
1 16560
1 13563
1 10809
1 9477
1 8829
1 26631
1 27621
1 6480
1 16812
1 6687
1 9252
1 16326
1 26586
1 9765
1 21438
1 9702
1 7839
1 24633
1 16299
1 15570
1 21042
1 23940
1 12654
1 17523
1 16326
1 31698
1 9999
1 11646
1 7713
1 15318
1 15966
1 5301
1 28629
1 14679
1 25623
1 33687
1 13968
1 12249
1 13176
1 15480
1 26748
1 21636
1 1971
1 35775
1 10368
1 13401
1 8055
1 8064
1 14769
1 17748
1 26595
1 15885
1 12663
1 16614
1 5283
1 17001
1 20502
1 10188
1 33795
1 20124
1 20124
1 16785
1 21978
1 18432
1 14751
1 27342
1 10008
1 22203
1 18873
1 16560
1 19845
1 18891
1 13662
1 5994
1 12501
1 9576
1 17208
1 11133
1 14031
1 12357
1 11754
1 22860
1 24795
1 10332
1 8181
1 19962
1 13230
1 22095
1 26352
1 7002
1 16695
1 25659
1 8532
1 9657
1 8460
1 17874
1 22887
1 17613
1 14868
1 17586
1 6912
1 28494
1 7695
1 17928
1 20592
1 13464
1 15444
1 10881
1 18315
1 21753
1 13734
1 13014
1 6192
1 7290
1 9981
1 13032
1 28233
1 13419
1 12834
1 23022
1 8244
1 20880
1 17883
1 6363
1 21555
1 17550
1 6759
1 11133
1 15111
1 7488
1 8145
1 19782
1 23994
1 14463
1 15048
1 23742
1 26757
1 20691
1 11610
1 14103
1 7119
1 14985
1 8181
1 9513
1 12357
1 20331
1 5571
1 46890
1 32859
1 12951
1 31185
1 13995
1 12816
1 29304
1 16533
1 10665
1 21672
1 20196
1 13905
1 20079
1 9063
1 13779
1 17631
1 12186
1 10413
1 11322
1 16965
1 6057
1 31365
1 11142
1 14796
1 33111
1 2475
1 6777
1 37071
1 30546
1 16965
1 10845
1 24417
1 24246
1 11700
1 26928
1 16911
1 9558
1 13608
1 6894
1 23616
1 12132
1 26190
1 25038
1 10791
1 10431
1 25263
1 12384
1 10908
1 26370
1 15084
1 24165
1 8622
1 9027
1 16551
1 14247
1 18828
1 16389
1 13068
1 16353
1 17577
1 22320
1 28629
1 18252
1 11808
1 28323
1 21123
1 8865
1 11646
1 15165
1 16983
1 17100
1 15084
1 10359
1 19890
1 17343
1 17892
1 11169
1 16317
1 13365
1 5481
1 11799
1 22878
1 14346
1 11205
1 20214
1 15228
1 36657
1 14427
1 13293
1 14994
1 5679
1 15525
1 17019
1 24948
1 13923
1 10728
1 13581
1 16371
1 11403
1 6957
1 31896
1 24084
1 28161
1 16893
1 12735
1 22122
1 10197
1 29088
1 11061
1 9855
1 20385
1 15039
1 19620
1 9513
1 14085
1 39852
1 4464
1 11853
1 23337
1 34326
1 20628
1 15912
1 14157
1 13671
1 18054
1 27333
1 17208
1 10638
1 12726
1 37296
1 11961
1 23103
1 18216
1 12546
1 19800
1 19422
1 21123
1 20088
1 14742
1 42147
1 11610
1 11385
1 14400
1 13617
1 11961
1 20628
1 14769
1 24795
1 12141
1 24201
1 12645
1 10584
1 13878
1 20691
1 33471
1 28980
1 15804
1 11556
1 17667
1 29430
1 34074
1 9423
1 29196
1 18774
1 10935
1 11547
1 7290
1 13410
1 13365
1 8757
1 12951
1 12114
1 14904
1 28719
1 23805
1 9549
1 11484
1 16092
1 30024
1 10647
1 31392
1 9378
1 22941
1 14355
1 22464
1 6462
1 15750
1 14742
1 15021
1 20295
1 6678
1 20763
1 33588
1 10971
1 21132
1 21555
1 21555
1 12150
1 12114
1 13968
1 26613
1 6957
1 43803
1 19593
1 18558
1 14472
1 22050
1 29394
1 26775
1 10665
1 19494
1 13824
1 31014
1 16551
1 26856
1 15534
1 31644
1 7911
1 23949
1 25263
1 37782
1 20610
1 10377
1 24660
1 29214
1 16425
1 14904
1 33120
1 14814
1 23130
1 30681
1 14859
1 23913
1 13581
1 30510
1 13644
1 9504
1 10467
1 9648
1 18342
1 26802
1 13752
1 7749
1 27972
1 26406
1 13761
1 13167
1 32634
1 19188
1 28287
1 10494
1 18504
1 35883
1 7587
1 28809
1 9207
1 15489
1 32976
1 11682
1 16884
1 12870
1 13806
1 14148
1 9225
1 17919
1 22059
1 4932
1 19791
1 12942
1 31500
1 28026
1 13356
1 11043
1 9459
1 15714
1 15336
1 27360
1 11754
1 14571
1 25011
1 15264
1 21006
1 9846
1 32193
1 27081
1 28854
1 17955
1 17793
1 25191
1 9513
1 9963
1 17082
1 10818
1 15894
1 10251
1 21456
1 20727
1 11151
1 10836
1 12780
1 28404
1 6777
1 16101
1 31149
1 9351
1 15084
1 12933
1 10035
1 6696
1 19458
1 19701
1 9018
1 11655
1 18738
1 21303
1 11952
1 13887
1 17460
1 12204
1 19998
1 13824
1 9711
1 28809
1 13491
1 34308
1 26685
1 11745
1 22068
1 11169
1 35316
1 13149
1 18198
1 39825
1 14085
1 15975
1 8910
1 16065
1 16155
1 15939
1 49086
1 29916
1 13716
1 16272
1 17235
1 13905
1 11610
1 18891
1 11466
1 11781
1 25380
1 31005
1 20367
1 13635
1 8694
1 12996
1 16020
1 26091
1 16407
1 14931
1 10053
1 10278
1 20970
1 40248
1 23562
1 13473
1 14724
1 12105
1 4176
1 37458
1 23598
1 17145
1 12411
1 10314
1 6282
1 12825
1 19332
1 19710
1 16533
1 9153
1 18441
1 17415
1 22131
1 12555
1 21825
1 24417
1 24849
1 18477
1 10233
1 12285
1 25020
1 6912
1 12825
1 6075
1 15849
1 12042
1 17541
1 19665
1 19917
1 1242
1 9576
1 6210
1 18441
1 10287
1 9558
1 10584
1 14067
1 16632
1 12924
1 6057
1 15426
1 21807
1 20430
1 20277
1 32220
1 10134
1 8802
1 30213
1 19566
1 20187
1 17370
1 20745
1 19800
1 16866
1 25515
1 6624
1 22410
1 18144
1 16506
1 11313
1 17379
1 16245
1 19683
1 17316
1 18657
1 21267
1 15201
1 15804
1 36387
1 8604
1 31572
1 15210
1 6624
1 24912
1 6759
1 18747
1 21537
1 4284
1 22023
1 12636
1 23679
1 30924
1 22311
1 28368
1 14814
1 14526
1 9081
1 19683
1 8559
1 10116
1 14076
1 12132
1 19062
1 16938
1 22311
1 9225
1 14094
1 13581
1 17208
1 18414
1 20061
1 9783
1 21438
1 30690
1 9063
1 4158
1 27531
1 17352
1 16587
1 20817
1 16677
1 33102
1 32400
1 10845
1 9711
1 19764
1 32247
1 6462
1 12303
1 21645
1 21915
1 27072
1 31383
1 12771
1 20655
1 17352
1 14355
1 26775
1 28251
1 15534
1 2511
1 22644
1 23679
1 13059
1 13410
1 22284
1 39519
1 35370
1 15939
1 15921
1 22455
1 10854
1 22005
1 25803
1 27774
1 16218
1 27783
1 21087
1 4365
1 14751
1 28530
1 8856
1 9612
1 12942
1 18558
1 7281
1 11142
1 24039
1 23850
1 30852
1 26019
1 21024
1 16038
1 18324
1 22995
1 33363
1 22149
1 15012
1 9126
1 11421
1 15543
1 25353
1 18540
1 19395
1 11421
1 25587
1 30168
1 13851
1 18891
1 25992
1 24201
1 7047
1 19161
1 17415
1 12411
1 18513
1 16056
1 23823
1 20070
1 24750
1 24435
1 14796
1 20502
1 22374
1 10989
1 14823
1 13077
1 22734
1 13914
1 27306
1 18162
1 7731
1 27630
1 14868
1 9846
1 17847
1 25227
1 14661
1 17730
1 18558
1 15138
1 6696
1 14697
1 17379
1 18531
1 28404
1 14814
1 16056
1 17982
1 19233
1 8253
1 15183
1 9468
1 11385
1 18036
1 19161
1 22149
1 16119
1 35703
1 8874
1 19773
1 22509
1 24534
1 25245
1 17298
1 18936
1 11979
1 12033
1 4698
1 12465
1 28314
1 16128
1 17586
1 21285
1 23490
1 17532
1 18810
1 13140
1 20061
1 10359
1 20214
1 18765
1 29097
1 8379
1 13266
1 23499
1 13932
1 10368
1 3528
1 12411
1 25155
1 4770
1 10206
1 18549
1 15714
1 19629
1 10566
1 11943
1 14562
1 16884
1 10998
1 22923
1 11970
1 23544
1 18351
1 19917
1 15597
1 13608
1 24570
1 21636
1 7722
1 18477
1 18036
1 13086
1 32148
1 13572
1 14616
1 12537
1 6588
1 20394
1 15993
1 21123
1 9972
1 7587
1 11934
1 12591
1 29286
1 6579
1 26127
1 10935
1 11223
1 23283
1 10575
1 7920
1 10422
1 19971
1 23148
1 22824
1 11628
1 4896
1 19341
1 18360
1 4725
1 11988
1 21690
1 15921
1 33669
1 25101
1 15876
1 15147
1 23715
1 17217
1 14337
1 23598
1 19305
1 15678
1 35784
1 25029
1 8604
1 20286
1 5121
1 15615
1 9774
1 11970
1 20673
1 13545
1 23157
1 18477
1 16560
1 22896
1 29223
1 20565
1 16947
1 13671
1 27837
1 16209
1 32715
1 14148
1 17172
1 9936
1 8334
1 15795
1 11043
1 12798
1 18675
1 15084
1 18333
1 12042
1 12123
1 15354
1 13158
1 8739
1 17478
1 13122
1 18342
1 13419
1 10233
1 20538
1 19485
1 8937
1 28206
1 38547
1 19566
1 19161
1 12267
1 27432
1 13491
1 11475
1 11997
1 12978
1 15426
1 29565
1 36657
1 17118
1 18729
1 22644
1 7335
1 12807
1 15615
1 24543
1 15984
1 17352
1 7335
1 10476
1 16866
1 27648
1 12393
1 17631
1 33102
1 20484
1 11484
1 30969
1 5157
1 5544
1 12492
1 17838
1 16047
1 14175
1 17415
1 24201
1 21150
1 22257
1 20655
1 10386
1 13257
1 8055
1 21654
1 19998
1 16335
1 15957
1 18090
1 23598
1 14220
1 3555
1 27423
1 10215
1 13905
1 13878
1 15426
1 18315
1 18855
1 17982
1 17334
1 11025
1 10935
1 8370
1 16218
1 10107
1 12942
1 20601
1 17622
1 10800
1 22185
1 16938
1 18099
1 19287
1 24264
1 16506
1 12330
1 17073
1 24669
1 5445
1 15876
1 25443
1 7515
1 12546
1 12357
1 11115
1 6588
1 6201
1 19422
1 13896
1 10764
1 9810
1 12834
1 26865
1 8847
1 14544
1 17496
1 28098
1 15876
1 28818
1 25857
1 7362
1 18459
1 19602
1 11898
1 9819
1 21321
1 7650
1 15453
1 25146
1 22932
1 18135
1 14490
1 12249
1 24111
1 27306
1 13419
1 7308
1 8766
1 20106
1 7848
1 6480
1 26469
1 6858
1 18666
1 11376
1 26154
1 23049
1 29439
1 9324
1 29313
1 9693
1 8379
1 13455
1 11655
1 24264
1 15966
1 17577
1 14418
1 30978
1 18774
1 13590
1 19926
1 17595
1 12249
1 12213
1 8127
1 5310
1 15516
1 28134
1 24885
1 17352
1 14220
1 16830
1 36441
1 23778
1 4365
1 24921
1 25803
1 9756
1 19710
1 22734
1 16425
1 13608
1 9873
1 4743
1 21726
1 9441
1 10206
1 18045
1 15696
1 16974
1 18108
1 27990
1 6705
1 25326
1 16974
1 11223
1 15426
1 4986
1 30996
1 14706
1 25803
1 30456
1 25200
1 13482
1 15867
1 7758
1 10602
1 17073
1 20430
1 12996
1 4059
1 11610
1 25596
1 19386
1 20628
1 15327
1 9828
1 35487
1 10881
1 22779
1 5868
1 16200
1 26712
1 18630
1 13095
1 7380
1 7308
1 14292
1 17379
1 9657
1 25965
1 15588
1 12231
1 26892
1 12969
1 17721
1 20601
1 15768
1 3897
1 15678
1 18225
1 14310
1 18612
1 22707
1 17235
1 26595
1 23814
1 21717
1 14742
1 19287
1 21051
1 16425
1 14202
1 20034
1 27612
1 18972
1 26973
1 30024
1 16677
1 24057
1 17991
1 8802
1 17739
1 16902
1 14877
1 23526
1 18981
1 12150
1 33012
1 19503
1 29367
1 27810
1 10341
1 11781
1 15732
1 21861
1 25065
1 28116
1 14778
1 9819
1 22590
1 20430
1 26793
1 23382
1 19215
1 6264
1 17856
1 17631
1 27783
1 11277
1 16497
1 13320
1 30294
1 5895
1 6219
1 15075
1 18927
1 22068
1 20142
1 20466
1 30456
1 11835
1 7182
1 14040
1 23499
1 15147
1 22194
1 10737
1 8649
1 16794
1 6300
1 9720
1 13383
1 14031
1 20232
1 33354
1 10395
1 16002
1 10899
1 20646
1 12816
1 17064
1 6381
1 15966
1 10449
1 24561
1 15228
1 15156
1 11151
1 20574
1 32301
1 11223
1 18900
1 20376
1 18594
1 8091
1 18252
1 6489
1 12798
1 8550
1 10359
1 20142
1 18279
1 7515
1 16587
1 27855
1 26649
1 21114
1 7749
1 13788
1 13689
1 15156
1 28827
1 16254
1 38727
1 20916
1 11043
1 36639
1 15111
1 13491
1 19413
1 21420
1 16200
1 26334
1 10422
1 26721
1 22797
1 8829
1 14472
1 10269
1 10080
1 11880
1 32373
1 15624
1 20259
1 21339
1 16344
1 17712
1 23103
1 28638
1 13644
1 9414
1 8046
1 11889
1 11853
1 22275
1 11349
1 12015
1 12978
1 6561
1 8721
1 9108
1 25308
1 22212
1 12942
1 10845
1 19620
1 9045
1 15327
1 25524
1 18099
1 20691
1 6300
1 14238
1 29664
1 13590
1 18558
1 25137
1 17208
1 7704
1 14832
1 19278
1 12852
1 20511
1 8991
1 12384
1 28359
1 22491
1 31023
1 10476
1 14697
1 24732
1 19350
1 12501
1 7443
1 12285
1 18945
1 11295
1 13509
1 9090
1 15012
1 14724
1 20988
1 11574
1 18378
1 20403
1 27090
1 9405
1 15588
1 9369
1 19674
1 5643
1 21168
1 12033
1 12087
1 20754
1 10359
1 17577
1 24867
1 25740
1 13230
1 15498
1 14013
1 4833
1 14625
1 18729
1 5931
1 28431
1 15867
1 10764
1 37170
1 9288
1 15732
1 22968
1 10926
1 31518
1 26316
1 15273
1 7785
1 25146
1 4689
1 10746
1 20952
1 2493
1 15804
1 18927
1 14562
1 15597
1 9801
1 9657
1 24750
1 17253
1 22716
1 12708
1 22878
1 10476
1 23391
1 34506
1 27351
1 22095
1 15417
1 21780
1 20871
1 12015
1 22770
1 11844
1 21969
1 12789
1 22824
1 21996
1 8334
1 27270
1 16596
1 30312
1 17244
1 20853
1 36432
1 22734
1 40428
1 27531
1 15831
1 19269
1 14850
1 8775
1 15957
1 15156
1 24012
1 9990
1 12132
1 27423
1 21519
1 12618
1 26424
1 14292
1 17712
1 15093
1 30492
1 4401
1 12420
1 34821
1 6894
1 12978
1 15075
1 19278
1 13572
1 16344
1 17757
1 11745
1 20376
1 4068
1 19863
1 22734
1 8649
1 15201
1 11583
1 10881
1 13023
1 22716
1 8325
1 21168
1 39951
1 20304
1 23508
1 8658
1 16830
1 25479
1 10998
1 6264
1 19755
1 24075
1 27135
1 12366
1 15219
1 9540
1 23274
1 22617
1 21078
1 12915
1 6111
1 24183
1 11196
1 9927
1 22473
1 21672
1 12060
1 8586
1 8748
1 32652
1 20277
1 12600
1 15201
1 18198
1 20106
1 10062
1 29925
1 14355
1 7929
1 26136
1 34902
1 17739
1 8604
1 5742
1 17802
1 18531
1 28062
1 17010
1 24894
1 19089
1 18783
1 11286
1 16893
1 13419
1 17298
1 7947
1 17190
1 15057
1 18540
1 8307
1 20943
1 11025
1 14652
1 4212
1 13131
1 31473
1 20106
1 20439
1 22248
1 23787
1 12672
1 20349
1 7137
1 12618
1 37359
1 18252
1 16425
1 14301
1 17523
1 7668
1 17316
1 16209
1 26505
1 13725
1 20196
1 30978
1 12312
1 24210
1 15156
1 8775
1 16830
1 10557
1 21627
1 4284
1 6687
1 19548
1 18828
1 23508
1 14598
1 21285
1 13734
1 3429
1 9747
1 18513
1 19071
1 22473
1 13815
1 30645
1 16605
1 13968
1 21024
1 14715
1 9972
1 12609
1 30609
1 15885
1 10782
1 12762
1 19305
1 21330
1 5463
1 19269
1 9900
1 33750
1 9531
1 9369
1 16821
1 10827
1 15570
1 16731
1 22824
1 17748
1 17352
1 26901
1 23580
1 17235
1 12861
1 18567
1 12645
1 17649
1 11169
1 31275
1 9252
1 11655
1 10413
1 14013
1 9261
1 22896
1 7290
1 9738
1 24381
1 14580
1 29475
1 20853
1 17577
1 25515
1 19557
1 17514
1 12915
1 20826
1 28683
1 18324
1 29664
1 18387
1 30861
1 23076
1 22950
1 7128
1 6867
1 14364
1 29277
1 20916
1 16110
1 23517
1 29097
1 17847
1 15003
1 14103
1 22266
1 13032
1 25407
1 21051
1 20115
1 4023
1 28881
1 19008
1 26307
1 10989
1 10143
1 8442
1 14895
1 8118
1 24111
1 9567
1 10791
1 28566
1 19791
1 4662
1 18423
1 12591
1 18837
1 21438
1 13302
1 9180
1 26298
1 11889
1 9414
1 24444
1 9054
1 7677
1 10350
1 10440
1 16146
1 16119
1 18612
1 28881
1 26379
1 16857
1 11394
1 20907
1 21402
1 14166
1 24075
1 16983
1 21159
1 19791
1 11448
1 3690
1 24813
1 27018
1 19161
1 21996
1 12744
1 21420
1 19656
1 10458
1 21753
1 17451
1 26091
1 12735
1 10998
1 16137
1 20439
1 26532
1 12681
1 15678
1 7092
1 22797
1 19611
1 10458
1 21492
1 11853
1 7425
1 21798
1 20772
1 13122
1 7119
1 17577
1 23355
1 14805
1 25119
1 10683
1 15372
1 7686
1 25650
1 6381
1 22707
1 16650
1 20304
1 17847
1 26487
1 9144
1 14238
1 13878
1 15345
1 26307
1 16677
1 15237
1 32013
1 21726
1 12699
1 37044
1 29601
1 17127
1 16137
1 13887
1 10836
1 21798
1 25857
1 10224
1 12105
1 15651
1 36846
1 17019
1 18981
1 15624
1 14841
1 27234
1 11862
1 18747
1 16263
1 13932
1 21717
1 17082
1 24021
1 19953
1 10890
1 15390
1 23166
1 11988
1 30906
1 17748
1 14139
1 34785
1 6678
1 9603
1 28269
1 14526
1 17685
1 17685
1 8388
1 23391
1 13086
1 7362
1 15003
1 9441
1 28728
1 26226
1 14544
1 13536
1 9675
1 13680
1 16587
1 20862
1 23553
1 14157
1 13365
1 32031
1 18819
1 17424
1 23733
1 19593
1 11259
1 14427
1 13662
1 15066
1 13797
1 24390
1 26118
1 11538
1 3852
1 15858
1 21789
1 9738
1 18090
1 12501
1 17685
1 7137
1 12114
1 18054
1 9180
1 22455
1 22068
1 21717
1 3519
1 29736
1 10908
1 12996
1 14409
1 22572
1 17685
1 19062
1 10314
1 15948
1 23247
1 12996
1 11178
1 23643
1 12078
1 12798
1 11016
1 14400
1 19125
1 21159
1 17055
1 30942
1 10998
1 20385
1 8955
1 10026
1 26001
1 15102
1 22320
1 12258
1 13194
1 7839
1 13887
1 6156
1 11979
1 17145
1 25668
1 10935
1 26307
1 24399
1 24030
1 9225
1 19872
1 5049
1 12510
1 16614
1 20304
1 16857
1 35235
1 21609
1 12366
1 11907
1 8244
1 15219
1 12942
1 16092
1 17118
1 22050
1 21798
1 16695
1 17523
1 16164
1 20655
1 30735
1 12609
1 14391
1 11214
1 12330
1 15957
1 19062
1 15498
1 15894
1 13995
1 5661
1 22374
1 10107
1 25929
1 35793
1 9531
1 19287
1 13932
1 6615
1 29322
1 14436
1 17199
1 16002
1 15777
1 18072
1 4059
1 22329
1 14589
1 26991
1 28368
1 30249
1 9567
1 7587
1 22176
1 12717
1 7713
1 20700
1 16893
1 14832
1 26118
1 5706
1 13671
1 20988
1 8280
1 12285
1 14733
1 11088
1 17415
1 15444
1 23310
1 8028
1 17325
1 33516
1 17631
1 15030
1 11610
1 17208
1 15363
1 17478
1 15066
1 16083
1 7686
1 10710
1 11664
1 19035
1 9909
1 9054
1 19206
1 19287
1 17865
1 12276
1 13203
1 22734
1 10602
1 9252
1 10629
1 18846
1 16947
1 16353
1 17154
1 7425
1 24345
1 10440
1 14814
1 11340
1 15219
1 18477
1 5184
1 11682
1 11673
1 22158
1 19404
1 17928
1 14787
1 25416
1 18405
1 10476
1 12672
1 17064
1 19404
1 8127
1 14058
1 5670
1 26001
1 26235
1 13230
1 12609
1 23166
1 4878
1 19251
1 9576
1 19026
1 25884
1 11016
1 17190
1 5427
1 18459
1 31716
1 17307
1 16668
1 13302
1 12888
