1 2430
1 3456
1 891
1 2241
1 3528
1 1683
1 3645
1 3672
1 3753
1 1971
1 5409
1 1566
1 3375
1 5868
1 4419
1 1845
1 6066
1 3582
1 1647
1 4716
1 3780
1 3906
1 2259
1 2664
1 1620
1 1530
1 3231
1 4203
1 3150
1 2007
1 1269
1 2178
1 3807
1 1872
1 3492
1 3447
1 3735
1 3627
1 2889
1 1017
1 3852
1 3987
1 1737
1 2601
1 2772
1 3474
1 3015
1 4581
1 3015
1 3465
1 1935
1 2151
1 3132
1 3348
1 2970
1 1872
1 3222
1 2556
1 3060
1 3528
1 1530
1 4905
1 2259
1 4536
1 1944
1 3699
1 1800
1 2268
1 4158
1 3573
1 5409
1 2070
1 2286
1 4059
1 4419
1 2826
1 4446
1 3555
1 5670
1 3339
1 1548
1 3429
1 5598
1 1899
1 3033
1 3519
1 1593
1 6453
1 2160
1 3492
1 2322
1 2871
1 3006
1 3015
1 3888
1 3933
1 5247
1 2961
1 1449
1 3555
1 2772
1 3366
1 3825
1 2538
1 3645
1 3069
1 5004
1 1683
1 3366
1 4959
1 2268
1 1899
1 1296
1 1584
1 1296
1 2979
1 4635
1 3330
1 3177
1 1233
1 2700
1 1701
1 5661
1 2808
1 4311
1 2799
1 2700
1 1161
1 4842
1 1359
1 3051
1 2943
1 2664
1 3069
1 3168
1 5400
1 3852
1 2610
1 4860
1 3141
1 3294
1 1458
1 3924
1 2736
1 1953
1 3042
1 3150
1 3087
1 4563
1 1548
1 3177
1 2394
1 3690
1 1305
1 4581
1 2340
1 4356
1 2070
1 2142
1 2610
1 1197
1 2637
1 8469
1 2466
1 3771
1 5328
1 4167
1 2637
1 3969
1 3789
1 1800
1 4176
1 2160
1 2979
1 1575
1 1548
1 2268
1 3330
1 3465
1 3249
1 2340
1 2385
1 5247
1 2790
1 3924
1 2961
1 4626
1 4077
1 3753
1 3951
1 3141
1 2223
1 1917
1 2214
1 2835
1 1656
1 3843
1 4266
1 3825
1 4662
1 3321
1 3897
1 2808
1 5085
1 3303
1 3168
1 2853
1 1998
1 1530
1 3276
1 3051
1 1998
1 2367
1 2592
1 2556
1 1755
1 954
1 4932
1 4815
1 3663
1 990
1 2466
1 3276
1 2709
1 3672
1 2421
1 2268
1 5463
1 5580
1 5436
1 1962
1 2484
1 5058
1 1539
1 1233
1 3825
1 4284
1 2889
1 4086
1 1170
1 1449
1 5085
1 3807
1 3834
1 1800
1 2043
1 4491
1 1449
1 4770
1 3789
1 3528
1 3996
1 3087
1 3654
1 3582
1 2097
1 2601
1 2124
1 3231
1 2331
1 1305
1 1818
1 3033
1 2565
1 954
1 2718
1 6327
1 5814
1 1386
1 4158
1 4878
1 1584
1 4410
1 4752
1 2574
1 5031
1 3465
1 2700
1 9081
1 1854
1 4797
1 6309
1 3015
1 1287
1 3861
1 1674
1 1998
1 4284
1 999
1 3744
1 5292
1 2619
1 2880
1 4185
1 4158
1 3753
1 4959
1 4140
1 4203
1 2727
1 1053
1 4239
1 2052
1 5715
1 4995
1 3942
1 1206
1 2574
1 2871
1 1557
1 2592
1 1530
1 5004
1 1863
1 2934
1 3402
1 4608
1 3825
1 8532
1 2457
1 1728
1 3618
1 3555
1 2205
1 2052
1 4455
1 4248
1 1359
1 3276
1 6264
1 1251
1 2043
1 2862
1 3060
1 3537
1 3168
1 1674
1 2745
1 4095
1 2160
1 3996
1 1791
1 3033
1 1548
1 2763
1 2601
1 3150
1 3114
1 2430
1 2241
1 4419
1 4140
1 2439
1 5625
1 4941
1 4041
1 1674
1 2655
1 6462
1 3393
1 2538
1 2403
1 3132
1 3978
1 2376
1 4482
1 3519
1 1818
1 1278
1 1341
1 3267
1 4302
1 3159
1 5274
1 4833
1 1458
1 2844
1 2043
1 2619
1 3843
1 2097
1 3537
1 2817
1 2052
1 3744
1 4023
1 3825
1 1629
1 4617
1 3501
1 4509
1 3204
1 1755
1 3456
1 2142
1 3771
1 2439
1 1647
1 3780
1 2466
1 2214
1 3096
1 5544
1 1854
1 3213
1 3753
1 4104
1 6273
1 2610
1 3177
1 1872
1 4563
1 3087
1 3339
1 3465
1 1881
1 4086
1 2610
1 3204
1 2511
1 3258
1 3411
1 4221
1 2313
1 4545
1 4815
1 2304
1 2808
1 4680
1 3258
1 2286
1 3276
1 2268
1 2709
1 1566
1 5643
1 2520
1 2556
1 1692
1 1962
1 3204
1 2700
1 1431
1 5931
1 2916
1 4113
1 2736
1 3384
1 3645
1 1737
1 2502
1 7002
1 1719
1 3240
1 2925
1 3636
1 3780
1 1836
1 3168
1 6039
1 5499
1 3321
1 4950
1 2160
1 2799
1 2403
1 1809
1 2250
1 3600
1 2151
1 2403
1 3312
1 4185
1 2889
1 1566
1 3546
1 3321
1 4986
1 3150
1 3996
1 4005
1 2358
1 1773
1 1584
1 2196
1 5049
1 7569
1 4401
1 3096
1 4284
1 3357
1 2304
1 3195
1 1818
1 3600
1 3951
1 5049
1 5652
1 2475
1 1629
1 3627
1 4563
1 3420
1 3042
1 5013
1 2961
1 3330
1 4833
1 3402
1 1611
1 5499
1 2286
1 2916
1 2349
1 2547
1 2502
1 7857
1 4878
1 5355
1 1737
1 2484
1 3159
1 2322
1 1359
1 6084
1 2277
1 6012
1 1980
1 4689
1 1656
1 3690
1 1593
1 2070
1 3798
1 1575
1 3168
1 5274
1 2619
1 1890
1 3411
1 4779
1 972
1 2457
1 3348
1 1629
1 1782
1 4392
1 2772
1 2988
1 1359
1 2142
1 1809
1 2961
1 999
1 3321
1 2835
1 2331
1 2016
1 3789
1 2169
1 4095
1 3141
1 1539
1 3699
1 2574
1 5175
1 2457
1 4284
1 3069
1 3897
1 1818
1 2619
1 4878
1 3519
1 3294
1 2718
1 5112
1 2421
1 7218
1 3546
1 3033
1 3690
1 1485
1 9225
1 2304
1 5094
1 1773
1 2628
1 2313
1 1926
1 6903
1 2844
1 3132
1 1602
1 2331
1 3897
1 3600
1 2826
1 5652
1 10809
1 3528
1 4878
1 2106
1 1188
1 3690
1 4095
1 1953
1 3933
1 2943
1 1755
1 2178
1 4626
1 2682
1 1890
1 3267
1 3456
1 2646
1 4158
1 3033
1 3042
1 5859
1 2952
1 1440
1 2808
1 4401
1 3609
1 1206
1 2745
1 3438
1 3510
1 3042
1 4644
1 5373
1 2439
1 2799
1 2691
1 4959
1 2214
1 1602
1 1611
1 3708
1 2961
1 2682
1 4419
1 4113
1 3348
1 3177
1 5382
1 1602
1 1818
1 2322
1 2322
1 7659
1 3024
1 2997
1 6399
1 1719
1 3735
1 891
1 4023
1 4419
1 981
1 2988
1 1494
1 4050
1 5490
1 2826
1 3006
1 2223
1 6723
1 4041
1 4950
1 2232
1 3537
1 3060
1 3330
1 2934
1 4527
1 7209
1 1368
1 2547
1 3168
1 4563
1 2421
1 4113
1 2916
1 1953
1 6345
1 4590
1 5328
1 3006
1 3933
1 3438
1 1224
1 3294
1 2061
1 4770
1 2601
1 3420
1 2367
1 2043
1 4491
1 4824
1 2421
1 1170
1 4374
1 2268
1 6957
1 4041
1 1548
1 3357
1 2160
1 3699
1 3870
1 6282
1 4356
1 4707
1 5769
1 5319
1 2034
1 4014
1 2592
1 3384
1 3339
1 1854
1 4185
1 3105
1 2520
1 5679
1 2565
1 2106
1 4446
1 4203
1 1656
1 2295
1 5832
1 2754
1 4347
1 4311
1 3789
1 3393
1 6084
1 2907
1 1845
1 3537
1 2286
1 4842
1 3267
1 4014
1 4851
1 2547
1 2511
1 4806
1 999
1 2700
1 1368
1 3501
1 3357
1 4329
1 2493
1 846
1 3492
1 2484
1 4329
1 1044
1 1314
1 4878
1 2025
1 4041
1 4698
1 1872
1 1827
1 2430
1 3852
1 3798
1 2385
1 1854
1 4653
1 2385
1 2952
1 4428
1 3195
1 3384
1 2133
1 3654
1 3096
1 2250
1 3780
1 1584
1 4797
1 5427
1 2655
1 2232
1 1341
1 2466
1 4257
1 1467
1 3690
1 3870
1 1602
1 1539
1 1890
1 3861
1 3294
1 2448
1 3663
1 3447
1 4086
1 5184
1 3744
1 3618
1 3132
1 3177
1 1584
1 3285
1 4617
1 7641
1 2592
1 2259
1 1962
1 5490
1 7317
1 3879
1 2043
1 2511
1 2745
1 1053
1 4581
1 3627
1 4779
1 4275
1 5157
1 3825
1 4806
1 4941
1 1998
1 3096
1 3510
1 3870
1 2007
1 2322
1 2187
1 4410
1 1764
1 3600
1 3771
1 3996
1 2628
1 4257
1 2898
1 2754
1 2205
1 1908
1 1980
1 3177
1 3897
1 1728
1 1422
1 6912
1 2439
1 2106
1 2151
1 4617
1 2196
1 4833
1 6003
1 2916
1 1467
1 6192
1 1701
1 1575
1 1809
1 2736
1 2826
1 2061
1 4041
1 3141
1 3537
1 2322
1 3672
1 1359
1 2502
1 3933
1 2448
1 4608
1 3573
1 2439
1 2745
1 3321
1 2313
1 1701
1 1728
1 4329
1 1161
1 4104
1 612
1 2205
1 1899
1 1674
1 3789
1 3438
1 4824
1 4302
1 4662
1 5535
1 4167
1 3069
1 2745
1 2493
1 1593
1 4779
1 1683
1 3024
1 3150
1 4581
1 2394
1 1692
1 1125
1 4491
1 4815
1 2637
1 3825
1 1827
1 2718
1 2997
1 1476
1 1449
1 4077
1 3141
1 2340
1 4797
1 2646
1 8235
1 2574
1 2412
1 3636
1 1773
1 1980
1 2880
1 3744
1 2295
1 2646
1 3249
1 1422
1 2664
1 5931
1 4977
1 1854
1 3366
1 1350
1 1800
1 1980
1 1665
1 3078
1 2970
1 1143
1 2799
1 6984
1 3375
1 1026
1 2808
1 3060
1 2970
1 3339
1 2169
1 5445
1 1575
1 2430
1 1962
1 1494
1 2871
1 1701
1 2745
1 2898
1 2160
1 2502
1 5049
1 2475
1 2052
1 1557
1 5121
1 4959
1 1098
1 1278
1 1719
1 3474
1 1512
1 5157
1 2628
1 2052
1 4212
1 2502
1 2655
1 2547
1 1593
1 5850
1 5436
1 2763
1 2979
1 2403
1 3384
1 1674
1 1872
1 4212
1 5103
1 3645
1 2511
1 2223
1 3267
1 3645
1 3447
1 3870
1 2655
1 3537
1 2646
1 6759
1 2574
1 1476
1 3348
1 4725
1 3501
1 3168
1 3168
1 2700
1 5634
1 2403
1 6021
1 7227
1 3456
1 2403
1 2520
1 3951
1 3537
1 3951
1 1683
1 3915
1 5679
1 3141
1 4023
1 3384
1 2664
1 1980
1 2772
1 2502
1 1791
1 2916
1 1710
1 3366
1 3141
1 4203
1 3060
1 4563
1 1809
1 1764
1 2007
1 2763
1 2628
1 4860
1 3096
1 2907
1 3870
1 4275
1 3519
1 2898
1 1701
1 3663
1 3330
1 3609
1 3942
1 2457
1 1764
1 4725
1 2844
1 3141
1 5283
1 4824
1 1485
1 5859
1 4536
1 2439
1 4707
1 4041
1 4743
1 2061
1 1215
1 5436
1 1773
1 1647
1 3780
1 6057
1 2970
1 2322
1 4644
1 6930
1 1323
1 2241
1 2556
1 2151
1 1152
1 2430
1 2862
1 4212
1 3609
1 6975
1 1053
1 3042
1 4041
1 3420
1 3510
1 4176
1 8325
1 3798
1 7668
1 4320
1 3132
1 3510
1 2475
1 2448
1 1557
1 5382
1 2043
1 2097
1 3168
1 1233
1 3258
1 5886
1 2592
1 3411
1 1107
1 2637
1 5976
1 2646
1 2565
1 3384
1 3492
1 2232
1 2529
1 1161
1 1746
1 3006
1 4365
1 4014
1 3150
1 2556
1 2601
1 3042
1 3186
1 4662
1 2664
1 5391
1 3267
1 1683
1 2691
1 882
1 2682
1 2439
1 3609
1 3600
1 2223
1 1953
1 5481
1 1305
1 2916
1 3528
1 2232
1 1233
1 2907
1 4779
1 1431
1 2952
1 3402
1 2934
1 2619
1 3843
1 2385
1 2871
1 3636
1 5013
1 2250
1 2475
1 2943
1 3213
1 2592
1 1467
1 6093
1 2844
1 1836
1 7542
1 3015
1 3213
1 2646
1 3384
1 3024
1 3816
1 2484
1 2313
1 1980
1 2556
1 1323
1 3087
1 2619
1 1935
1 1143
1 2565
1 2115
1 3267
1 1737
1 3915
1 4878
1 3312
1 1863
1 2358
1 3735
1 3357
1 3294
1 900
1 3402
1 2430
1 3834
1 2808
1 4104
1 3645
1 5355
1 3537
1 3834
1 2880
1 3996
1 6714
1 2124
1 3636
1 3609
1 2043
1 2088
1 6192
1 5931
1 2259
1 5265
1 6696
1 1629
1 3366
1 3438
1 5031
1 2772
1 2754
1 6435
1 2691
1 1692
1 6543
1 1989
1 3411
1 1404
1 6066
1 2484
1 3348
1 1260
1 4203
1 1656
1 3348
1 2016
1 2529
1 2034
1 1836
1 2808
1 2214
1 1818
1 3618
1 3600
1 2376
1 4356
1 1737
1 2880
1 3267
1 2142
1 3330
1 1773
1 2034
1 3312
1 3537
1 4707
1 4338
1 1953
1 3411
1 6318
1 2052
1 2547
1 1935
1 909
1 2574
1 3753
1 2358
1 2151
1 2817
1 3330
1 2538
1 3015
1 3861
1 7299
1 3555
1 2952
1 4779
1 4689
1 4059
1 2097
1 4491
1 6300
1 2322
1 1485
1 5463
1 2205
1 1818
1 5319
1 3924
1 7542
1 1944
1 1584
1 3798
1 2592
1 3114
1 2799
1 2421
1 3024
1 3114
1 2007
1 1089
1 3456
1 3330
1 2016
1 1179
1 3465
1 8091
1 2133
1 4311
1 2115
1 5013
1 6129
1 1197
1 1917
1 3375
1 3663
1 4167
1 7119
1 1350
1 3870
1 4356
1 1341
1 2808
1 3042
1 3168
1 4410
1 4068
1 3708
1 3024
1 1575
1 4005
1 4104
1 3411
1 2871
1 7542
1 6066
1 2106
1 2871
1 2736
1 1971
1 2403
1 1980
1 1269
1 2844
1 3312
1 2673
1 4491
1 5841
1 7281
1 2925
1 4032
1 7830
1 2979
1 1962
1 7020
1 2520
1 4590
1 1305
1 3105
1 4536
1 5067
1 2934
1 1458
1 4482
1 3897
1 2439
1 1458
1 3663
1 3600
1 1890
1 8361
1 3663
1 2106
1 7623
1 2556
1 1431
1 3672
1 2610
1 2727
1 2142
1 2457
1 3312
1 2538
1 2934
1 1242
1 5175
1 1197
1 3690
1 3483
1 4761
1 3897
1 4995
1 4050
1 2637
1 2376
1 4923
1 2187
1 3627
1 4320
1 3942
1 4581
1 1773
1 6723
1 3672
1 6768
1 2673
1 4149
1 2421
1 2898
1 2628
1 3078
1 5697
1 2187
1 5112
1 1881
1 1521
1 2916
1 4662
1 2358
1 2943
1 5211
1 3771
1 2925
1 3870
1 2403
1 3474
1 2790
1 1773
1 4941
1 3384
1 2511
1 5355
1 4077
1 2520
1 2790
1 3564
1 2808
1 4248
1 4158
1 1323
1 4383
1 6498
1 2331
1 2547
1 4554
1 4743
1 3186
1 2394
1 2979
1 2043
1 3213
1 4482
1 4374
1 2439
1 4968
1 8343
1 3024
1 1656
1 2907
1 4077
1 5472
1 2313
1 2547
1 4230
1 3114
1 5139
1 1989
1 1755
1 4077
1 2052
1 2997
1 2142
1 2115
1 3330
1 2853
1 4203
1 7803
1 3330
1 2277
1 3519
1 2142
1 1008
1 2403
1 3060
1 3195
1 2034
1 5211
1 3537
1 2961
1 3879
1 5256
1 2799
1 4635
1 1458
1 2349
1 3429
1 2151
1 1701
1 3267
1 4320
1 4104
1 4716
1 1827
1 3384
1 3645
1 3897
1 1341
1 5400
1 1935
1 1449
1 2970
1 3825
1 5229
1 4914
1 2682
1 2637
1 2052
1 1746
1 2439
1 2826
1 1728
1 3105
1 4005
1 5130
1 1215
1 3690
1 2367
1 3366
1 3150
1 1548
1 2565
1 3807
1 3699
1 3402
1 2880
1 3708
1 1854
1 5472
1 1998
1 3573
1 2826
1 1044
1 3186
1 2448
1 3645
1 2160
1 4167
1 1206
1 900
1 2196
1 3852
1 2259
1 2349
1 4905
1 4977
1 981
1 1350
1 1116
1 3951
1 1539
1 3780
1 1485
1 2394
1 4284
1 1638
1 3339
1 3555
1 2601
1 2304
1 4959
1 3924
1 2250
1 1701
1 2241
1 4365
1 2790
1 1377
1 5409
1 3969
1 4869
1 5049
1 2349
1 2916
1 2070
1 3888
1 2565
1 3609
1 2304
1 2781
1 2313
1 1845
1 4347
1 1602
1 4842
1 4464
1 3501
1 2412
1 1674
1 3033
1 3042
1 2250
1 2592
1 2538
1 1548
1 2565
1 2736
1 1125
1 4392
1 1809
1 3159
1 2142
1 2556
1 1566
1 4743
1 4266
1 5670
1 4149
1 5058
1 2295
1 1575
1 3438
1 2286
1 864
1 5400
1 6453
1 3096
1 1800
1 3177
1 2331
1 3456
1 4419
1 2493
1 3888
1 1935
1 3690
1 1971
1 2637
1 4986
1 3051
1 3123
1 3699
1 3456
1 1935
1 1683
1 5022
1 1485
1 4140
1 5040
1 3897
1 5031
1 5193
1 1566
1 1872
1 3132
1 1413
1 3087
1 2700
1 5274
1 3186
1 5445
1 2178
1 2394
1 4770
1 2259
1 2565
1 3393
1 2547
1 3645
1 3312
1 5436
1 1170
1 4725
1 3438
1 2007
1 5094
1 3753
1 2295
1 2106
1 1071
1 1098
1 3708
1 4680
1 2547
1 3150
1 1422
1 3897
1 3438
1 3618
1 5715
1 5436
1 1053
1 4293
1 3006
1 5850
1 1206
1 2448
1 3816
1 1809
1 3492
1 4671
1 3555
1 2655
1 5157
1 1314
1 4131
1 3654
1 5103
1 3141
1 3645
1 3798
1 1008
1 3843
1 882
1 3870
1 2619
1 3150
1 3861
1 6174
1 1602
1 2907
1 4986
1 3213
1 2997
1 1521
1 3303
1 2124
1 5553
1 2979
1 3996
1 1503
1 3060
1 1584
1 2628
1 4473
1 2097
1 2556
1 1548
1 2574
1 4689
1 4842
1 1332
1 2448
1 1134
1 4176
1 3267
1 2259
1 5274
1 4527
1 2925
1 1296
1 4356
1 2790
1 2880
1 2304
1 3051
1 7407
1 2754
1 2925
1 2709
1 3087
1 1386
1 3240
1 3915
1 1701
1 3267
1 4104
1 3294
1 1944
1 6480
1 2214
1 1413
1 5643
1 2961
1 4833
1 4761
1 2817
1 2169
1 2574
1 2115
1 2547
1 2520
1 2538
1 2331
1 5688
1 4275
1 2277
1 3123
1 4194
1 5958
1 4068
1 3303
1 6003
1 1827
1 3294
1 5760
1 2277
1 3753
1 4383
1 4761
1 2331
1 3042
1 1881
1 3213
1 2979
1 5841
1 4545
1 1431
1 3429
1 3483
1 2763
1 4815
1 2313
1 4797
1 1953
1 4392
1 2934
1 6750
1 1593
1 2619
1 2952
1 2637
1 2691
1 1746
1 4626
1 2853
1 7632
1 1917
1 4428
1 3069
1 1629
1 1854
1 3339
1 1962
1 1890
1 1647
1 6201
1 3573
1 2448
1 5634
1 3195
1 6462
1 2619
1 2385
1 2619
1 1827
1 2331
1 4662
1 3168
1 4203
1 3357
1 3555
1 2799
1 3987
1 1989
1 2268
1 4455
1 1629
1 5760
1 4428
1 4068
1 3960
1 2835
1 2286
1 1899
1 2673
1 2880
1 2556
1 1368
1 5247
1 3465
1 4950
1 5949
1 4833
1 8217
1 3663
1 4698
1 5058
1 1953
1 5121
1 3780
1 4014
1 3996
1 3033
1 4779
1 3861
1 3249
1 1521
1 3870
1 2646
1 4203
1 2736
1 3852
1 2034
1 2808
1 4995
1 2034
1 3555
1 2565
1 4788
1 2034
1 2169
1 1539
1 3519
1 2655
1 1800
1 4176
1 3330
1 2835
1 2916
1 2160
1 4014
1 4050
1 5085
1 8010
1 3087
1 4986
1 2439
1 5661
1 1944
1 1881
1 7038
1 3411
1 4527
1 1683
1 4122
1 819
1 7056
1 5688
1 2412
1 5436
1 1890
1 2034
1 2925
1 2016
1 5598
1 2952
1 4059
1 5364
1 4293
1 3951
1 3645
1 5148
1 2187
1 3708
1 1836
1 2439
1 5067
1 2205
1 2151
1 3528
1 1521
1 3312
1 3564
1 5013
1 1809
1 3951
1 5985
1 2268
1 3996
1 2907
1 4356
1 2844
1 3879
1 3681
1 3420
1 3231
1 9423
1 2574
1 2619
1 2151
1 3186
1 3231
1 1728
1 1647
1 2682
1 2808
1 2673
1 5211
1 4059
1 2826
1 4554
1 2304
1 2610
1 1935
1 2295
1 2250
1 5850
1 1773
1 3528
1 4257
1 1296
1 3186
1 7497
1 5724
1 5904
1 2889
1 4086
1 1683
1 1098
1 2214
1 2223
1 2007
1 3069
1 4941
1 1665
1 2061
1 1323
1 1422
1 4122
1 2457
1 1692
1 1854
1 2466
1 4464
1 3789
1 3780
1 3267
1 1242
1 6417
1 1386
1 1881
1 1746
1 2547
1 1863
1 3186
1 1908
1 4347
1 3762
1 2772
1 2889
1 2466
1 3600
1 3294
1 1863
1 1773
1 2880
1 2835
1 4599
1 1071
1 6084
1 3681
1 3609
1 3645
1 1683
1 2250
1 4923
1 2439
1 5391
1 1197
1 2781
1 2412
1 4563
1 2718
1 5472
1 3303
1 1944
1 4437
1 693
1 3915
1 3447
1 4293
1 3492
1 2583
1 2034
1 1485
1 1629
1 2340
1 4122
1 2034
1 2727
1 1917
1 4014
1 3042
1 1692
1 2511
1 3645
1 3897
1 3492
1 2520
1 1818
1 1449
1 2970
1 3573
1 4761
1 2583
1 2124
1 3852
1 2358
1 6471
1 3915
1 3546
1 2745
1 2277
1 2646
1 1647
1 1593
1 2448
1 2682
1 3564
1 2115
1 2880
1 2385
1 3987
1 1989
1 4716
1 2583
1 3312
1 3501
1 945
1 1845
1 4167
1 2682
1 972
1 2502
1 1737
1 2250
1 3339
1 4032
1 2574
1 3078
1 3132
1 2124
1 2907
1 2007
1 2187
1 3024
1 2124
1 3060
1 1980
1 2673
1 2358
1 1206
1 6930
1 4284
1 1125
1 7983
1 2304
1 2790
1 3213
1 4347
1 2223
1 1341
1 8937
1 3168
1 3897
1 3465
1 3213
1 4059
1 5436
1 2115
1 2340
1 2664
1 3078
1 2331
1 2592
1 2295
1 1908
1 9756
1 4680
1 2592
1 1827
1 2547
1 2619
1 2079
1 2115
1 8415
1 4905
1 2421
1 3060
1 4986
1 4185
1 3483
1 4860
1 4770
1 2808
1 2358
1 3357
1 1503
1 2664
1 1683
1 1791
1 1377
1 3573
1 3312
1 2601
1 6678
1 2034
1 4617
1 4365
1 2871
1 2727
1 1512
1 3771
1 2601
1 3231
1 2043
1 2538
1 4878
1 6588
1 1953
1 3375
1 2430
1 4392
1 1053
1 3393
1 2250
1 3168
1 4770
1 2817
1 2889
1 3294
1 4086
1 4536
1 2493
1 1683
1 2025
1 4365
1 1737
1 5130
1 5211
1 4032
1 3222
1 3132
1 2682
1 2943
1 3438
1 3492
1 1836
1 2610
1 1962
1 3564
1 1332
1 5571
1 3258
1 2169
1 2871
1 2583
1 1638
1 3609
1 2232
1 2259
1 4536
1 4221
1 2295
1 3267
1 2799
1 2205
1 3141
1 3501
1 2808
1 1737
1 3609
1 1845
1 3060
1 7263
1 2340
1 2223
1 2646
1 1530
1 5769
1 1314
1 2430
1 2745
1 3816
1 3384
1 1656
1 2115
1 7398
1 2115
1 1197
1 1008
1 3978
1 3051
1 4698
1 4923
1 3168
1 3609
1 5544
1 2988
1 1548
1 4581
1 3429
1 2943
1 1890
1 3960
1 2151
1 5058
1 2475
1 1872
1 1134
1 3771
1 2592
1 4995
1 4050
1 3969
1 927
1 4473
1 3240
1 2295
1 1962
1 2574
1 2952
1 2961
1 2385
1 3168
1 1980
1 3168
1 1413
1 2844
1 3618
1 4257
1 3618
1 3015
1 1773
1 1836
1 5949
1 2268
1 3339
1 1944
1 3213
1 1782
1 2394
1 6570
1 2376
1 2475
1 4842
1 2907
1 1728
1 5022
1 1845
1 4005
1 4005
1 5094
1 4797
1 3834
1 2430
1 3816
1 3321
1 1440
1 1971
1 4995
1 2583
1 4644
1 3987
1 5562
1 2502
1 2475
1 2637
1 2619
1 5319
1 5769
1 3159
1 4248
1 2106
1 2169
1 2754
1 4833
1 3600
1 3015
1 3087
1 3960
1 1836
1 3177
1 1575
1 2781
1 3780
1 2826
1 5202
1 1647
1 4797
1 1494
1 4590
1 783
1 3312
1 3735
1 5454
1 1989
1 3348
1 4212
1 1314
1 3375
1 2286
1 3906
1 3645
1 2781
1 1584
1 3195
1 2439
1 4599
1 3132
1 7011
1 3780
1 2457
1 2484
1 1791
1 5553
1 2592
1 3420
1 1809
1 4635
1 2070
1 5940
1 2205
1 1368
1 4347
1 3078
1 1620
1 2529
1 3069
1 1710
1 3798
1 2430
1 5958
1 4995
1 2520
1 4626
1 1584
1 3438
1 3456
1 5805
1 3087
1 2025
1 1503
1 2367
1 4293
1 3141
1 2178
1 3591
1 1854
1 1782
1 3537
1 3879
1 1728
1 1575
1 4122
1 2088
1 2250
1 3330
1 3267
1 4311
1 5652
1 3312
1 1980
1 2169
1 5814
1 4950
1 2052
1 2277
1 4185
1 2250
1 1593
1 2205
1 3537
1 6687
1 4392
1 4833
1 2115
1 3330
1 4005
1 4275
1 3699
1 3474
1 4590
1 1701
1 2493
1 5814
1 2079
1 3258
1 3780
1 2430
1 1656
1 2025
1 4266
1 1962
1 3546
1 6183
1 2727
1 2133
1 3681
1 2943
1 2367
1 2736
1 2556
1 2916
1 3402
1 5049
1 3204
1 5409
1 1926
1 4941
1 1224
1 1458
1 1719
1 7038
1 2943
1 4419
1 1575
1 6453
1 1737
1 2187
1 2835
1 2124
1 4626
1 2034
1 1674
1 1863
1 1296
1 2232
1 4428
1 4257
1 6561
1 3429
1 3681
1 2493
1 3528
1 5193
1 2997
1 3294
1 3015
1 2187
1 3348
1 1071
1 2736
1 6444
1 4230
1 1854
1 2961
1 1620
1 1746
1 4986
1 1773
1 2061
1 1710
1 5589
1 1764
1 2088
1 1368
1 3483
1 3456
1 2151
1 2142
1 1359
1 2151
1 1161
1 5580
1 4995
1 1890
1 3591
1 5634
1 3519
1 9081
1 4239
1 3780
1 2925
1 3375
1 3978
1 3375
1 2619
1 3240
1 3825
1 1998
1 3330
1 1971
1 2889
1 3060
1 2016
1 5976
1 3222
1 2412
1 5049
1 783
1 3267
1 1944
1 2304
1 2106
1 2214
1 5958
1 3006
1 1611
1 2880
1 2412
1 7776
1 2178
1 1512
1 2340
1 5760
1 1080
1 1575
1 1161
1 1647
1 3357
1 1611
1 2853
1 4230
1 3357
1 3744
1 1863
1 4653
1 3852
1 2772
1 2592
1 1557
1 2034
1 2187
1 2358
1 2187
1 6732
1 5886
1 1269
1 1548
1 3123
1 5310
1 2970
1 5994
1 5904
1 1107
1 3753
1 2601
1 4995
1 3132
1 4221
1 1971
1 2583
1 5283
1 2358
1 1665
1 1854
1 2457
1 747
1 2331
1 2637
1 2475
1 2745
1 2079
1 4464
1 1440
1 2070
1 1890
1 3843
1 5364
1 4932
1 1692
1 1098
1 1224
1 2745
1 2853
1 1890
1 3636
1 1710
1 1863
1 3636
1 3717
1 3024
1 4644
1 774
1 2160
1 1521
1 2763
1 2088
1 4392
1 1386
1 3663
1 2916
1 1026
1 3636
1 1404
1 2043
1 3195
1 5391
1 2682
1 3672
1 4716
1 5004
1 2691
1 5877
1 2637
1 2646
1 2781
1 1368
1 2610
1 2511
1 1062
1 2682
1 6651
1 2259
1 4383
1 3141
1 2529
1 3015
1 2016
1 2061
1 4707
1 1404
1 2682
1 2835
1 2709
1 3753
1 3051
1 6471
1 990
1 2421
1 4032
1 4077
1 2961
1 3240
1 2241
1 2034
1 3285
1 4860
1 2106
1 3024
1 1665
1 2052
1 1548
1 3033
1 2736
1 5058
1 3447
1 2808
1 3672
1 6354
1 3726
1 3492
1 4176
1 2871
1 3672
1 1737
1 1692
1 3249
1 8244
1 1287
1 2700
1 1458
1 11934
1 3186
1 3996
1 3069
1 3861
1 1611
1 2736
1 2025
1 3240
1 3195
1 3258
1 2376
1 2268
1 4275
1 5328
1 2151
1 2259
1 4068
1 5328
1 2709
1 2520
1 2124
1 2007
1 1305
1 3483
1 2727
1 2934
1 4896
1 4338
1 4464
1 1773
1 1818
1 5832
1 5418
1 5013
1 2331
1 3393
1 3951
1 2025
1 4176
1 3411
1 2979
1 2772
1 5103
1 3609
1 2664
1 5211
1 2385
1 1044
1 6696
1 2322
1 2466
1 2385
1 945
1 4914
1 1890
1 2493
1 6651
1 3402
1 1368
1 909
1 2673
1 3447
1 2736
1 2367
1 1926
1 4725
1 3726
1 3240
1 3447
1 4464
1 1530
1 4842
1 2358
1 1728
1 4104
1 2844
1 5688
1 2439
1 2232
1 3357
1 2808
1 4401
1 3870
1 3069
1 5508
1 3249
1 3294
1 2637
1 1314
1 2385
1 2637
1 5031
1 2016
1 4176
1 4725
1 4248
1 1530
1 1755
1 1899
1 2574
1 3744
1 4653
1 4221
1 4248
1 3771
1 2376
1 1395
1 3708
1 3267
1 3987
1 2727
1 2943
1 1422
1 1575
1 3708
1 3924
1 5616
1 2736
1 2277
1 3105
1 4230
1 1674
1 4473
1 5112
1 3528
1 3492
1 3186
1 4437
1 3861
1 4140
1 2790
1 2583
1 3834
1 1350
1 4896
1 2241
1 4635
1 4212
1 1818
1 2367
1 1791
1 1728
1 3492
1 3888
1 5724
1 2619
1 3141
1 2304
1 5283
1 2700
1 2826
1 1863
1 4068
1 2187
1 3969
1 2664
1 1989
1 837
1 4041
1 2862
1 4446
1 1242
1 3051
1 5013
1 3654
1 2385
1 4644
1 1980
1 4068
1 4293
1 3330
1 5085
1 3681
1 3123
1 2682
1 8892
1 2871
1 2538
1 2088
1 3006
1 4347
1 2961
1 2052
1 2916
1 1674
1 2052
1 2430
1 3312
1 2970
1 4995
1 2052
1 2997
1 4140
1 3375
1 2925
1 2259
1 6732
1 7965
1 5868
1 2475
1 4023
1 3987
1 2853
1 4491
1 3798
1 2025
1 3672
1 4401
1 2736
1 2781
1 1476
1 819
1 2475
1 2421
1 2439
1 3825
1 2475
1 4752
1 2394
1 2331
1 2592
1 3231
1 5130
1 2133
1 4617
1 3204
1 1953
1 2817
1 3618
1 2358
1 3609
1 6201
1 4077
1 2934
1 3816
1 2142
1 2394
1 2754
1 4707
1 4185
1 3582
1 3537
1 4383
1 3636
1 4518
1 2826
1 1107
1 4338
1 6174
1 3204
1 4806
1 2412
1 3294
1 4266
1 4005
1 2637
1 1647
1 2907
1 1413
1 2844
1 2502
1 7236
1 4203
1 5247
1 3375
1 2727
1 2070
1 3681
1 5607
1 3987
1 3870
1 5409
1 2376
1 2961
1 3645
1 7587
1 3393
1 5103
1 4689
1 1197
1 1107
1 1809
1 2124
1 3357
1 3096
1 3303
1 1782
1 3519
1 1845
1 2295
1 6660
1 3348
1 4212
1 1719
1 4284
1 4104
1 1377
1 3249
1 2322
1 2880
1 4761
1 3969
1 2259
1 3348
1 1845
1 4716
1 3276
1 2745
1 3879
1 1935
1 1683
1 6003
1 2862
1 7587
1 1188
1 3186
1 3636
1 4005
1 2079
1 1827
1 2511
1 8154
1 3168
1 4284
1 4491
1 4545
1 3465
1 3060
1 1539
1 3699
1 3753
1 2664
1 4176
1 1638
1 1557
1 1962
1 5796
1 3780
1 2880
1 1224
1 4914
1 2250
1 3996
1 2835
1 3636
1 3987
1 5877
1 1584
1 4536
1 5067
1 4113
1 3150
1 2583
1 1359
1 3600
1 4041
1 4770
1 3924
1 6012
1 3861
1 2016
1 3177
1 4545
1 2295
1 2214
1 1719
1 3816
1 2565
1 2763
1 2070
1 8892
1 1998
1 2394
1 2619
1 3519
1 3114
1 1908
1 2349
1 2520
1 4014
1 3816
1 5409
1 2970
1 4626
1 2817
1 2205
1 1485
1 8856
1 3735
1 3951
1 4401
1 3636
1 4320
1 3384
1 2979
1 3771
1 3780
1 4527
1 3006
1 3240
1 2430
1 2727
1 3042
1 4788
1 2529
1 3222
1 2268
1 1260
1 2736
1 2349
1 3168
1 1881
1 1620
1 2151
1 3546
1 3006
1 2133
1 2052
1 2079
1 1611
1 3753
1 2268
1 3519
1 1863
1 3474
1 5652
1 3276
1 3888
1 2403
1 4428
1 6435
1 1575
1 6030
1 4734
1 2241
1 4410
1 3681
1 1503
1 2016
1 3321
1 2016
1 1998
1 3492
1 1710
1 4131
1 3699
1 3411
1 7092
1 3276
1 1224
1 2385
1 4059
1 5292
1 2493
1 4257
1 5400
1 5571
1 5031
1 3267
1 1890
1 2331
1 1755
1 3294
1 1548
1 5076
1 2772
1 1782
1 2439
1 3942
1 4248
1 2529
1 5247
1 5994
1 846
1 999
1 3276
1 2520
1 1566
1 3942
1 1395
1 3195
1 2007
1 3681
1 9189
1 2808
1 2223
1 1305
1 1386
1 2079
1 3663
1 2358
1 1143
1 3321
1 4626
1 2952
1 3951
1 3951
1 3033
1 1188
1 3672
1 5517
1 5841
1 3366
1 1170
1 2151
1 2835
1 1872
1 4221
1 5688
1 4860
1 4914
1 3735
1 2412
1 3834
1 2295
1 6372
1 3006
1 2556
1 4626
1 3249
1 2457
1 3519
1 2322
1 3510
1 3033
1 5400
1 5454
1 4374
1 3798
1 2160
1 4752
1 2790
1 6813
1 2025
1 3627
1 2889
1 2754
1 1224
1 3393
1 2214
1 3519
1 1647
1 2691
1 2286
1 3033
1 3105
1 1260
1 4176
1 3186
1 2556
1 4419
1 1323
1 4311
1 1890
1 2844
1 2259
1 4293
1 2052
1 2880
1 3645
1 2574
1 2259
1 1485
1 4095
1 2097
1 5670
1 2772
1 2907
1 2430
1 3816
1 4446
1 1908
1 4914
1 1998
1 3438
1 2772
1 6759
1 6048
1 4383
1 3699
1 5580
1 6876
1 1566
1 6291
1 1782
1 3681
1 1467
1 1476
1 3060
1 3510
1 2862
1 1665
1 2007
1 1233
1 3060
1 2799
1 4347
1 4572
1 2538
1 5688
1 3951
1 1647
1 3078
1 2637
1 2610
1 2421
1 6876
1 3321
1 5220
1 3501
1 2412
1 1962
1 3888
1 1476
1 3681
1 3069
1 2205
1 2790
1 2817
1 2655
1 1548
1 2682
1 2007
1 2358
1 2826
1 4635
1 2529
1 5319
1 4914
1 5337
1 2169
1 3042
1 1467
1 4113
1 2952
1 4329
1 4203
1 2196
1 1836
1 1440
1 3393
1 2772
1 2304
1 2250
1 2133
1 1440
1 3609
1 1512
1 7056
1 5553
1 3078
1 10386
1 4104
1 2691
1 3618
1 4338
1 3060
1 2961
1 3852
1 6030
1 1026
1 4446
1 2403
1 2628
1 1431
1 3069
1 4662
1 3996
1 3348
1 3231
1 5976
1 2025
1 5364
1 2754
1 2322
1 4824
1 3438
1 3627
1 3159
1 2079
1 2475
1 2961
1 4050
1 4293
1 3888
1 3069
1 3906
1 4779
1 2745
1 2898
1 1521
1 3096
1 2385
1 3618
1 2385
1 5166
1 3870
1 1899
1 4068
1 2601
1 1764
1 3861
1 1386
1 1287
1 2754
1 2736
1 6111
1 4599
1 4032
1 2799
1 7011
1 3357
1 3357
1 3123
1 4446
1 2151
1 4077
1 4626
1 4797
1 3627
1 5967
1 4410
1 5634
1 3672
1 4788
1 2106
1 3348
1 2277
1 2403
1 2007
1 4158
1 1287
1 2007
1 1512
1 1845
1 2673
1 5877
1 5832
1 1017
1 4275
1 1656
1 6498
1 1233
1 3798
1 3807
1 3186
1 1917
1 2556
1 2961
1 2574
1 6534
1 4734
1 3105
1 3744
1 1062
1 5220
1 2079
1 1233
1 2232
1 2286
1 2313
1 1962
1 4905
1 2853
1 2592
1 2583
1 4158
1 4563
1 5166
1 2952
1 4761
1 1935
1 1485
1 1890
1 2043
1 2349
1 1377
1 2790
1 4986
1 4284
1 4905
1 2448
1 4437
1 3312
1 3447
1 4860
1 3960
1 1782
1 2934
1 6111
1 5526
1 3240
1 2880
1 2205
1 2943
1 4680
1 5337
1 1539
1 3573
1 3240
1 1323
1 3231
1 2898
1 4086
1 1539
1 2556
1 1215
1 3807
1 7506
1 5535
1 1638
1 3150
1 2061
1 2088
1 2556
1 3609
1 1575
1 5355
1 4401
1 3411
1 2259
1 1782
1 3627
1 2034
1 2817
1 1557
1 3303
1 2133
1 3303
1 7578
1 3312
1 1548
1 2439
1 5940
1 6975
1 1674
1 4698
1 2115
1 2673
1 4617
1 2790
1 2016
1 2997
1 2511
1 2385
1 3204
1 2556
1 1683
1 1665
1 3051
1 3060
1 4464
1 1269
1 2700
1 2034
1 4428
1 1035
1 3627
1 5661
1 2511
1 2043
1 3501
1 2934
1 3159
1 2034
1 6363
1 5643
1 1953
1 4257
1 4491
1 4869
1 1944
1 3231
1 2142
1 2304
1 5553
1 1863
1 1998
1 2682
1 4302
1 1935
1 2241
1 3573
1 2583
1 2754
1 2367
1 1080
1 6867
1 3825
1 3600
1 5346
1 1908
1 5067
1 2187
1 3276
1 4266
1 2736
1 2088
1 1755
1 3753
1 3636
1 1368
1 2916
1 1746
1 3024
1 2466
1 3807
1 3348
1 5238
1 2259
1 3195
1 2133
1 3150
1 1800
1 2709
1 3924
1 2430
1 3492
1 963
1 3384
1 2862
1 1890
1 5625
1 1917
1 2781
1 2313
1 2304
1 1782
1 5598
1 4050
1 1269
1 3042
1 2736
1 3240
1 2934
1 3069
1 3051
1 2169
1 3879
1 1440
1 3249
1 2763
1 1089
1 4059
1 2358
1 2196
1 2601
1 5139
1 3816
1 1557
1 1278
1 1665
1 3762
1 2520
1 2250
1 1638
1 3249
1 3015
1 2484
1 3312
1 3510
1 1341
1 3096
1 1179
1 1737
1 3924
1 7263
1 1899
1 1980
1 6273
1 3267
1 2808
1 5958
1 3285
1 2070
1 3366
1 3330
1 2520
1 2718
1 2106
1 4347
1 2628
1 2682
1 2628
1 3429
1 2142
1 1710
1 2043
1 3465
1 3834
1 2871
1 3042
1 3816
1 2997
1 3240
1 4680
1 3276
1 2232
1 5661
1 2565
1 2862
1 1989
1 3582
1 3078
1 2718
1 3114
1 3960
1 954
1 2016
1 2574
1 2394
1 2925
1 4761
1 1566
1 1971
1 4428
1 4329
1 3798
1 3717
1 1422
1 1683
1 1521
1 2619
1 3141
1 2898
1 4590
1 1953
1 3150
1 2367
1 3474
1 5481
1 4068
1 3555
1 4689
1 4014
1 1539
1 7227
1 8019
1 4050
1 2178
1 1836
1 2313
1 2592
1 6327
1 3708
1 2916
1 2799
1 2763
1 3420
1 7146
1 2403
1 2763
1 4626
1 1413
1 4698
1 4995
1 1593
1 1719
1 2142
1 2583
1 2151
1 1791
1 4662
1 2637
1 2736
1 2385
1 3240
1 4932
1 2511
1 3753
1 2952
1 1629
1 2565
1 4797
1 1674
1 1899
1 3096
1 2691
1 2322
1 2115
1 1728
1 3078
1 2736
1 2745
1 2736
1 1404
1 1827
1 3078
1 1737
1 3906
1 2817
1 3717
1 3447
1 3564
1 3141
1 5841
1 2700
1 3087
1 2673
1 1872
1 3537
1 5562
1 3042
1 2169
1 3150
1 5139
1 4599
1 2340
1 2115
1 2826
1 2529
1 1899
1 4032
1 2124
1 3078
1 5283
1 3312
1 1332
1 2421
1 2664
1 3636
1 4734
1 4050
1 2988
1 2718
1 1854
1 5175
1 3177
1 3573
1 1152
1 2439
1 6120
1 2142
1 3627
1 1989
1 2331
1 4437
1 2709
1 3816
1 2529
1 2619
1 4518
1 4491
1 2430
1 3906
1 1683
1 3717
1 1890
1 3150
1 4194
1 3474
1 4113
1 2493
1 3492
1 2943
1 3096
1 2043
1 2385
1 2466
1 837
1 2700
1 2997
1 5094
1 4221
1 2214
1 3924
1 3492
1 7533
1 5040
1 3564
1 5661
1 4041
1 2295
1 2763
1 2574
1 2934
1 3654
1 1953
1 1638
1 3951
1 4302
1 2106
1 3906
1 3636
1 1980
1 4446
1 3249
1 1620
1 3492
1 2340
1 1530
1 2709
1 6642
1 3339
1 2583
1 2988
1 2583
1 3852
1 1764
1 3078
1 3843
1 2682
1 3096
1 3798
1 5121
1 1359
1 5463
1 3555
1 3339
1 3951
1 4896
1 2196
1 1710
1 5994
1 2475
1 1287
1 1395
1 2862
1 7389
1 1638
1 3672
1 1665
1 4563
1 1827
1 1926
1 4896
1 2655
1 2403
1 3888
1 3600
1 1962
1 2367
1 2016
1 2943
1 2583
1 3384
1 3105
1 2367
1 3645
1 4374
1 2259
1 3231
1 2997
1 2709
1 3519
1 3591
1 2313
1 2466
1 5310
1 2079
1 5706
1 3537
1 1926
1 3852
1 1269
1 3933
1 1854
1 4257
1 3915
1 2268
1 3114
1 4050
1 2502
1 1899
1 6012
1 2097
1 1683
1 2151
1 6183
1 4743
1 2340
1 6426
1 2493
1 3780
1 2169
1 4527
1 3726
1 1044
1 3870
1 5013
1 5697
1 3051
1 2898
1 4221
1 3033
1 1251
1 4428
1 1440
1 1863
1 3411
1 3834
1 2106
1 2646
1 1908
1 4077
1 1989
1 3456
1 2277
1 1710
1 5022
1 1719
1 2493
1 2412
1 1251
1 2565
1 4086
1 1917
1 3654
1 5526
1 5067
1 6804
1 3285
1 4977
1 3798
1 1746
1 2565
1 3519
1 5238
1 2709
1 3231
1 5859
1 2376
1 2637
1 2961
1 2601
1 2628
1 3339
1 6138
1 1926
1 2304
1 1962
1 3240
1 2799
1 2817
1 3996
1 2988
1 1683
1 2493
1 2358
1 5598
1 3690
1 5526
1 2682
1 1926
1 4779
1 1899
1 936
1 2916
1 1215
1 2421
1 5607
1 1134
1 3465
1 3609
1 3258
1 1287
1 2592
1 4320
1 3555
1 3348
1 2187
1 3906
1 1251
1 2331
1 3348
1 2565
1 2619
1 4716
1 2952
1 1953
1 4068
1 6318
1 2961
1 2925
1 3213
1 3222
1 3609
1 7182
1 1386
1 2538
1 1818
1 3366
1 2808
1 2088
1 2025
1 1476
1 2745
1 4446
1 3699
1 1386
1 3771
1 4644
1 2898
1 3654
1 1989
1 3978
1 3150
1 2421
1 3114
1 4671
1 2259
1 2682
1 2781
1 2106
1 3105
1 2718
1 2637
1 3222
1 2763
1 6282
1 2898
1 1557
1 3852
1 2628
1 3267
1 3600
1 1152
1 3150
1 4194
1 2340
1 3708
1 2259
1 4050
1 1980
1 4392
1 2790
1 3726
1 8145
1 3771
1 2862
1 4761
1 3204
1 1710
1 5553
1 2430
1 2358
1 4095
1 4356
1 4932
1 2331
1 1503
1 3546
1 5697
1 5337
1 2088
1 5976
1 1449
1 2376
1 1863
1 4374
1 3015
1 6210
1 3384
1 2259
1 3636
1 1575
1 5706
1 1872
1 1809
1 2988
1 3582
1 1962
1 3357
1 2754
1 3303
1 2565
1 3303
1 2421
1 3420
1 2736
1 3438
1 3420
1 1854
1 4104
1 1827
1 4167
1 2286
1 1917
1 3276
1 2088
1 4995
1 3087
1 4077
1 4203
1 2484
1 2115
1 2205
1 5616
1 4149
1 4032
1 2574
1 6228
1 2547
1 4293
1 2115
1 5220
1 1161
1 1206
1 2160
1 3960
1 2385
1 2412
1 2547
1 3699
1 4743
1 3231
1 2133
1 2682
1 3546
1 1485
1 4248
1 4041
1 1485
1 3042
1 1872
1 2178
1 4131
1 3267
1 2745
1 4824
1 1881
1 3402
1 8802
1 3537
1 1539
1 3834
1 1989
1 4194
1 4086
1 1926
1 4347
1 4653
1 3753
1 5607
1 3888
1 1926
1 3717
1 1809
1 3600
1 4050
1 5994
1 4023
1 5805
1 3555
1 1476
1 2592
1 3033
1 4437
1 2727
1 3384
1 1503
1 3843
1 3591
1 1323
1 3906
1 1458
1 2862
1 3780
1 4158
1 5607
1 2997
1 2313
1 5310
1 2853
1 6498
1 3636
1 5868
1 6534
1 3042
1 2844
1 1602
1 2493
1 7380
1 3186
1 2547
1 1440
1 2502
1 3492
1 3951
1 1899
1 6696
1 2511
1 2763
1 2259
1 5454
1 2466
1 5364
1 909
1 4014
1 1314
1 3762
1 1224
1 1791
1 3168
1 4473
1 3852
1 6129
1 4752
1 3987
1 4797
1 1035
1 4842
1 2403
1 3339
1 3195
1 2331
1 1512
1 2403
1 5850
1 3654
1 3546
1 3339
1 2322
1 4356
1 4455
1 3969
1 3474
1 4959
1 3132
1 2889
1 3312
1 3204
1 3078
1 1440
1 3591
1 4959
1 3483
1 3375
1 5274
1 2628
1 1701
1 4869
1 3015
1 2376
1 4671
1 1287
1 2772
1 8757
1 4689
1 2610
1 2664
1 2142
1 1332
1 1143
1 2655
1 3564
1 3897
1 5787
1 3114
1 3456
1 1080
1 2826
1 5130
1 3753
1 4104
1 5337
1 7236
1 1404
1 1746
1 4014
1 3699
1 2799
1 3915
1 4824
1 2403
1 2808
1 3411
1 6012
1 3645
1 2952
1 4428
1 2376
1 2448
1 3069
1 5328
1 4347
1 3033
1 2970
1 3888
1 3690
1 3447
1 3267
1 3114
1 3015
1 3249
1 3978
1 3159
1 2511
1 2781
1 1368
1 2034
1 1791
1 3609
1 2556
1 2853
1 3501
1 5886
1 4239
1 3582
1 6903
1 1530
1 4248
1 2682
1 1548
1 5094
1 3240
1 4689
1 2223
1 2475
1 3609
1 1242
1 2781
1 5067
1 3438
1 2376
1 2007
1 2871
1 2331
1 5796
1 3807
1 3816
1 2790
1 5238
1 3870
1 3654
1 1413
1 1809
1 4815
1 3456
1 3204
1 3537
1 3960
1 1458
1 1935
1 3537
1 3006
1 4896
1 3771
1 4959
1 5364
1 4230
1 3231
1 2673
1 2952
1 4059
1 4329
1 3321
1 3780
1 1467
1 2358
1 3861
1 3330
1 1233
1 2250
1 3285
1 3474
1 1692
1 2412
1 2556
1 2331
1 1665
1 3564
1 3240
1 2844
1 4968
1 1476
1 2763
1 4653
1 2043
1 2061
1 2772
1 1620
1 1449
1 2664
1 2088
1 3150
1 3240
1 2790
1 5166
1 2907
1 3339
1 2223
1 2241
1 3807
1 2394
1 5283
1 1854
1 1674
1 2628
1 2520
1 3078
1 1845
1 2592
1 3663
1 1386
1 2547
1 1926
1 5742
1 1854
1 3033
1 4581
1 2853
1 3618
1 2421
1 4599
1 3123
1 2547
1 2187
1 5175
1 2439
1 3213
1 1413
1 2142
1 2385
1 4338
1 3348
1 2781
1 4887
1 2889
1 3186
1 1764
1 1800
1 4257
1 5166
1 1449
1 5769
1 1818
1 5607
1 2754
1 7434
1 1332
1 2268
1 2727
1 1152
1 3789
1 4518
1 2916
1 3312
1 1593
1 6102
1 2556
1 1215
1 5580
1 1854
1 2934
1 3249
1 3168
1 2223
1 5328
1 909
1 2799
1 1584
1 3618
1 3393
1 909
1 3888
1 2952
1 3852
1 5778
1 3609
1 1872
1 3249
1 2367
1 2457
1 1818
1 2385
1 1035
1 1962
1 4050
1 3213
1 5850
1 3348
1 4248
1 1719
1 3213
1 1962
1 2961
1 3465
1 3960
1 2475
1 10674
1 2493
1 2241
1 3600
1 2466
1 3969
1 1755
1 3348
1 2133
1 4095
1 2880
1 2331
1 2088
1 6039
1 3735
1 3357
1 2817
1 5220
1 3132
1 1440
1 2295
1 3501
1 3672
1 3555
1 4059
1 2421
1 4419
1 3429
1 1728
1 2313
1 3213
1 3267
1 3330
1 2187
1 3510
1 3096
1 3699
1 2511
1 2187
1 1800
1 1908
1 2304
1 4320
1 1602
1 3537
1 3303
1 3285
1 2997
1 3600
1 3078
1 2196
1 6048
1 5067
1 4194
1 2043
1 2556
1 2394
1 3618
1 4734
1 5175
1 2592
1 1458
1 6939
1 1359
1 2664
1 5040
1 5436
1 621
1 1557
1 2556
1 3564
1 5157
1 1800
1 2799
1 5454
1 2385
1 1863
1 1233
1 1908
1 3708
1 5985
1 5517
1 4446
1 3600
1 2799
1 1836
1 3303
1 3114
1 3312
1 4680
1 5454
1 5868
1 4329
1 3096
1 3546
1 5508
1 2484
1 4509
1 3654
1 990
1 3546
1 2088
1 2574
1 2466
1 2421
1 1908
1 1971
1 2700
1 2322
1 1539
1 3690
1 2340
1 2547
1 6255
1 2277
1 1530
1 2754
1 3087
1 1575
1 3312
1 1953
1 3195
1 3681
1 2691
1 1971
1 1431
1 2493
1 3087
1 3681
1 2133
1 2268
1 2007
1 3861
1 3834
1 3708
1 3420
1 1773
1 2295
1 3690
1 1566
1 1719
1 6102
1 2376
1 3933
1 3600
1 5742
1 1899
1 5292
1 1764
1 2268
1 4185
1 3042
1 4257
1 1440
1 2403
1 4320
1 1620
1 2718
1 5004
1 1998
1 2565
1 2277
1 2745
1 4671
1 2556
1 4869
1 1827
1 2916
1 1953
1 4365
1 2781
1 3186
1 2016
1 3627
1 3861
1 3915
1 2394
1 3078
1 6120
1 2160
1 4050
1 2979
1 2070
1 2529
1 4743
1 2961
1 3438
1 5130
1 3501
1 1737
1 3897
1 2313
1 1089
1 4887
1 4824
1 1206
1 2862
1 3141
1 2052
1 5724
1 3735
1 5004
1 1629
1 3834
1 918
1 3177
1 5058
1 3978
1 2547
1 4581
1 2268
1 3078
1 6327
1 3024
1 3141
1 3447
1 2394
1 2178
1 2727
1 4437
1 1377
1 3735
1 4176
1 2142
1 3366
1 3510
1 3699
1 3825
1 909
1 2799
1 1746
1 4113
1 1440
1 6003
1 2358
1 1665
1 2988
1 4509
1 4257
1 1386
1 3573
1 2124
1 2412
1 1881
1 8091
1 3276
1 2394
1 3519
1 3402
1 4311
1 1755
1 1512
1 2115
1 2214
1 4788
1 2871
1 4806
1 5148
1 2511
1 4095
1 2691
1 1881
1 2430
1 1710
1 2061
1 1332
1 3591
1 4374
1 2493
1 3456
1 2385
1 1971
1 4059
1 2223
1 1818
1 6471
1 2574
1 2331
1 1593
1 4653
1 1962
1 1782
1 2781
1 2151
1 2367
1 4239
1 4419
1 1278
1 1296
1 3798
1 4140
1 1359
1 2655
1 6327
1 4293
1 1665
1 2925
1 8712
1 2988
1 4815
1 2169
1 3600
1 2898
1 3609
1 3933
1 4014
1 2682
1 1899
1 5652
1 5481
1 4635
1 4878
1 3159
1 3933
1 3096
1 4509
1 2061
1 3213
1 1935
1 2961
1 1584
1 4401
1 2475
1 3681
1 1953
1 1710
1 4311
1 2034
1 3438
1 3240
1 2862
1 4068
1 1458
1 1944
1 3753
1 4797
1 1278
1 3258
1 1764
1 1863
1 2808
1 5040
1 1368
1 2178
1 1917
1 4383
1 2412
1 5454
1 6345
1 4203
1 2565
1 756
1 2052
1 2232
1 2871
1 3159
1 2268
1 2133
1 3564
1 2403
1 2655
1 4410
1 3006
1 1422
1 2628
1 4140
1 3213
1 2448
1 4176
1 3663
1 2583
1 3078
1 2583
1 4050
1 2331
1 3015
1 2961
1 3060
1 2997
1 2826
1 3411
1 2979
1 1836
1 2259
1 4914
1 2691
1 2133
1 2772
1 5535
1 4473
1 5994
1 5193
1 9099
1 2448
1 1458
1 4887
1 3618
1 1683
1 1881
1 1854
1 2988
1 4563
1 2061
1 2493
1 1872
1 801
1 2961
1 1845
1 3879
1 6453
1 2205
1 2304
1 3807
1 3069
1 2745
1 2619
1 5985
1 3546
1 2430
1 3924
1 3105
1 2619
1 1305
1 1719
1 2556
1 2736
1 6453
1 4059
1 5202
1 6840
1 3951
1 2385
1 3330
1 2232
1 6678
1 5571
1 1980
1 4068
1 2115
1 3735
1 1296
1 2565
1 3573
1 1827
1 2034
1 2475
1 2961
1 2448
1 4284
1 1341
1 2331
1 1512
1 1368
1 4473
1 3114
1 1026
1 3672
1 3528
1 2079
1 2286
1 4365
1 2133
1 1656
1 1764
1 2637
1 4635
1 1449
1 2673
1 4752
1 5544
1 5607
1 3186
1 3519
1 3447
1 5661
1 2052
1 2430
1 6120
1 2592
1 1755
1 2727
1 5526
1 1701
1 2529
1 3267
1 3789
1 2142
1 2304
1 3312
1 4041
1 3402
1 2412
1 1215
1 6390
1 5481
1 3051
1 2673
1 2286
1 2331
1 2088
1 2565
1 2385
1 5265
1 2034
1 3699
1 4104
1 1548
1 2493
1 3042
1 3744
1 4338
1 2700
1 5670
1 2718
1 2844
1 3438
1 6948
1 2853
1 4590
1 5112
1 3798
1 2151
1 2286
1 2718
1 1773
1 1791
1 3654
1 5292
1 1656
1 3258
1 2610
1 2394
1 4104
1 2547
1 2025
1 1791
1 1719
1 1845
1 1692
1 1431
1 4023
1 2025
1 3483
1 2223
1 3123
1 3582
1 3744
1 4185
1 2889
1 3384
1 2916
1 4455
1 3870
1 6309
1 4374
1 4257
1 1566
1 2016
1 2520
1 2556
1 3537
1 2655
1 7560
1 2700
1 6426
1 2466
1 3060
1 2637
1 3627
1 2727
1 2655
1 2997
1 2322
1 2646
1 2592
1 4752
1 1764
1 1548
1 3708
1 2205
1 2187
1 2439
1 2844
1 4023
1 1098
1 4410
1 2304
1 6174
1 2223
1 3195
1 5697
1 2268
1 4527
1 1359
1 1917
1 1530
1 4626
1 3537
1 6543
1 3141
1 1827
1 2619
1 3123
1 2457
1 1971
1 3852
1 1179
1 2691
1 2232
1 4230
1 3672
1 1863
1 3735
1 2898
1 2925
1 3060
1 2673
1 1332
1 2547
1 5211
1 2916
1 2187
1 5517
1 1854
1 3672
1 2466
1 4770
1 4194
1 2808
1 3834
1 1125
1 4392
1 3096
1 2781
1 3339
1 3537
1 4284
1 3096
1 2817
1 1395
1 1296
1 4383
1 1737
1 3690
1 5274
1 3303
1 3519
1 1863
1 6363
1 4752
1 4986
1 4923
1 2322
1 4896
1 3051
1 7641
1 2691
1 1215
1 1224
1 4581
1 3438
1 2529
1 2502
1 4230
1 2592
1 5409
1 3735
1 3285
1 2304
1 2169
1 1458
1 864
1 3483
1 3150
1 1692
1 3645
1 4131
1 4716
1 1872
1 4941
1 2943
1 3006
1 3528
1 2853
1 2718
1 1125
1 2916
1 2367
1 2835
1 2142
1 5616
1 2070
1 3492
1 2088
1 2421
1 7155
1 4122
1 5346
1 1971
1 3060
1 4554
1 3312
1 1962
1 4257
1 2700
1 2763
1 3897
1 5517
1 2691
1 2853
1 1647
1 3915
1 2529
1 1746
1 3015
1 4599
1 1134
1 2637
1 1287
1 5292
1 2214
1 2583
1 4626
1 2592
1 2430
1 3069
1 2943
1 1935
1 5337
1 5517
1 3141
1 2952
1 4176
1 2340
1 1818
1 3762
1 1899
1 3465
1 2493
1 3393
1 7227
1 1953
1 5463
1 6849
1 2331
1 5049
1 1305
1 3465
1 1899
1 3438
1 2223
1 1854
1 2025
1 2259
1 3573
1 3816
1 2862
1 3609
1 2394
1 6696
1 1629
1 4023
1 4554
1 1719
1 1341
1 2637
1 3303
1 1611
1 3456
1 801
1 4194
1 3924
1 2628
1 1782
1 3762
1 2466
1 2286
1 3627
1 2196
1 5373
1 981
1 2421
1 8325
1 1287
1 3654
1 2925
1 1413
1 4248
1 1593
1 5202
1 2736
1 4365
1 2664
1 3636
1 6426
1 4158
1 3159
1 5616
1 3474
1 2601
1 3231
1 3789
1 2484
1 4626
1 2232
1 2034
1 2862
1 4770
1 1251
1 2979
1 3420
1 4779
1 3879
1 4986
1 1953
1 3114
1 1854
1 2133
1 1737
1 3645
1 3825
1 3051
1 3258
1 3807
1 1566
1 1755
1 3951
1 1566
1 3105
1 2340
1 2682
1 3384
1 2916
1 3123
1 2043
1 3303
1 2799
1 8208
1 2259
1 2583
1 1728
1 1665
1 2916
1 2574
1 4698
1 2259
1 2061
1 2151
1 2934
1 2817
1 4464
1 6543
1 3285
1 4122
1 2097
1 1890
1 4851
1 1944
1 2115
1 1620
1 3078
1 5823
1 2583
1 2817
1 4113
1 4896
1 3267
1 4311
1 2097
1 2205
1 1737
1 6759
1 4725
1 2394
1 4248
1 4419
1 2934
1 1098
1 4653
1 2646
1 3060
1 1215
1 2376
1 1269
1 5571
1 2628
1 5661
1 5382
1 3555
1 4734
1 2610
1 3348
1 1998
1 4248
1 3042
1 3456
1 2268
1 954
1 2736
1 2277
1 1197
1 2907
1 3204
1 3969
1 7875
1 2313
1 1674
1 990
1 7632
1 3735
1 4032
1 3744
1 2007
1 1161
1 3231
1 2646
1 4986
1 4230
1 2250
1 2106
1 4410
1 4716
1 4941
1 2943
1 2151
1 3051
1 1629
1 2259
1 2358
1 3870
1 5940
1 5184
1 4275
1 1611
1 5112
1 4599
1 2556
1 2592
1 2916
1 1818
1 6120
1 2691
1 6399
1 1440
1 9108
1 2439
1 2034
1 1926
1 2403
1 2889
1 2493
1 5391
1 2511
1 3789
1 1827
1 3654
1 2259
1 3924
1 5922
1 2376
1 3321
1 1494
1 2394
1 2385
1 2817
1 3555
1 3051
1 2799
1 4644
1 2331
1 1620
1 8001
1 3069
1 3240
1 1413
1 2484
1 4914
1 2700
1 1737
1 3132
1 6048
1 2808
1 2745
1 2718
1 3636
1 3411
1 2151
1 4995
1 2610
1 3762
1 3519
1 3753
1 3618
1 2124
1 3114
1 2133
1 2448
1 2115
1 3276
1 3357
1 4005
1 3501
1 1971
1 2061
1 1755
1 3339
1 2790
1 4203
1 1701
1 4059
1 3114
1 2844
1 1881
1 3924
1 2079
1 2097
1 4356
1 2556
1 2574
1 2493
1 2457
1 2061
1 1539
1 3015
1 6561
1 2196
1 2574
1 1944
1 3969
1 1269
1 2709
1 1998
1 3159
1 1152
1 2241
1 3186
1 2538
1 1422
1 3978
1 2133
1 3573
1 3033
1 3474
1 5238
1 1008
1 2151
1 3573
1 2124
1 3114
1 4851
1 4302
1 3357
1 2043
1 8784
1 1449
1 4527
1 1881
1 3744
1 3402
1 3249
1 1044
1 3951
1 2241
1 3222
1 4518
1 2349
1 4995
1 3285
1 1710
1 1584
1 3195
1 2223
1 1062
1 4563
1 1809
1 1530
1 3357
1 4509
1 2430
1 2223
1 1809
1 1692
1 2520
1 2277
1 5148
1 1746
1 5400
1 3150
1 3591
1 2268
1 4563
1 3051
1 2529
1 2664
1 3582
1 3339
1 5823
1 3357
1 2709
1 981
1 3717
1 2943
1 2304
1 5148
1 2601
1 3501
1 1377
1 5202
1 2070
1 2619
1 2439
1 4797
1 1512
1 4365
1 2925
1 3987
1 2880
1 3951
1 5922
1 2232
1 4554
1 4725
1 3042
1 3789
1 5157
1 2484
1 2061
1 3465
1 1998
1 2484
1 2124
1 2871
1 1764
1 5625
1 2034
1 3870
1 2520
1 4311
1 4014
1 3771
1 4599
1 5832
1 4986
1 3033
1 3321
1 5103
1 4230
1 4032
1 4131
1 1791
1 3042
1 2934
1 6903
1 3987
1 3276
1 1188
1 3942
1 5013
1 5841
1 1548
1 1710
1 5400
1 2610
1 2214
1 3834
1 1476
1 1476
1 1485
1 1413
1 2520
1 2241
1 2655
1 8298
1 1953
1 1791
1 2205
1 3861
1 2754
1 2808
1 3195
1 2124
1 2151
1 3366
1 1089
1 2664
1 2736
1 2997
1 2691
1 3429
1 4122
1 3771
1 3159
1 1350
1 3249
1 1953
1 3105
1 2358
1 4590
1 4563
1 2421
1 3438
1 5391
1 1440
1 3312
1 3159
1 1566
1 2142
1 7614
1 1863
1 1332
1 3249
1 3654
1 1629
1 4788
1 5175
1 3303
1 4734
1 4410
1 1287
1 1944
1 2655
1 1935
1 2565
1 3321
1 1827
1 1593
1 3807
1 3177
1 3447
1 3222
1 5193
1 3582
1 7956
1 2142
1 5922
1 4122
1 2322
1 4302
1 5193
1 2313
1 6147
1 1773
1 2466
1 4401
1 2097
1 4725
1 5229
1 2070
1 2016
1 2214
1 2619
1 2745
1 3222
1 3141
1 2718
1 4113
1 2628
1 2817
1 1125
1 5175
1 3168
1 1755
1 1539
1 3978
1 4464
1 2691
1 3303
1 4221
1 5778
1 3690
1 1773
1 1215
1 3375
1 3195
1 3924
1 2484
1 1773
1 4743
1 2700
1 2223
1 5067
1 1071
1 4878
1 2637
1 2871
1 2241
1 4617
1 4383
1 3465
1 2304
1 1935
1 3249
1 4014
1 3591
1 2745
1 2691
1 4023
1 2673
1 3105
1 4410
1 1530
1 2088
1 1233
1 2466
1 3573
1 2439
1 4698
1 2925
1 3834
1 3987
1 2565
1 3852
1 2781
1 1116
1 2025
1 4293
1 1935
1 3168
1 4923
1 2727
1 3303
1 1368
1 3366
1 5013
1 1683
1 6264
1 1269
1 4455
1 6768
1 2916
1 2367
1 1539
1 4284
1 1458
1 4041
1 3852
1 7155
1 4689
1 2007
1 4086
1 3042
1 2340
1 3150
1 2097
1 1386
1 4230
1 3033
1 4086
1 774
1 2259
1 4338
1 5220
1 6165
1 3078
1 2529
1 2934
1 2322
1 3627
1 837
1 2736
1 2619
1 2943
1 2349
1 4032
1 2637
1 2574
1 1566
1 2547
1 1665
1 5166
1 2304
1 1575
1 2250
1 2043
1 3681
1 2322
1 3690
1 3798
1 2979
1 1494
1 1953
1 2214
1 2223
1 1215
1 8478
1 3825
1 3366
1 3915
1 4824
1 2574
1 1998
1 3879
1 2997
1 1782
1 4653
1 5931
1 2916
1 3015
1 2097
1 6840
1 1674
1 1098
1 1035
1 2574
1 3474
1 3339
1 2583
1 1845
1 3753
1 7191
1 3771
1 3078
1 4032
1 1647
1 4059
1 2997
1 1611
1 2871
1 4581
1 1620
1 1494
1 4365
1 3105
1 936
1 3627
1 2340
1 4545
1 2637
1 3177
1 3267
1 1602
1 4752
1 3924
1 2709
1 5202
1 5760
1 4986
1 2295
1 3051
1 1638
1 5544
1 1953
1 3105
1 2142
1 3825
1 4797
1 3924
1 2223
1 1899
1 2844
1 2259
1 4491
1 5022
1 2196
1 2565
1 1179
1 3006
1 3735
1 3546
1 2277
1 729
1 1926
1 5859
1 1962
1 3456
1 3078
1 2367
1 1728
1 3069
1 6741
1 3393
1 4725
1 2052
1 1899
1 3546
1 4455
1 2493
1 3492
1 2493
1 2547
1 2907
1 6219
1 1989
1 3519
1 2808
1 2142
1 3240
1 2430
1 3114
1 4680
1 2439
1 4608
1 4347
1 1980
1 4392
1 3906
1 3321
1 3042
1 2457
1 3303
1 2070
1 2565
1 2781
1 2511
1 4923
1 2565
1 2907
1 1611
1 2502
1 2133
1 1629
1 2322
1 1197
1 2070
1 3114
1 3483
1 2421
1 2178
1 2565
1 1386
1 4077
1 3348
1 2727
1 3483
1 4842
1 2511
1 2898
1 2133
1 3186
1 2628
1 2601
1 3258
1 2871
1 2259
1 4113
1 630
1 5049
1 2115
1 2718
1 2178
1 7632
1 1251
1 2430
1 1143
1 1737
1 2061
1 2637
1 5391
1 2979
1 1647
1 6219
1 2934
1 2169
1 3492
1 3114
1 2286
1 3744
1 3555
1 1971
1 5724
1 1845
1 2394
1 5238
1 3321
1 2925
1 2034
1 1692
1 2934
1 4050
1 2754
1 6705
1 2421
1 3996
1 3150
1 3330
1 2205
1 4689
1 3438
1 2322
1 1809
1 4491
1 2286
1 3294
1 1989
1 2160
1 2817
1 3411
1 2178
1 2880
1 4419
1 1647
1 2331
1 3906
1 1818
1 3357
1 2745
1 2925
1 4311
1 4869
1 4203
1 6120
1 4275
1 4779
1 5265
1 3159
1 4383
1 1728
1 3519
1 3429
1 1224
1 1944
1 4527
1 3726
1 4401
1 4491
1 6138
1 4014
1 4527
1 2691
1 3087
1 2664
1 2169
1 3285
1 4302
1 4284
1 2268
1 5904
1 2205
1 2331
1 5868
1 7272
1 2133
1 2268
1 2826
1 3915
1 2817
1 2745
1 3834
1 3501
1 1620
1 3942
1 3150
1 2358
1 2178
1 3447
1 3258
1 1125
1 2385
1 1890
1 2142
1 4203
1 1071
1 2781
1 8712
1 2736
1 3060
1 6390
1 3303
1 3213
1 3465
1 3060
1 2628
1 3015
1 2259
1 5274
1 3780
1 3618
1 1260
1 4545
1 2529
1 1143
1 3789
1 4995
1 3888
1 1503
1 2889
1 3348
1 2187
1 3384
1 4104
1 2493
1 2853
1 4347
1 5283
1 2484
1 3699
1 1125
1 5166
1 2205
1 3933
1 4257
1 2583
1 3645
1 3051
1 4347
1 3069
1 1512
1 3339
1 2916
1 3285
1 2898
1 5922
1 5589
1 1827
1 3744
1 1917
1 2133
1 1098
1 2682
1 3150
1 2826
1 4347
1 4806
1 4095
1 3564
1 2754
1 3447
1 5580
1 828
1 2304
1 2835
1 1989
1 3060
1 3456
1 1845
1 2259
1 4923
1 2844
1 5751
1 3627
1 2088
1 3627
1 1449
1 3006
1 3312
1 4050
1 2727
1 1854
1 2061
1 3375
1 2745
1 2331
1 2556
1 2943
1 2511
1 3510
1 3105
1 6651
1 2268
1 2862
1 2961
1 4608
1 2421
1 2502
1 2295
1 4338
1 3546
1 3240
1 3735
1 2268
1 3087
1 2736
1 3825
1 2880
1 7992
1 3735
1 4113
1 5967
1 2592
1 4005
1 1692
1 2043
1 2376
1 2124
1 1539
1 2286
1 1890
1 2376
1 1881
1 2574
1 2178
1 3456
1 2142
1 2907
1 4023
1 3195
1 3447
1 1953
1 2259
1 4599
1 4122
1 3465
1 2520
1 4086
1 2736
1 5580
1 3645
1 810
1 1917
1 3582
1 4194
1 2412
1 2745
1 1845
1 2565
1 3753
1 3771
1 3789
1 4410
1 2763
1 3708
1 4842
1 4473
1 3483
1 4671
1 3060
1 1548
1 3402
1 4770
1 6246
1 2034
1 2592
1 5553
1 2844
1 4302
1 6732
1 3519
1 2574
1 4842
1 3456
1 2439
1 2088
1 3672
1 2736
1 7056
1 4959
1 2655
1 2034
1 3735
1 2718
1 3780
1 3897
1 3501
1 4320
1 2268
1 2781
1 4833
1 2232
1 2916
1 2835
1 1368
1 2349
1 3087
1 3366
1 954
1 2052
1 5211
1 1701
1 2952
1 8901
1 2853
1 3609
1 1296
1 2205
1 1413
1 2232
1 1161
1 3951
1 1485
1 1854
1 2610
1 4248
1 3312
1 6093
1 1404
1 2826
1 2430
1 3771
1 3987
1 2439
1 2196
1 2538
1 6858
1 2529
1 4995
1 2034
1 1854
1 1251
1 1854
1 1440
1 2700
1 2637
1 2277
1 4293
1 4572
1 1827
1 1143
1 4347
1 2376
1 2331
1 3429
1 1935
1 3852
1 2961
1 5139
1 4869
1 3069
1 4005
1 1665
1 1575
1 4752
1 2322
1 3762
1 2610
1 1080
1 3177
1 5778
1 7821
1 3195
1 2745
1 1224
1 2871
1 2970
1 3393
1 2169
1 4104
1 3258
1 3069
1 2043
1 5787
1 3609
1 2934
1 3276
1 3330
1 3510
1 4932
1 2034
1 2673
1 5094
1 2700
1 945
1 3078
1 1260
1 4545
1 2529
1 1647
1 3267
1 2574
1 4185
1 5445
1 3933
1 2826
1 1998
1 3240
1 2565
1 1701
1 1296
1 1386
1 4086
1 3267
1 1989
1 3708
1 3375
1 3780
1 1422
1 9657
1 4212
1 1791
1 2430
1 3780
1 2898
1 3159
1 4986
1 3033
1 1314
1 4437
1 2061
1 1395
1 1953
1 4320
1 4455
1 2394
1 2691
1 3564
1 3852
1 4410
1 2511
1 3582
1 2907
1 4212
1 3123
1 3861
1 2646
1 4761
1 4680
1 2826
1 1638
1 4113
1 2835
1 6282
1 2052
1 2070
1 2385
1 2763
1 3447
1 5184
1 1962
1 5886
1 2709
1 1962
1 648
1 2538
1 3213
1 3051
1 2763
1 6399
1 891
1 1746
1 2421
1 2079
1 3384
1 1665
1 2403
1 2934
1 1863
1 2664
1 2835
1 3834
1 4176
1 3168
1 2664
1 1575
1 2673
1 2421
1 3015
1 3906
1 4050
1 2583
1 2862
1 3096
1 6282
1 2214
1 5661
1 1881
1 2736
1 2268
1 4221
1 1557
1 2457
1 4266
1 2061
1 3537
1 2304
1 693
1 5040
1 4527
1 1899
1 5229
1 2088
1 3024
1 1836
1 4815
1 5184
1 2934
1 900
1 3519
1 1845
1 2142
1 2502
1 2430
1 2313
1 4743
1 3015
1 4203
1 1368
1 5247
1 2115
1 3519
1 2358
1 3816
1 3285
1 2097
1 3798
1 4464
1 2070
1 3330
1 4590
1 1899
1 6399
1 3195
1 2088
1 5481
1 2565
1 3861
1 3411
1 3006
1 2538
1 2718
1 3087
1 4266
1 2124
1 2727
1 2385
1 5616
1 2862
1 1476
1 1116
1 2979
1 3807
1 4464
1 2331
1 2376
1 2340
1 2538
1 2934
1 900
1 5373
1 2511
1 2304
1 2061
1 1431
1 1620
1 4428
1 3645
1 3744
1 3051
1 3357
1 2727
1 5256
1 2412
1 1899
1 3870
1 1917
1 3744
1 4041
1 2538
1 4635
1 4023
1 2673
1 2511
1 1737
1 5229
1 2313
1 3888
1 1332
1 4995
1 2304
1 1845
1 3312
1 1458
1 2727
1 2547
1 1845
1 1881
1 4491
1 6525
1 1620
1 2115
1 4437
1 9315
1 4500
1 4698
1 4635
1 4167
1 2646
1 2493
1 2637
1 5535
1 2232
1 2502
1 2367
1 2421
1 3726
1 2088
1 1845
1 3357
1 3519
1 1737
1 3348
1 6651
1 3006
1 2133
1 3546
1 1233
1 2358
1 5877
1 2664
1 2142
1 2898
1 2736
1 5166
1 5571
1 3312
1 1746
1 2043
1 5958
1 6120
1 2853
1 2421
1 3258
1 1575
1 2043
1 4158
1 3645
1 2205
1 3285
1 2493
1 1926
1 1233
1 4014
1 2412
1 3366
1 1629
1 3906
1 2061
1 2376
1 6975
1 5643
1 2799
1 4113
1 2331
1 2151
1 1728
1 3519
1 2277
1 4653
1 3285
1 3186
1 1953
1 1332
1 3258
1 2583
1 2763
1 5382
1 1332
1 3033
1 3609
1 1782
1 1809
1 2907
1 3069
1 2169
1 3132
1 2187
1 3816
1 1503
1 1413
1 3069
1 2304
1 1656
1 9945
1 2457
1 3240
1 5049
1 1359
1 6417
1 1971
1 2187
1 2043
1 3150
1 2862
1 2142
1 1926
1 1944
1 5049
1 2709
1 8658
1 2682
1 3555
1 3384
1 4815
1 747
1 3690
1 1368
1 2754
1 2412
1 5238
1 2439
1 3123
1 1584
1 3366
1 3240
1 2223
1 2070
1 4230
1 2556
1 2376
1 3771
1 2871
1 3474
1 2367
1 2331
1 2403
1 4968
1 1935
1 1251
1 4347
1 1836
1 3123
1 3690
1 1053
1 2592
1 2286
1 1494
1 3267
1 1953
1 3807
1 4266
1 2817
1 2286
1 1737
1 3168
1 3366
1 5544
1 990
1 2052
1 2736
1 2016
1 3222
1 3546
1 2097
1 5445
1 4302
1 4995
1 2529
1 3006
1 3420
1 4374
1 2790
1 4932
1 1143
1 2835
1 4014
1 2061
1 3177
1 1350
1 3267
1 4347
1 4869
1 2556
1 2061
1 2493
1 2502
1 1233
1 2736
1 2970
1 2493
1 3222
1 3519
1 4554
1 2331
1 1125
1 1287
1 4986
1 2880
1 6030
1 4788
1 3582
1 4230
1 3753
1 1890
1 6156
1 1728
1 4617
1 2871
1 2277
1 3285
1 1602
1 3717
1 2529
1 3654
1 1845
1 2691
1 1881
1 1935
1 2592
1 3033
1 5121
1 3699
1 3699
1 2376
1 2169
1 2664
1 1179
1 3879
1 2259
1 3339
1 1773
1 3600
1 1953
1 3384
1 2043
1 1890
1 3186
1 6093
1 4761
1 6093
1 2565
1 1620
1 1269
1 2259
1 2430
1 3591
1 2880
1 3546
1 3267
1 3816
1 4149
1 4194
1 783
1 2673
1 1944
1 2583
1 2313
1 4716
1 4401
1 3870
1 6219
1 2331
1 1917
1 1404
1 3177
1 3375
1 2835
1 3420
1 5040
1 1251
1 4266
1 3483
1 7407
1 4293
1 2502
1 4509
1 2529
1 2970
1 2502
1 1737
1 3375
1 3411
1 2421
1 3996
1 2997
1 2025
1 4545
1 3726
1 5319
1 1647
1 3681
1 6201
1 2097
1 3897
1 4428
1 3249
1 3114
1 1881
1 2205
1 6147
1 4509
1 6282
1 3339
1 1827
1 2079
1 4086
1 1287
1 1836
1 1260
1 2349
1 1413
1 2484
1 5139
1 2106
1 2709
1 4320
1 2097
1 2304
1 1656
1 3519
1 2151
1 1566
1 1971
1 8451
1 1566
1 3537
1 5886
1 2520
1 1782
1 3564
1 2349
1 1854
1 3105
1 1485
1 3681
1 3960
1 1683
1 1602
1 3555
1 4716
1 3915
1 2016
1 2664
1 1908
1 3582
1 2700
1 3582
1 2736
1 2646
1 1278
1 4158
1 4392
1 1917
1 810
1 1314
1 4347
1 6129
1 1107
1 3465
1 3654
1 4563
1 2259
1 2943
1 2448
1 3339
1 8037
1 2016
1 2718
1 2763
1 3699
1 1296
1 4410
1 2196
1 2016
1 1485
1 3384
1 2340
1 2745
1 2151
1 4158
1 3546
1 2790
1 3168
1 8127
1 3600
1 3006
1 3951
1 4257
1 1494
1 2313
1 4464
1 2070
1 4113
1 5571
1 4671
1 2529
1 3753
1 3042
1 1674
1 5499
1 3474
1 3591
1 1683
1 5040
1 4590
1 3267
1 1701
1 3402
1 5553
1 7029
1 2880
1 5049
1 2781
1 4860
1 1692
1 2565
1 2628
1 8037
1 2862
1 3258
1 2250
1 4041
1 2241
1 2610
1 2160
1 3222
1 4140
1 2637
1 1836
1 2439
1 1107
1 2214
1 1476
1 4329
1 3420
1 2619
1 3033
1 2691
1 2466
1 2007
1 3708
1 2556
1 2295
1 2781
1 4455
1 1431
1 3366
1 3897
1 2241
1 4365
1 2016
1 3240
1 3465
1 4266
1 4338
1 2988
1 5796
1 1800
1 3204
1 7731
1 1836
1 3447
1 2907
1 1764
1 4005
1 4608
1 3465
1 4275
1 5580
1 4896
1 1656
1 6561
1 3645
1 1773
1 3267
1 2025
1 3753
1 2259
1 2745
1 2790
1 2394
1 2979
1 2250
1 2421
1 2529
1 2115
1 2277
1 2853
1 3213
1 5841
1 2511
1 1791
1 2988
1 2250
1 2520
1 2898
1 3996
1 3267
1 7416
1 963
1 3132
1 2547
1 5382
1 5292
1 2790
1 2727
1 7407
1 5895
1 2349
1 5157
1 3078
1 2583
1 4986
1 4500
1 4104
1 4509
1 4923
1 3240
1 2799
1 2304
1 1269
1 1827
1 3888
1 2628
1 2025
1 1584
1 3645
1 1827
1 5355
1 1404
1 2250
1 2718
1 4950
1 3807
1 1656
1 3150
1 2376
1 2376
1 5994
1 1152
1 2799
1 2745
1 2574
1 1764
1 3078
1 1683
1 1692
1 2592
1 2952
1 3888
1 2412
1 4779
1 3492
1 3006
1 3339
1 5247
1 3024
1 1566
1 4455
1 2889
1 7902
1 3825
1 2763
1 3321
1 5310
1 2763
1 3663
1 3564
1 5319
1 1809
1 2106
1 3915
1 3312
1 3816
1 2304
1 3240
1 5427
1 2133
1 2034
1 7326
1 2142
1 3024
1 828
1 1467
1 4077
1 2250
1 4104
1 3222
1 6354
1 3618
1 5427
1 3636
1 2403
1 3996
1 6570
1 3591
1 1386
1 4590
1 1413
1 3303
1 2619
1 3834
1 1476
1 4644
1 2799
1 1674
1 1341
1 2124
1 3915
1 2079
1 2016
1 4527
1 2664
1 2907
1 2601
1 3447
1 3015
1 3438
1 2295
1 3978
1 1656
1 4005
1 3087
1 3618
1 5076
1 4185
1 1629
1 2250
1 2178
1 4158
1 1890
1 3141
1 1773
1 4077
1 2664
1 1782
1 2880
1 2601
1 2322
1 3276
1 1584
1 3816
1 9684
1 2439
1 2043
1 4374
1 2754
1 3078
1 4455
1 2718
1 2520
1 2097
1 2448
1 2502
1 2790
1 3123
1 2475
1 4743
1 4644
1 2961
1 3744
1 3816
1 2430
1 2601
1 2304
1 3249
1 3150
1 3366
1 3078
1 2952
1 1521
1 1917
1 2934
1 6975
1 5472
1 1944
1 3780
1 918
1 2979
1 3753
1 3213
1 4023
1 4176
1 1800
1 3240
1 3006
1 4977
1 3834
1 2979
1 5193
1 1269
1 3888
1 6633
1 6831
1 3168
1 2322
1 1674
1 1611
1 2997
1 3474
1 4041
1 1296
1 3645
1 4176
1 1980
1 4212
1 4446
1 3636
1 5850
1 3339
1 1935
1 2628
1 2286
1 2385
1 3996
1 2655
1 3195
1 3024
1 3636
1 1062
1 1521
1 3897
1 2862
1 3402
1 2565
1 2727
1 6075
1 3645
1 2853
1 2673
1 5139
1 3303
1 2709
1 6606
1 2268
1 3762
1 2709
1 2808
1 4131
1 2430
1 1737
1 2025
1 3177
1 2223
1 1602
1 2385
1 2529
1 1431
1 2088
1 1800
1 2016
1 1809
1 3618
1 3060
1 3672
1 1494
1 3420
1 5265
1 3519
1 4149
1 2106
1 2340
1 2007
1 1683
1 3051
1 2808
1 3186
1 1269
1 5391
1 1881
1 3141
1 2160
1 4104
1 2592
1 2313
1 6183
1 2610
1 3042
1 927
1 4005
1 3438
1 2493
1 6813
1 1701
1 2790
1 3762
1 5202
1 3303
1 4617
1 3645
1 4320
1 3339
1 1269
1 6093
1 2970
1 3519
1 2088
1 2169
1 2367
1 6921
1 2142
1 5355
1 5913
1 2466
1 1854
1 4743
1 4725
1 1458
1 3141
1 2124
1 2331
1 2313
1 2646
1 3510
1 1782
1 3213
1 1611
1 2736
1 2358
1 3780
1 1764
1 2772
1 2853
1 4230
1 2673
1 3645
1 2169
1 2070
1 2178
1 2898
1 5148
1 2403
1 3843
1 2799
1 4932
1 3789
1 1368
1 3222
1 3357
1 3564
1 2178
1 1773
1 2655
1 2547
1 2493
1 2682
1 2034
1 5049
1 5076
1 3582
1 2493
1 3564
1 1350
1 2268
1 1458
1 3960
1 6156
1 5319
1 8757
1 2106
1 1971
1 3411
1 5256
1 1125
1 2430
1 1728
1 3033
1 4878
1 3123
1 2547
1 1944
1 3132
1 2358
1 7173
1 2709
1 4185
1 3312
1 2331
1 4203
1 4734
1 5166
1 1755
1 1962
1 4104
1 3501
1 2610
1 1206
1 5670
1 1926
1 2700
1 3015
1 5265
1 2592
1 3366
1 2871
1 2115
1 5490
1 6705
1 1845
1 2304
1 6093
1 2862
1 3195
1 2430
1 4896
1 2682
1 2664
1 2718
1 3546
1 3600
1 1314
1 7380
1 3573
1 2835
1 4356
1 1512
1 1728
1 1710
1 3438
1 2898
1 3321
1 3267
1 2592
1 5184
1 2196
1 6498
1 4563
1 2160
1 3429
1 4896
1 3699
1 2169
1 2511
1 2556
1 3780
1 1881
1 2448
1 4050
1 3186
1 1449
1 3276
1 3771
1 2718
1 6291
1 2277
1 4896
1 2331
1 2943
1 3456
1 2970
1 2520
1 4041
1 4680
1 7956
1 3240
1 7236
1 3924
1 6219
1 2196
1 1557
1 756
1 3798
1 1998
1 4698
1 4167
1 1539
1 5652
1 3078
1 2619
1 2088
1 3420
1 5823
1 2385
1 2880
1 2736
1 5238
1 2637
1 2367
1 2070
1 3024
1 2673
1 3231
1 3006
1 2781
1 2880
1 3879
1 2889
1 1638
1 2709
1 2349
1 873
1 2169
1 1917
1 4032
1 1755
1 2655
1 3627
1 2043
1 1458
1 5679
1 5733
1 1782
1 1593
1 1215
1 2772
1 3384
1 3591
1 5418
1 1611
1 2349
1 2475
1 3897
1 8028
1 3492
1 3528
1 1638
1 9162
1 2889
1 3060
1 3033
1 3906
1 3834
1 2556
1 1782
1 4014
1 2520
1 5094
1 1521
1 4392
1 2457
1 3915
1 1674
1 3105
1 3357
1 2520
1 1818
1 1071
1 3150
1 1809
1 2790
1 2178
1 2034
1 2421
1 3384
1 6849
1 2727
1 5310
1 3393
1 756
1 2349
1 1431
1 5400
1 1287
1 2979
1 3312
1 6138
1 4500
1 3528
1 3006
1 3015
1 2043
1 2061
1 2223
1 2637
1 3510
1 3420
1 2133
1 2925
1 3636
1 3492
1 1683
1 2205
1 2826
1 2727
1 3330
1 3303
1 4338
1 1755
1 1764
1 3087
1 2232
1 2070
1 3672
1 2115
1 2934
1 4419
1 1854
1 2007
1 3393
1 2403
1 3276
1 2439
1 3672
1 5886
1 2052
1 1854
1 3636
1 1188
1 2646
1 2970
1 6813
1 4140
1 2763
1 2871
1 1323
1 2754
1 6417
1 1818
1 5130
1 4896
1 2718
1 6696
1 5904
1 2241
1 9315
1 2511
1 2322
1 1944
1 2997
1 1971
1 3384
1 4554
1 4302
1 2916
1 3267
1 3168
1 3825
1 1836
1 3474
1 1026
1 5886
1 5382
1 2061
1 5193
1 4806
1 2547
1 2061
1 864
1 2727
1 3069
1 1602
1 3636
1 4374
1 1890
1 3906
1 3015
1 1989
1 1980
1 1215
1 2259
1 810
1 2700
1 6525
1 3960
1 2313
1 1206
1 4140
1 3123
1 1926
1 7254
1 4455
1 6732
1 1512
1 1890
1 3222
1 3753
1 2700
1 2367
1 2016
1 4887
1 1980
1 3042
1 2673
1 3060
1 5247
1 1278
1 2457
1 4752
1 4338
1 3771
1 4005
1 1656
1 2628
1 3411
1 5859
1 5220
1 5679
1 1710
1 4005
1 1917
1 2916
1 3924
1 2754
1 5553
1 1557
1 3420
1 3645
1 1206
1 2871
1 4275
1 3276
1 3339
1 3465
1 3033
1 2439
1 1530
1 2079
1 2313
1 3240
1 3627
1 6327
1 8568
1 3033
1 7038
1 6363
1 2682
1 1611
1 3105
1 3069
1 3672
1 2196
1 1575
1 2448
1 7569
1 4806
1 2880
1 2178
1 4320
1 1881
1 3078
1 7263
1 2781
1 4887
1 3105
1 4887
1 4167
1 4086
1 1296
1 5175
1 2619
1 3744
1 3672
1 3168
1 1458
1 1575
1 3069
1 3897
1 1521
1 1611
1 1935
1 3006
1 4185
1 1791
1 1332
1 3627
1 1332
1 4131
1 4050
1 1521
1 2889
1 2925
1 2538
1 3483
1 1728
1 3843
1 3897
1 2997
1 2619
1 1305
1 2979
1 5958
1 4194
1 1701
1 4788
1 2304
1 5706
1 4500
1 1593
1 6093
1 1980
1 1638
1 4716
1 3537
1 1755
1 6669
1 2448
1 3222
1 2898
1 3285
1 1602
1 2367
1 2844
1 3861
1 4257
1 2907
1 6408
1 4158
1 1827
1 4329
1 2421
1 3132
1 3267
1 3042
1 3177
1 3042
1 5724
1 1962
1 2691
1 2835
1 2304
1 3078
1 792
1 2682
1 2817
1 5985
1 3609
1 3114
1 1674
1 5139
1 3879
1 1269
1 5760
1 2538
1 5607
1 3321
1 1800
1 3618
1 3771
1 2385
1 1188
1 2637
1 2943
1 1656
1 2745
1 4122
1 2178
1 2781
1 3213
1 3024
1 3546
1 2115
1 2907
1 2529
1 6219
1 3510
1 1692
1 1728
1 2313
1 3690
1 2565
1 2979
1 5931
1 3042
1 3618
1 1872
1 2205
1 2619
1 4473
1 5175
1 1890
1 3402
1 3177
1 8118
1 2160
1 2880
1 1908
1 2790
1 6534
1 2016
1 2295
1 4392
1 5715
1 6300
1 3600
1 2610
1 1521
1 6174
1 2313
1 2070
1 5328
1 3204
1 5040
1 4284
1 2835
1 2205
1 4878
1 2115
1 3078
1 4383
1 2547
1 2925
1 1908
1 1953
1 2052
1 5958
1 2628
1 4581
1 4617
1 2070
1 3816
1 3789
1 1602
1 2943
1 5598
1 3483
1 2529
1 6381
1 3366
1 4536
1 2187
1 3717
1 2448
1 6660
1 4437
1 4995
1 3177
1 2223
1 4563
1 3384
1 2862
1 3735
1 1449
1 3447
1 2394
1 3528
1 2106
1 1926
1 2277
1 4815
1 4617
1 1728
1 2817
1 2907
1 2016
1 2700
1 1863
1 2763
1 3780
1 2439
1 1827
1 4410
1 5004
1 1053
1 2079
1 3888
1 5355
1 6399
1 3249
1 3465
1 1602
1 2313
1 1854
1 2718
1 2304
1 4410
1 4194
1 2916
1 3834
1 2637
1 3204
1 2925
1 3699
1 3825
1 5670
1 2466
1 4392
1 2097
1 3078
1 3717
1 1305
1 4788
1 3672
1 6237
1 1629
1 2808
1 3546
1 2997
1 5571
1 3582
1 3537
1 2448
1 2664
1 2565
1 1989
1 3231
1 4239
1 3591
1 2223
1 1728
1 2691
1 4266
1 3033
1 3114
1 3276
1 3726
1 5220
1 2844
1 4590
1 3492
1 2412
1 3519
1 2259
1 2349
1 3042
1 3420
1 2403
1 4608
1 3753
1 2043
1 2664
1 1197
1 4293
1 1926
1 4419
1 2547
1 1836
1 2772
1 3267
1 5967
1 2880
1 3843
1 4140
1 5085
1 4239
1 5310
1 3159
1 4311
1 2889
1 3726
1 1071
1 2043
1 1674
1 2520
1 4572
1 2754
1 1881
1 3222
1 4086
1 2322
1 2583
1 4203
1 4284
1 4167
1 1710
1 1944
1 2970
1 2853
1 3780
1 3222
1 2880
1 6426
1 1521
1 1566
1 5292
1 7263
1 2115
1 3159
1 1809
1 5940
1 5472
1 1791
1 2052
1 657
1 4455
1 4869
1 3150
1 3645
1 3897
1 3798
1 3312
1 4986
1 3150
1 1521
1 4167
1 2277
1 3474
1 5193
1 3114
1 5508
1 3600
1 4581
1 2169
1 3771
1 4554
1 4239
1 3483
1 2979
1 2538
1 3600
1 2502
1 2052
1 1782
1 1575
1 2286
1 2430
1 5454
1 2727
1 3321
1 3006
1 4419
1 2889
1 2898
1 4860
1 3906
1 1926
1 3690
1 927
1 4266
1 3033
1 1692
1 3186
1 3159
1 2097
1 4329
1 3213
1 2529
1 3861
1 3915
1 3510
1 4320
1 792
1 2700
1 6894
1 2178
1 5859
1 3960
1 3690
1 2619
1 4851
1 2799
1 4023
1 3528
1 3474
1 2349
1 3681
1 1449
1 1899
1 1998
1 3510
1 3555
1 3141
1 3600
1 3222
1 4284
1 2187
1 4671
1 2457
1 3096
1 999
1 5535
1 1728
1 4005
1 5310
1 2358
1 963
1 1413
1 2403
1 3051
1 3600
1 1584
1 2340
1 2952
1 1971
1 3618
1 3186
1 2277
1 2691
1 1782
1 2520
1 2691
1 3402
1 3195
1 2268
1 1665
1 3186
1 3474
1 2358
1 3600
1 1656
1 2484
1 2781
1 1764
1 1845
1 3546
1 1341
1 3033
1 5076
1 5850
1 873
1 3276
1 3411
1 1287
1 5796
1 2835
1 5436
1 1548
1 2637
1 2637
1 1422
1 6426
1 2619
1 2961
1 3357
1 4221
1 6732
1 4266
1 4635
1 1188
1 3366
1 3015
1 4167
1 2637
1 3132
1 4365
1 3978
1 4491
1 3042
1 4986
1 3357
1 3789
1 2574
1 2790
1 6399
1 4455
1 2790
1 3141
1 5517
1 2061
1 3366
1 4086
1 1251
1 1125
1 3528
1 2511
1 2700
1 4068
1 3429
1 2475
1 4995
1 3591
1 4716
1 4581
1 2808
1 2313
1 2817
1 2547
1 4878
1 4869
1 2925
1 2574
1 2763
1 4158
1 1485
1 1494
1 3546
1 2520
1 3096
1 1728
1 3978
1 1575
1 3582
1 3114
1 2394
1 3771
1 3150
1 5544
1 1656
1 4878
1 2853
1 3663
1 2736
1 2871
1 3231
1 5022
1 2997
1 5436
1 5544
1 1719
1 4374
1 2556
1 2376
1 2808
1 2196
1 3042
1 4104
1 3069
1 1575
1 1917
1 3933
1 2061
1 3024
1 6867
1 2457
1 3591
1 1764
1 2628
1 4779
1 7524
1 2763
1 2133
1 2385
1 3069
1 3510
1 2034
1 3564
1 3402
1 9000
1 5733
1 2385
1 5067
1 2214
1 2259
1 3033
1 4356
1 2970
1 3240
1 3276
1 3087
1 2925
1 3267
1 1971
1 4455
1 3834
1 3600
1 5211
1 5004
1 2970
1 3717
1 2016
1 2745
1 5103
1 2529
1 3024
1 2961
1 3267
1 2079
1 1755
1 2844
1 5364
1 3789
1 2151
1 2682
1 4014
1 5328
1 1404
1 2763
1 2646
1 3024
1 2376
1 6696
1 5328
1 2052
1 2538
1 981
1 3816
1 2259
1 3438
1 4707
1 3078
1 3465
1 2430
1 2124
1 4149
1 2961
1 648
1 3798
1 3312
1 2547
1 3303
1 2349
1 5193
1 4374
1 2610
1 4041
1 3447
1 5328
1 1746
1 2133
1 3006
1 3276
1 6354
1 1656
1 3051
1 4095
1 4194
1 3258
1 3492
1 3141
1 2745
1 3204
1 1116
1 864
1 3492
1 2205
1 3987
1 3204
1 2970
1 1548
1 1638
1 4644
1 2889
1 3888
1 3744
1 3942
1 4293
1 4419
1 3447
1 3114
1 2592
1 3087
1 2673
1 1719
1 3591
1 3501
1 2736
1 3132
1 4545
1 1989
1 1188
1 2754
1 2385
1 2088
1 5085
1 3672
1 4329
1 2214
1 2529
1 3816
1 3708
1 3996
1 7128
1 6174
1 3537
1 7515
1 4968
1 1701
1 3069
1 2673
1 1881
1 5247
1 4959
1 4374
1 3105
1 2412
1 1638
1 5094
1 4986
1 5634
1 2727
1 1953
1 2556
1 5706
1 5850
1 7425
1 3339
1 6543
1 3843
1 2358
1 4122
1 4788
1 1683
1 2862
1 3339
1 2988
1 3123
1 2628
1 3618
1 4806
1 3078
1 5706
1 6507
1 1656
1 1575
1 2565
1 3537
1 4698
1 2727
1 1026
1 4041
1 4473
1 4050
1 2763
1 4887
1 1485
1 4086
1 1170
1 4257
1 2556
1 6381
1 2358
1 981
1 5094
1 3285
1 2097
1 7704
1 4374
1 2142
1 1395
1 4797
1 3204
1 3771
1 2430
1 7227
1 3762
1 3753
1 2241
1 2421
1 3411
1 3762
1 4914
1 2655
1 3501
1 1863
1 4167
1 2484
1 2394
1 2556
1 6561
1 5580
1 5373
1 3978
1 1206
1 7281
1 3753
1 6003
1 2493
1 1845
1 5499
1 3987
1 4338
1 3546
1 3033
1 4446
1 4311
1 2205
1 999
1 1719
1 3348
1 2232
1 3501
1 2196
1 1953
1 3456
1 5706
1 3582
1 2448
1 3870
1 7785
1 1440
1 3006
1 4014
1 4311
1 4752
1 1566
1 3501
1 2088
1 1557
1 2331
1 1665
1 4077
1 3150
1 4608
1 2853
1 6003
1 2394
1 4185
1 2943
1 3987
1 3015
1 3564
1 4059
1 3366
1 5265
1 1197
1 4518
1 10593
1 3321
1 1899
1 2862
1 1782
1 4356
1 5139
1 5031
1 1602
1 4068
1 3618
1 3141
1 2016
1 1260
1 2448
1 3177
1 4041
1 8919
1 3420
1 4014
1 3492
1 6102
1 3483
1 3690
1 3033
1 1854
1 4437
1 2205
1 1908
1 2277
1 2799
1 2565
1 1782
1 2430
1 1413
1 3483
1 4527
1 1692
1 3555
1 3186
1 4302
1 2844
1 5130
1 2808
1 4689
1 3600
1 3609
1 2016
1 3033
1 2844
1 3618
1 1701
1 3483
1 4005
1 3339
1 2934
1 6498
1 3825
1 4491
1 2475
1 3024
1 3240
1 3564
1 3348
1 3060
1 1953
1 2430
1 954
1 4329
1 6345
1 2043
1 2448
1 1962
1 3951
1 4725
1 2097
1 2502
1 1719
1 1566
1 1719
1 3573
1 1872
1 3870
1 1395
1 3150
1 3141
1 3456
1 2907
1 3492
1 3969
1 5004
1 2646
1 882
1 3933
1 2709
1 2943
1 3159
1 5940
1 2367
1 4698
1 1692
1 3492
1 2763
1 4707
1 3213
1 4950
1 2997
1 3213
1 4158
1 2718
1 3015
1 4626
1 3339
1 5814
1 1881
1 2781
1 1854
1 3591
1 4671
1 3411
1 3339
1 2700
1 3204
1 3321
1 1737
1 4545
1 3411
1 4050
1 3186
1 2322
1 4374
1 3555
1 4248
1 3861
1 2988
1 1611
1 2628
1 3519
1 1089
1 1917
1 3141
1 6273
1 3672
1 3051
1 3870
1 2862
1 1728
1 2619
1 4959
1 1161
1 4104
1 4743
1 3312
1 3087
1 4869
1 3681
1 2844
1 2628
1 3051
1 3060
1 2709
1 6057
1 1431
1 2997
1 3168
1 4617
1 3654
1 1206
1 1800
1 4689
1 5094
1 2997
1 2142
1 2529
1 1512
1 3933
1 1872
1 2781
1 2169
1 3024
1 2259
1 1161
1 3087
1 3051
1 3465
1 5229
1 6408
1 3600
1 5661
1 900
1 3816
1 3816
1 4644
1 5031
1 6453
1 1980
1 4383
1 2556
1 837
1 1512
1 3348
1 2889
1 2673
1 4680
1 2277
1 3636
1 1341
1 1566
1 3753
1 1575
1 3528
1 2133
1 6750
1 2655
1 3762
1 2547
1 1980
1 3591
1 3591
1 1782
1 2979
1 3852
1 2547
1 2394
1 4347
1 1440
1 2898
1 2061
1 3096
1 2520
1 2853
1 4122
1 2601
1 6930
1 3051
1 1854
1 2016
1 1305
1 3861
1 2286
1 1008
1 4446
1 4545
1 3357
1 2520
1 5031
1 1863
1 2043
1 1908
1 3132
1 2826
1 3501
1 3798
1 3780
1 2700
1 3204
1 936
1 3528
1 4059
1 2358
1 3510
1 2349
1 3159
1 2367
1 900
1 5031
1 1557
1 4158
1 4383
1 5805
1 3456
1 1989
1 2655
1 4788
1 6363
1 4068
1 3285
1 2637
1 2250
1 3024
1 4734
1 3294
1 5094
1 5895
1 4536
1 2160
1 3915
1 2790
1 1278
1 2025
1 3204
1 1512
1 3222
1 5724
1 2259
1 1935
1 3384
1 4752
1 2448
1 2484
1 2574
1 3240
1 1935
1 3681
1 2430
1 2763
1 4842
1 1890
1 3546
1 4842
1 4833
1 4464
1 3996
1 4050
1 2565
1 2160
1 2727
1 3933
1 3600
1 2439
1 3780
1 2151
1 1494
1 6327
1 3744
1 2502
1 1845
1 3771
1 2826
1 4266
1 2448
1 1269
1 3483
1 2691
1 3213
1 2295
1 3204
1 3609
1 4950
1 4023
1 5508
1 5760
1 1035
1 1431
1 3555
1 3609
1 4977
1 2268
1 1467
1 8100
1 3240
1 2763
1 1566
1 4680
1 1908
1 2988
1 3132
1 2376
1 693
1 6246
1 1701
1 3114
1 3420
1 2511
1 5184
1 5805
1 7749
1 7272
1 3402
1 2448
1 5103
1 4383
1 5499
1 648
1 909
1 5526
1 4446
1 2088
1 5121
1 2637
1 3231
1 3951
1 2538
1 2403
1 1629
1 3591
1 5580
1 2133
1 1800
1 1620
1 1449
1 3870
1 5256
1 2610
1 1467
1 4212
1 2493
1 1683
1 4347
1 2727
1 5292
1 6183
1 3384
1 2448
1 2772
1 2205
1 1638
1 3645
1 4068
1 2898
1 4167
1 4122
1 702
1 1764
1 4347
1 4167
1 3231
1 3447
1 5391
1 1710
1 2034
1 2169
1 2079
1 2133
1 2835
1 2610
1 4779
1 1836
1 3537
1 2646
1 2880
1 2196
1 1152
1 3186
1 2358
1 1143
1 1458
1 3285
1 2124
1 5652
1 1908
1 2196
1 1944
1 1656
1 3861
1 4941
1 1548
1 2313
1 2547
1 4770
1 3060
1 3564
1 2925
1 4842
1 5157
1 2016
1 3780
1 891
1 3123
1 3681
1 1872
1 2016
1 3411
1 2187
1 4113
1 3276
1 3978
1 3780
1 2628
1 5652
1 1107
1 6975
1 4149
1 4167
1 3870
1 3942
1 2124
1 4122
1 8739
1 1791
1 3573
1 3033
1 1458
1 1710
1 2484
1 2700
1 4014
1 3384
1 5049
1 3042
1 927
1 3834
1 2790
1 3168
1 5238
1 2925
1 2547
1 1791
1 2700
1 3519
1 2853
1 2736
1 4023
1 2394
1 3960
1 3393
1 1575
1 1872
1 3609
1 2745
1 8307
1 2898
1 3177
1 2196
1 4419
1 5481
1 3150
1 5346
1 3087
1 4761
1 5490
1 2682
1 2700
1 4365
1 5004
1 4050
1 2079
1 2925
1 4365
1 2574
1 2853
1 2718
1 3357
1 3744
1 3006
1 2142
1 5256
1 3861
1 3870
1 2664
1 2259
1 2907
1 2223
1 4590
1 1260
1 4068
1 4968
1 4041
1 2574
1 3771
1 3087
1 1629
1 3294
1 4608
1 6813
1 5841
1 2277
1 4482
1 2493
1 3222
1 2889
1 1917
1 4167
1 5517
1 6354
1 2016
1 1935
1 3420
1 3294
1 7065
1 3006
1 3321
1 2574
1 4419
1 2700
1 4257
1 3663
1 2592
1 3294
1 2412
1 2394
1 4626
1 5454
1 3528
1 3276
1 2628
1 3924
1 1845
1 2052
1 4068
1 2241
1 2250
1 2043
1 3924
1 5994
1 3276
1 2790
1 2538
1 3654
1 3123
1 2277
1 3699
1 3807
1 6867
1 3645
1 4464
1 1845
1 4050
1 1881
1 1431
1 2520
1 6183
1 2205
1 2745
1 4806
1 4824
1 1242
1 2169
1 4572
1 2565
1 2358
1 1683
1 2754
1 1890
1 6363
1 3852
1 4833
1 1773
1 3780
1 1674
1 1755
1 3132
1 5049
1 1935
1 2979
1 2367
1 4050
1 5427
1 1386
1 5733
1 981
1 2583
1 4086
1 2331
1 1971
1 2493
1 2925
1 1602
1 3996
1 3267
1 2016
1 7578
1 3186
1 2601
1 2826
1 2493
1 3195
1 4266
1 2943
1 2880
1 5418
1 3357
1 1548
1 4626
1 2529
1 1089
1 2520
1 1917
1 3357
1 5922
1 7272
1 3015
1 2025
1 4860
1 2907
1 4392
1 3276
1 1269
1 5094
1 5112
1 5292
1 4482
1 2727
1 2871
1 4770
1 3762
1 3735
1 3051
1 2898
1 3717
1 2511
1 1161
1 2250
1 3708
1 2205
1 4716
1 4221
1 6732
1 3321
1 2403
1 3402
1 2313
1 3762
1 2178
1 1242
1 1989
1 3060
1 4176
1 8154
1 2034
1 2205
1 2853
1 2529
1 3114
1 2232
1 3186
1 4338
1 2016
1 2610
1 1863
1 2178
1 2043
1 981
1 4437
1 3834
1 4509
1 3006
1 1953
1 2313
1 3672
1 4941
1 2700
1 4140
1 4329
1 3528
1 2394
1 1431
1 1719
1 2376
1 2862
1 2808
1 2745
1 1323
1 2421
1 1863
1 1530
1 2088
1 4491
1 4131
1 6561
1 2799
1 1962
1 3006
1 4761
1 2286
1 2682
1 2403
1 2808
1 2844
1 3366
1 2835
1 2124
1 2646
1 6156
1 3690
1 1593
1 1935
1 2025
1 1566
1 3366
1 3969
1 2295
1 1908
1 3654
1 1881
1 2610
1 1008
1 2421
1 4374
1 2169
1 3960
1 3231
1 2196
1 1494
1 1917
1 2349
1 4212
1 2619
1 3744
1 4023
1 3168
1 1917
1 3087
1 2358
1 4428
1 4995
1 2376
1 2097
1 2187
1 5490
1 3105
1 2754
1 1746
1 2286
1 3555
1 2853
1 4041
1 2700
1 1323
1 5166
1 3177
1 5418
1 3204
1 3825
1 1206
1 2070
1 2475
1 3024
1 5589
1 2709
1 5229
1 3249
1 3708
1 1917
1 4014
1 4131
1 2781
1 2934
1 6156
1 2817
1 5499
1 3294
1 3780
1 5958
1 3015
1 1746
1 1431
1 3132
1 2223
1 3303
1 1359
1 4491
1 3303
1 2979
1 3672
1 2358
1 2475
1 1638
1 3150
1 2088
1 2358
1 1341
1 3249
1 5004
1 3078
1 2106
1 2295
1 9270
1 2628
1 5553
1 2340
1 1647
1 2124
1 4446
1 2610
1 2754
1 2142
1 3402
1 2637
1 2196
1 3636
1 2331
1 4770
1 4302
1 3996
1 2259
1 7452
1 2736
1 2808
1 2430
1 1845
1 4644
1 3051
1 2466
1 2619
1 4113
1 3528
1 4437
1 1512
1 3573
1 5742
1 2205
1 4419
1 2655
1 4446
1 1116
1 1449
1 5292
1 2259
1 3600
1 3888
1 3726
1 5013
1 3330
1 2934
1 4932
1 3753
1 2646
1 2376
1 3465
1 5373
1 2664
1 2745
1 2790
1 1755
1 1215
1 2493
1 2826
1 2601
1 5427
1 4212
1 5490
1 1584
1 3825
1 2529
1 2160
1 2466
1 2808
1 4005
1 3429
1 2421
1 3042
1 4644
1 3204
1 2745
1 1152
1 6777
1 3978
1 3330
1 1530
1 2475
1 1521
1 1260
1 927
1 3780
1 2583
1 3294
1 5004
1 1224
1 3195
1 4266
1 3276
1 1476
1 3393
1 3600
1 3771
1 3618
1 2772
1 6444
1 5499
1 2196
1 3312
1 5202
1 5184
1 2781
1 1836
1 2439
1 1602
1 4806
1 3222
1 2070
1 1899
1 1539
1 4248
1 1953
1 2439
1 1323
1 2592
1 5958
1 2232
1 5175
1 3582
1 3762
1 2961
1 5661
1 3780
1 2718
1 1656
1 3447
1 2772
1 2457
1 4221
1 1773
1 1638
1 3447
1 3024
1 2016
1 2529
1 1170
1 1773
1 2034
1 4257
1 2394
1 2925
1 4617
1 4239
1 5661
1 2592
1 1998
1 4455
1 2214
1 5256
1 2790
1 3024
1 6651
1 3114
1 1962
1 3609
1 2637
1 2979
1 3816
1 3618
1 1593
1 1404
1 3213
1 4095
1 4113
1 3285
1 1674
1 2592
1 3537
1 2430
1 1143
1 1503
1 4176
1 1926
1 5634
1 5337
1 2475
1 5004
1 4518
1 1368
1 3240
1 1287
1 6012
1 4014
1 4581
1 2664
1 3519
1 2655
1 5031
1 3105
1 2124
1 4842
1 2430
1 1602
1 6777
1 1836
1 2727
1 5058
1 1593
1 2439
1 3249
1 1764
1 2313
1 2340
1 2718
1 1881
1 2754
1 4140
1 3573
1 2034
1 1386
1 1953
1 1413
1 3420
1 1773
1 3924
1 3942
1 2997
1 2916
1 4923
1 3807
1 2331
1 3420
1 4995
1 2034
1 3744
1 3069
1 2538
1 3024
1 8163
1 1107
1 1863
1 6975
1 3132
1 4194
1 1674
1 2718
1 4572
1 3492
1 2475
1 6417
1 3420
1 1854
1 3834
1 1620
1 2385
1 2133
1 684
1 2529
1 2457
1 2430
1 4464
1 4968
1 1773
1 3951
1 3024
1 4104
1 3960
1 1161
1 4113
1 2268
1 3600
1 2529
1 3555
1 4032
1 3501
1 1908
1 1980
1 6516
