1 1899
1 1701
1 1953
1 1737
1 981
1 1710
1 1161
1 945
1 2637
1 1899
1 1908
1 702
1 1233
1 1098
1 2241
1 702
1 2043
1 1134
1 3600
1 1179
1 1737
1 1152
1 873
1 3690
1 675
1 963
1 1845
1 1179
1 1017
1 2484
1 1170
1 1440
1 702
1 1953
1 2484
1 603
1 1521
1 1629
1 864
1 1386
1 1314
1 2970
1 1953
1 1980
1 1602
1 3420
1 1728
1 2628
1 2196
1 1971
1 1971
1 1971
1 1485
1 1125
1 1737
1 1989
1 2430
1 2484
1 1746
1 1944
1 846
1 1233
1 1557
1 2286
1 729
1 585
1 1620
1 612
1 936
1 1710
1 1719
1 1386
1 3744
1 1953
1 1233
1 1188
1 1764
1 2619
1 1755
1 1350
1 1377
1 1944
1 981
1 855
1 2547
1 1368
1 2925
1 801
1 1179
1 1197
1 711
1 918
1 1926
1 1737
1 1314
1 1125
1 2466
1 1548
1 3672
1 1845
1 1179
1 1296
1 594
1 1962
1 1701
1 2502
1 1755
1 1980
1 2412
1 1305
1 1485
1 1980
1 2457
1 621
1 1395
1 1332
1 2601
1 711
1 2160
1 1548
1 2736
1 1953
1 900
1 945
1 1638
1 1404
1 945
1 1116
1 1683
1 2493
1 927
1 1764
1 1260
1 1575
1 2250
1 1179
1 1647
1 1341
1 2493
1 3411
1 2340
1 756
1 1332
1 1170
1 2538
1 1332
1 2214
1 900
1 1278
1 909
1 1728
1 1224
1 1638
1 2214
1 1935
1 1890
1 2484
1 1917
1 2232
1 585
1 864
1 1971
1 1161
1 1314
1 945
1 1935
1 1179
1 972
1 1665
1 2403
1 1764
1 1566
1 2304
1 2268
1 1350
1 927
1 1224
1 1233
1 3735
1 585
1 1584
1 810
1 1980
1 2853
1 1620
1 855
1 2484
1 675
1 1683
1 1584
1 1278
1 1179
1 1305
1 1296
1 1170
1 1071
1 1962
1 1746
1 864
1 1566
1 846
1 2664
1 963
1 2484
1 2151
1 882
1 1395
1 1926
1 1152
1 1566
1 1584
1 1827
1 990
1 1512
1 2223
1 1944
1 2475
1 1125
1 1422
1 1233
1 1548
1 2385
1 1746
1 2187
1 2187
1 963
1 963
1 3177
1 1620
1 1179
1 684
1 1881
1 2466
1 945
1 1449
1 1386
1 2412
1 540
1 693
1 864
1 972
1 2160
1 2619
1 837
1 2448
1 2664
1 729
1 2268
1 1719
1 1485
1 1557
1 2178
1 1404
1 1728
1 2016
1 792
1 1755
1 1548
1 1674
1 1962
1 1449
1 2250
1 954
1 1332
1 2403
1 2493
1 1188
1 675
1 2259
1 612
1 2403
1 2232
1 684
1 1188
1 1602
1 1710
1 2871
1 1359
1 999
1 1629
1 693
1 1953
1 1719
1 711
1 657
1 1755
1 2232
1 1917
1 945
1 2817
1 2223
1 963
1 1926
1 1269
1 2187
1 954
1 1746
1 603
1 2196
1 1341
1 2421
1 1863
1 1539
1 810
1 2853
1 1404
1 2385
1 1116
1 945
1 1143
1 945
1 963
1 1692
1 738
1 2214
1 1314
1 2502
1 1647
1 999
1 486
1 927
1 1692
1 1953
1 2214
1 1026
1 1926
1 2232
1 1854
1 1710
1 1179
1 1323
1 1962
1 1188
1 3096
1 1161
1 1989
1 1665
1 657
1 927
1 1629
1 1278
1 1485
1 1584
1 1314
1 963
1 1188
1 2205
1 864
1 1998
1 2511
1 1305
1 1314
1 594
1 1143
1 1899
1 2448
1 1170
1 1305
1 1737
1 2007
1 1791
1 1881
1 2502
1 1746
1 1188
1 1296
1 1377
1 1179
1 1305
1 1683
1 1701
1 1323
1 1719
1 945
1 846
1 2250
1 1116
1 945
1 2133
1 1710
1 1206
1 468
1 531
1 630
1 567
1 1701
1 2232
1 1323
1 1575
1 1179
1 891
1 2502
1 702
1 918
1 2439
1 1161
1 1404
1 1908
1 1926
1 2628
1 1575
1 954
1 2412
1 1863
1 1773
1 2169
1 1620
1 540
1 2151
1 2358
1 2259
1 846
1 1719
1 1809
1 1017
1 666
1 1971
1 2709
1 2205
1 2178
1 558
1 2205
1 675
1 828
1 1674
1 1926
1 2808
1 1332
1 1890
1 1179
1 1962
1 1935
1 1998
1 2421
1 2493
1 1368
1 2673
1 927
1 3096
1 666
1 1935
1 612
1 918
1 1629
1 1152
1 1602
1 684
1 2430
1 999
1 1188
1 2475
1 1188
1 2502
1 1359
1 675
1 2376
1 1152
1 1305
1 729
1 1530
1 1755
1 918
1 2574
1 1728
1 3924
1 1125
1 1251
1 999
1 2628
1 1422
1 1206
1 1647
1 612
1 1368
1 954
1 675
1 1557
1 1899
1 648
1 1395
1 1890
1 981
1 1737
1 675
1 1935
1 2502
1 1710
1 1926
1 1314
1 2547
1 2664
1 1683
1 1116
1 630
1 954
1 1989
1 702
1 1674
1 1728
1 1962
1 2187
1 1386
1 1701
1 2232
1 1233
1 1935
1 1674
1 1080
1 1575
1 1323
1 1485
1 1728
1 1908
1 576
1 684
1 1143
1 1377
1 837
1 945
1 1323
1 1746
1 1665
1 783
1 621
1 1746
1 1179
1 990
1 1683
1 927
1 1980
1 2142
1 1710
1 666
1 1620
1 684
1 1359
1 1800
1 981
1 1566
1 1737
1 2187
1 1188
1 1908
1 1656
1 1539
1 2430
1 1305
1 1746
1 774
1 756
1 1800
1 945
1 486
1 1512
1 1557
1 1179
1 918
1 1665
1 2214
1 666
1 630
1 1566
1 1494
1 963
1 1683
1 1575
1 1863
1 882
1 1602
1 1737
1 954
1 639
1 1701
1 1305
1 1305
1 1206
1 1323
1 693
1 756
1 2187
1 2214
1 2880
1 2466
1 954
1 2295
1 2484
1 1728
1 2673
1 1575
1 2205
1 1980
1 2700
1 900
1 1944
1 1161
1 2835
1 2205
1 2475
1 1548
1 1638
1 1548
1 2862
1 945
1 1530
1 945
1 711
1 567
1 3402
1 2502
1 828
1 2808
1 1881
1 954
1 1233
1 1737
1 1170
1 1305
1 1737
1 945
1 1305
1 1242
1 882
1 1989
1 1755
1 3690
1 819
1 1206
1 2187
1 1197
1 963
1 1746
1 864
1 3969
1 2754
1 1539
1 702
1 2853
1 1980
1 1323
1 1197
1 1719
1 2853
1 1755
1 1746
1 1278
1 2304
1 2205
1 1440
1 2304
1 963
1 1188
1 2124
1 936
1 1179
1 2160
1 2277
1 837
1 2277
1 2475
1 1449
1 1350
1 675
1 873
1 1719
1 1539
1 1620
1 873
1 846
1 585
1 999
1 1386
1 1170
1 954
1 1917
1 792
1 3258
1 1359
1 1719
1 1134
1 1179
1 2142
1 1962
1 2187
1 3771
1 1341
1 810
1 2610
1 1683
1 1161
1 1701
1 2214
1 855
1 2196
1 2313
1 963
1 576
1 756
1 2205
1 738
1 927
1 1944
1 1530
1 2475
1 1161
1 2223
1 2403
1 2448
1 2700
1 2025
1 837
1 1080
1 954
1 2700
1 1728
1 1341
1 1053
1 1332
1 1179
1 2313
1 864
1 1737
1 1296
1 2493
1 972
1 1332
1 2763
1 837
1 576
1 1575
1 2277
1 756
1 621
1 954
1 585
1 1332
1 1260
1 1332
1 1305
1 1845
1 945
1 1944
1 477
1 1584
1 1323
1 2286
1 1512
1 1809
1 2403
1 2646
1 1881
1 1107
1 819
1 2457
1 1512
1 1215
1 2835
1 1224
1 1314
1 1980
1 2268
1 945
1 1188
1 1971
1 810
1 1548
1 1548
1 1305
1 738
1 1935
1 2448
1 1980
1 1017
1 2241
1 1314
1 900
1 1359
1 972
1 621
1 1161
1 612
1 1503
1 1692
1 756
1 1566
1 1980
1 1701
1 1179
1 1287
1 648
1 2439
1 1296
1 1638
1 1143
1 2520
1 603
1 1701
1 873
1 612
1 1710
1 2439
1 3276
1 1962
1 1728
1 2610
1 1161
1 1134
1 1197
1 927
1 2160
1 2448
1 1881
1 2457
1 1602
1 2484
1 3249
1 1989
1 585
1 1566
1 1944
1 2178
1 1746
1 3915
1 1278
1 1269
1 2187
1 1323
1 1125
1 1926
1 3339
1 666
1 567
1 693
1 2241
1 855
1 963
1 2214
1 1890
1 1539
1 1755
1 945
1 1188
1 1368
1 2583
1 1746
1 2547
1 1773
1 2457
1 1737
1 747
1 2232
1 1152
1 1125
1 1908
1 2673
1 1188
1 954
1 1188
1 2205
1 1701
1 2196
1 2457
1 1179
1 2133
1 1188
1 1944
1 936
1 1935
1 2529
1 1332
1 936
1 2169
1 1719
1 1584
1 1098
1 1305
1 1656
1 2493
1 1026
1 1791
1 1755
1 1188
1 1170
1 1314
1 2475
1 3402
1 1989
1 603
1 1125
1 2268
1 720
1 1170
1 1323
1 1944
1 1566
1 1296
1 2196
1 1404
1 1998
1 918
1 1944
1 1350
1 1341
1 1854
1 1431
1 1989
1 1881
1 1611
1 1683
1 1296
1 1854
1 2475
1 1431
1 2430
1 648
1 639
1 1845
1 639
1 2691
1 1674
1 2637
1 675
1 639
1 1881
1 819
1 1854
1 4761
1 1386
1 954
1 2412
1 936
1 1449
1 2439
1 1197
1 2304
1 945
1 2079
1 1935
1 972
1 2223
1 1323
1 945
1 1575
1 1656
1 2466
1 2187
1 1809
1 3150
1 783
1 1386
1 1989
1 2232
1 1071
1 1773
1 1341
1 954
1 657
1 711
1 1350
1 1917
1 2475
1 2772
1 1341
1 1044
1 594
1 1287
1 1737
1 918
1 1314
1 1926
1 2403
1 1719
1 585
1 1035
1 2781
1 963
1 918
1 1368
1 711
1 909
1 1170
1 1935
1 1188
1 1476
1 3375
1 1152
1 1422
1 1710
1 936
1 2457
1 2601
1 963
1 1656
1 1395
1 954
1 1980
1 828
1 1521
1 1773
1 621
1 1134
1 3870
1 2898
1 1908
1 2430
1 1197
1 1359
1 639
1 1350
1 1998
1 1242
1 1188
1 864
1 837
1 927
1 954
1 693
1 1953
1 1944
1 711
1 1251
1 1575
1 1935
1 1206
1 2493
1 954
1 1719
1 1107
1 1566
1 612
1 945
1 954
1 792
1 2853
1 1161
1 1998
1 2223
1 1386
1 2997
1 1683
1 2250
1 882
1 1323
1 936
1 1728
1 972
1 2259
1 846
1 1944
1 1359
1 945
1 1404
1 639
1 2277
1 1926
1 1566
1 1341
1 1278
1 2367
1 1674
1 1719
1 2304
1 1746
1 3267
1 666
1 684
1 2187
1 1386
1 1944
1 2862
1 684
1 927
1 1755
1 1314
1 675
1 1170
1 1170
1 2655
1 1305
1 1773
1 3294
1 1827
1 2277
1 2619
1 2709
1 1764
1 1971
1 945
1 1332
1 2187
1 1134
1 981
1 1305
1 1989
1 1296
1 927
1 2637
1 1998
1 1755
1 1548
1 954
1 1674
1 2187
1 1638
1 2007
1 3078
1 936
1 1278
1 1170
1 1764
1 1620
1 2205
1 1269
1 990
1 1737
1 2151
1 1431
1 729
1 2070
1 1962
1 1413
1 1692
1 972
1 774
1 648
1 945
1 1170
1 1179
1 2277
1 1647
1 2232
1 1944
1 1728
1 1989
1 1467
1 1737
1 2457
1 1800
1 2160
1 3420
1 1620
1 2439
1 2844
1 1350
1 684
1 2358
1 1881
1 1674
1 3114
1 1944
1 1386
1 1701
1 1359
1 1062
1 1323
1 1719
1 2709
1 1296
1 819
1 1287
1 1674
1 810
1 855
1 2502
1 1116
1 3042
1 936
1 936
1 2196
1 1035
1 1908
1 1512
1 864
1 1683
1 1881
1 1854
1 1197
1 2187
1 2511
1 2214
1 702
1 1386
1 1971
1 1755
1 2007
1 1953
1 2502
1 1719
1 1179
1 1233
1 1674
1 2304
1 1458
1 2241
1 1404
1 711
1 1548
1 1224
1 864
1 1953
1 4185
1 1170
1 1323
1 702
1 2439
1 954
1 1575
1 1791
1 1314
1 1782
1 1602
1 1935
1 1134
1 684
1 2286
1 2673
1 540
1 1116
1 1971
1 2853
1 1341
1 972
1 1161
1 4455
1 1728
1 2295
1 2403
1 1287
1 2133
1 1341
1 3276
1 2223
1 1557
1 1746
1 2592
1 1161
1 1305
1 1791
1 1737
1 936
1 2484
1 1206
1 2457
1 2439
1 1494
1 1134
1 1656
1 2277
1 1629
1 1746
1 1152
1 1161
1 1980
1 1143
1 2799
1 972
1 1854
1 792
1 1926
1 1332
1 1179
1 999
1 540
1 3105
1 945
1 1989
1 1017
1 2160
1 1458
1 1827
1 1350
1 972
1 2214
1 999
1 2457
1 1674
1 2646
1 2421
1 621
1 1926
1 1179
1 3951
1 1449
1 819
1 945
1 999
1 927
1 765
1 1368
1 1656
1 1494
1 2430
1 864
1 2232
1 1935
1 2187
1 2394
1 1143
1 3654
1 1305
1 684
1 729
1 720
1 990
1 1917
1 1296
1 1701
1 1152
1 2268
1 603
1 873
1 693
1 2835
1 1179
1 1971
1 1350
1 963
1 1134
1 1359
1 1737
1 1944
1 1773
1 1305
1 729
1 2151
1 1575
1 1971
1 1647
1 1989
1 585
1 1692
1 1305
1 828
1 1233
1 468
1 3654
1 1827
1 1170
1 1602
1 1449
1 1629
1 738
1 1908
1 1206
1 1692
1 2187
1 2871
1 1431
1 693
1 1098
1 963
1 2637
1 1188
1 1971
1 1071
1 1197
1 2286
1 1710
1 1377
1 2466
1 2214
1 1170
1 819
1 702
1 1935
1 2682
1 1287
1 954
1 1647
1 2196
1 864
1 1944
1 1287
1 1737
1 720
1 2475
1 1152
1 666
1 2205
1 1935
1 1179
1 1557
1 1188
1 1539
1 2862
1 1179
1 1908
1 1962
1 1737
1 981
1 891
1 1152
1 2439
1 1692
1 945
1 1422
1 1296
1 1575
1 936
1 1341
1 1278
1 2700
1 1638
1 1692
1 927
1 711
1 1944
1 1134
1 1737
1 1116
1 594
1 1962
1 1296
1 1170
1 927
1 1467
1 2637
1 918
1 693
1 1107
1 846
1 981
1 1314
1 1926
1 1305
1 1575
1 1728
1 1053
1 1134
1 1917
1 972
1 2160
1 1323
1 1665
1 1926
1 684
1 2745
1 1710
1 1404
1 1656
1 3708
1 2529
1 900
1 1728
1 1800
1 1071
1 1575
1 2232
1 2457
1 981
1 1935
1 1521
1 2439
1 1737
1 666
1 1125
1 945
1 558
1 1305
1 1134
1 1674
1 1377
1 549
1 1386
1 603
1 1701
1 1377
1 1917
1 873
1 1737
1 1755
1 1161
1 2232
1 936
1 2160
1 2421
1 1368
1 3195
1 1314
1 1134
1 963
1 1179
1 927
1 675
1 1350
1 1314
1 1089
1 1935
1 1206
1 828
1 1701
1 1431
1 3708
1 1341
1 2421
1 2916
1 1692
1 1566
1 2511
1 972
1 3204
1 954
1 2187
1 702
1 1161
1 2367
1 1170
1 2394
1 954
1 972
1 1872
1 1278
1 1593
1 1179
1 936
1 1395
1 2646
1 1170
1 1377
1 1980
1 2259
1 837
1 2619
1 1296
1 1755
1 2178
1 756
1 1989
1 1188
1 1296
1 2601
1 1494
1 1521
1 2871
1 1809
1 1854
1 1719
1 2466
1 1206
1 1188
1 945
1 2241
1 1224
1 1602
1 1251
1 1188
1 2439
1 882
1 2133
1 2430
1 612
1 2475
1 1926
1 1125
1 2223
1 2007
1 1692
1 540
1 1296
1 1107
1 1881
1 1584
1 2394
1 2484
1 1377
1 1368
1 2214
1 1944
1 2907
1 1746
1 1728
1 1296
1 1728
1 2592
1 1377
1 1251
1 1278
1 1395
1 1719
1 909
1 1107
1 846
1 1908
1 1944
1 1611
1 702
1 1710
1 1449
1 1305
1 1701
1 1233
1 1656
1 2214
1 1269
1 963
1 1557
1 1368
1 1908
1 2115
1 1107
1 1728
1 1647
1 1908
1 945
1 693
1 1701
1 1170
1 1377
1 1791
1 657
1 675
1 1980
1 1242
1 1737
1 1017
1 810
1 981
1 2502
1 666
1 1935
1 1962
1 1764
1 1575
1 1179
1 1134
1 684
1 3771
1 1854
1 1080
1 972
1 2439
1 1080
1 2520
1 1350
1 1233
1 1287
1 2151
1 1953
1 738
1 1872
1 1368
1 2583
1 2007
1 1953
1 1935
1 3438
1 2232
1 837
1 1413
1 990
1 1332
1 1431
1 1179
1 1728
1 2412
1 1242
1 1755
1 1962
1 1134
1 1287
1 2835
1 945
1 756
1 1710
1 1737
1 1314
1 1647
1 630
1 1206
1 1710
1 1206
1 2268
1 936
1 1332
1 693
1 810
1 1512
1 1224
1 2448
1 1170
1 1989
1 1350
1 972
1 1179
1 1386
1 1188
1 909
1 1341
1 1314
1 1755
1 864
1 2835
1 2007
1 1359
1 1971
1 603
1 1881
1 1953
1 1719
1 1548
1 810
1 1359
1 1935
1 2421
1 3816
1 1341
1 1710
1 1134
1 1692
1 1926
1 2250
1 2178
1 972
1 882
1 1944
1 1341
1 1746
1 819
1 837
1 1179
1 1305
1 1602
1 792
1 927
1 1530
1 657
1 2448
1 963
1 936
1 2232
1 702
1 3699
1 1557
1 1611
1 1206
1 1494
1 1791
1 2439
1 981
1 2241
1 954
1 1926
1 1539
1 2241
1 1953
1 1737
1 1485
1 3015
1 729
1 693
1 1188
1 2619
1 963
1 1314
1 1953
1 828
1 1998
1 2592
1 2673
1 1314
1 1746
1 1224
1 2475
1 1971
1 2700
1 2259
1 711
1 1962
1 810
1 1116
1 1935
1 2736
1 2655
1 1728
1 1647
1 1881
1 2016
1 981
1 1089
1 1746
1 1458
1 684
1 1278
1 2691
1 1737
1 2772
1 693
1 945
1 846
1 1935
1 1656
1 1737
1 2466
1 1962
1 954
1 2169
1 1170
1 1161
1 1710
1 1314
1 1116
1 2403
1 2457
1 774
1 2502
1 783
1 3663
1 1998
1 2808
1 1170
1 1998
1 2250
1 936
1 1944
1 3717
1 1746
1 2295
1 2457
1 1953
1 1386
1 873
1 630
1 477
1 945
1 1377
1 936
1 963
1 1701
1 1674
1 1386
1 1359
1 1305
1 1341
1 963
1 1593
1 3744
1 3699
1 1710
1 522
1 1566
1 972
1 2457
1 882
1 5634
1 1440
1 1980
1 657
1 1197
1 2232
1 2439
1 1908
1 1521
1 1539
1 3735
1 2781
1 2475
1 2466
1 972
1 1980
1 2655
1 1350
1 1548
1 1395
1 1152
1 1584
1 1998
1 1980
1 927
1 1728
1 1971
1 693
1 1710
1 1944
1 1728
1 945
1 864
1 1953
1 936
1 702
1 684
1 1575
1 2439
1 1323
1 1341
1 666
1 1629
1 1728
1 945
1 900
1 2277
1 1305
1 2547
1 666
1 1737
1 2277
1 882
1 1881
1 1161
1 1548
1 945
1 2853
1 1647
1 891
1 1701
1 1341
1 1890
1 576
1 1962
1 1458
1 1116
1 1638
1 1998
1 1881
1 1170
1 2151
1 1737
1 954
1 2511
1 2205
1 2493
1 1998
1 1881
1 1368
1 1305
1 1323
1 909
1 2205
1 1917
1 729
1 2511
1 1755
1 2259
1 2016
1 1926
1 1890
1 1791
1 1566
1 1728
1 999
1 1647
1 1116
1 1341
1 1746
1 1710
1 1422
1 2421
1 1935
1 2502
1 1863
1 1503
1 1746
1 1611
1 1296
1 630
1 1881
1 1368
1 954
1 1170
1 1386
1 3690
1 603
1 1872
1 927
1 1845
1 837
1 1152
1 1431
1 1341
1 1332
1 1386
1 1602
1 1971
1 1188
1 1404
1 1440
1 954
1 828
1 927
1 1980
1 1926
1 1359
1 1539
1 2223
1 1710
1 1224
1 1269
1 1962
1 1737
1 1746
1 2862
1 927
1 675
1 1296
1 2232
1 1179
1 657
1 756
1 1242
1 2412
1 729
1 1359
1 999
1 1962
1 1179
1 828
1 1350
1 2826
1 1152
1 1908
1 2160
1 1656
1 1881
1 1701
1 945
1 1350
1 945
1 2673
1 900
1 2151
1 927
1 2655
1 2583
1 1440
1 2430
1 1746
1 1404
1 1170
1 2853
1 2430
1 1395
1 2142
1 1683
1 990
1 1926
1 1080
1 1944
1 963
1 963
1 2169
1 927
1 1944
1 1206
1 1323
1 2466
1 2097
1 1152
1 1539
1 1458
1 3204
1 1746
1 1485
1 1917
1 1170
1 1638
1 1980
1 2466
1 2457
1 873
1 2241
1 963
1 1701
1 1296
1 837
1 1719
1 657
1 1548
1 918
1 1665
1 1161
1 729
1 1305
1 1692
1 1143
1 1386
1 1206
1 1341
1 2250
1 1791
1 477
1 729
1 927
1 684
1 684
1 1854
1 1161
1 972
1 675
1 954
1 1926
1 1152
1 693
1 3618
1 1764
1 945
1 1620
1 1755
1 585
1 945
1 963
1 2421
1 1161
1 2304
1 1728
1 1719
1 1386
1 2331
1 702
1 1728
1 1755
1 1557
1 1719
1 1737
1 1314
1 963
1 1656
1 1548
1 945
1 1656
1 1152
1 1530
1 1323
1 630
1 477
1 1989
1 2304
1 954
1 1683
1 1314
1 1584
1 3069
1 1377
1 477
1 684
1 1215
1 747
1 1179
1 1107
1 1953
1 936
1 1728
1 819
1 720
1 2709
1 855
1 1971
1 3483
1 1179
1 1170
1 2250
1 2655
1 1332
1 2241
1 630
1 2250
1 1152
1 2430
1 936
1 675
1 1908
1 954
1 2835
1 1449
1 954
1 2196
1 882
1 1440
1 2511
1 1746
1 1944
1 2304
1 1953
1 1170
1 1188
1 1782
1 1125
1 1314
1 1854
1 1737
1 2664
1 1287
1 963
1 666
1 2286
1 1080
1 891
1 1305
1 1710
1 1305
1 1332
1 1575
1 828
1 1242
1 1755
1 1989
1 1746
1 1224
1 1710
1 612
1 972
1 1008
1 846
1 2853
1 2457
1 2376
1 2007
1 873
1 1755
1 3708
1 1323
1 2475
1 972
1 2151
1 3096
1 1323
1 1683
1 2178
1 1395
1 1422
1 1746
1 2439
1 1161
1 2664
1 2628
1 657
1 1962
1 1683
1 1197
1 2178
1 909
1 1566
1 2268
1 747
1 1953
1 1746
1 2232
1 2457
1 1656
1 2457
1 936
1 3069
1 1980
1 1728
1 1971
1 1953
1 1152
1 2286
1 954
1 1116
1 2205
1 3645
1 1224
1 1206
1 1323
1 936
1 2655
1 1719
1 531
1 1962
1 891
1 2232
1 540
1 828
1 954
1 1188
1 1233
1 2241
1 1665
1 1647
1 1935
1 1899
1 468
1 1341
1 846
1 1017
1 2043
1 1152
1 1692
1 954
1 1890
1 2160
1 1314
1 1746
1 1737
1 666
1 2241
1 1710
1 2466
1 2799
1 873
1 720
1 2466
1 783
1 2007
1 2214
1 1719
1 2745
1 3420
1 2403
1 1665
1 1161
1 1179
1 1674
1 945
1 1413
1 1332
1 1746
1 1593
1 1323
1 1755
1 1035
1 954
1 972
1 1134
1 2448
1 1287
1 1827
1 2871
1 774
1 1971
1 675
1 1314
1 999
1 1521
1 882
1 918
1 1404
1 639
1 909
1 1224
1 1161
1 1296
1 1386
1 2133
1 792
1 1314
1 2502
1 1989
1 828
1 927
1 918
1 2187
1 1980
1 1152
1 594
1 2430
1 2178
1 2466
1 1629
1 729
1 1224
1 1386
1 963
1 954
1 1233
1 1917
1 1503
1 1341
1 1620
1 1611
1 2646
1 2133
1 2340
1 2430
1 1539
1 1161
1 765
1 1413
1 873
1 576
1 1305
1 1890
1 1728
1 1962
1 2223
1 2439
1 2439
1 1287
1 954
1 2403
1 1161
1 2241
1 2538
1 900
1 945
1 1827
1 1431
1 1548
1 1647
1 1386
1 819
1 1746
1 1737
1 738
1 1242
1 1998
1 693
1 612
1 891
1 1314
1 2457
1 693
1 1800
1 702
1 1305
1 1800
1 1386
1 522
1 1368
1 927
1 945
1 2241
1 855
1 3663
1 2439
1 2241
1 2160
1 1944
1 954
1 2457
1 3276
1 2385
1 2430
1 1170
1 639
1 1314
1 3816
1 864
1 1161
1 1377
1 1800
1 2466
1 1179
1 2376
1 1737
1 1764
1 639
1 846
1 2790
1 2835
1 1170
1 1512
1 1305
1 828
1 2925
1 3996
1 1737
1 1170
1 630
1 1188
1 1674
1 2502
1 1305
1 1755
1 2196
1 1071
1 1377
1 927
1 2313
1 2178
1 1305
1 1521
1 999
1 1872
1 1764
1 1809
1 603
1 1719
1 2007
1 909
1 900
1 2718
1 1287
1 1305
1 1080
1 2169
1 504
1 846
1 1089
1 684
1 2277
1 1683
1 954
1 927
1 1701
1 1854
1 1926
1 918
1 1224
1 2142
1 2214
1 1125
1 981
1 1728
1 909
1 1062
1 4185
1 1503
1 1422
1 1440
1 2322
1 1296
1 2232
1 3654
1 963
1 2304
1 1647
1 1485
1 873
1 2439
1 783
1 972
1 2430
1 1782
1 1566
1 1512
1 1719
1 1953
1 1719
1 630
1 1134
1 1314
1 711
1 2448
1 1593
1 2367
1 1170
1 864
1 2979
1 1791
1 1755
1 1737
1 1566
1 936
1 927
1 1719
1 2448
1 2223
1 2412
1 1197
1 2403
1 963
1 2484
1 1971
1 1179
1 1944
1 1620
1 1323
1 603
1 1584
1 1917
1 1341
1 1350
1 927
1 2205
1 2214
1 1197
1 774
1 1224
1 1305
1 1170
1 2115
1 684
1 1071
1 1737
1 1944
1 1503
1 1170
1 2448
1 1953
1 2493
1 2457
1 810
1 1962
1 954
1 711
1 3078
1 1737
1 2295
1 4428
1 936
1 3474
1 1359
1 2241
1 2556
1 2475
1 1233
1 1161
1 1152
1 1314
1 981
1 2475
1 1449
1 2511
1 1179
1 972
1 1287
1 2547
1 2376
1 954
1 2277
1 1386
1 981
1 2691
1 1998
1 1674
1 2304
1 1728
1 1314
1 630
1 873
1 1584
1 3276
1 1719
1 2853
1 1269
1 1395
1 1746
1 1296
1 2511
1 981
1 1314
1 693
1 1539
1 1719
1 612
1 1224
1 1134
1 1863
1 2250
1 666
1 855
1 1179
1 2169
1 1179
1 1962
1 1953
1 873
1 1998
1 873
1 2196
1 2106
1 1863
1 2484
1 2673
1 2439
1 666
1 1629
1 1395
1 1368
1 954
1 1359
1 693
1 711
1 1710
1 1692
1 1161
1 1305
1 585
1 2259
1 1728
1 2205
1 1908
1 1737
1 1548
1 927
1 2205
1 1782
1 3645
1 612
1 1962
1 1170
1 954
1 1332
1 612
1 1179
1 1728
1 927
1 1179
1 828
1 1044
1 1683
1 1503
1 1755
1 972
1 1962
1 981
1 2214
1 2286
1 1386
1 1134
1 909
1 1989
1 1944
1 954
1 837
1 1530
1 2646
1 2457
1 1422
1 1746
1 2502
1 936
1 1638
1 2412
1 594
1 3213
1 1737
1 675
1 1314
1 1872
1 1359
1 603
1 963
1 639
1 963
1 576
1 972
1 837
1 2268
1 648
1 2232
1 1935
1 2268
1 1440
1 1611
1 2745
1 3555
1 1638
1 918
1 1719
1 1332
1 1935
1 711
1 1692
1 1719
1 2232
1 1692
1 1305
1 1152
1 1188
1 927
1 936
1 2466
1 1971
1 810
1 1692
1 3204
1 2844
1 945
1 936
1 666
1 1674
1 1161
1 621
1 963
1 1890
1 2250
1 2646
1 1152
1 2322
1 3159
1 2052
1 2223
1 936
1 2394
1 1170
1 3699
1 2241
1 1179
1 1728
1 1323
1 963
1 1179
1 1692
1 837
1 954
1 1683
1 477
1 1314
1 2187
1 1989
1 1233
1 1908
1 747
1 1008
1 1818
1 2205
1 1818
1 1674
1 1188
1 1206
1 1602
1 1152
1 2439
1 1611
1 1719
1 666
1 1701
1 648
1 2493
1 2637
1 1098
1 972
1 1836
1 693
1 1701
1 585
1 1737
1 2313
1 1179
1 2133
1 2475
1 1440
1 2430
1 585
1 3411
1 1170
1 1728
1 1152
1 1197
1 936
1 2205
1 639
1 837
1 1305
1 3231
1 1305
1 1881
1 1188
1 2160
1 1179
1 2295
1 3132
1 963
1 1683
1 828
1 1737
1 1728
1 3249
1 3474
1 1719
1 1908
1 1908
1 693
1 2637
1 1305
1 3717
1 2376
1 1935
1 1224
1 1170
1 1656
1 801
1 954
1 1080
1 1170
1 711
1 1971
1 1620
1 801
1 1314
1 2493
1 819
1 2619
1 2412
1 1746
1 2448
1 2898
1 747
1 2223
1 936
1 1359
1 936
1 927
1 1953
1 1458
1 1944
1 972
1 2718
1 810
1 693
1 711
1 1305
1 810
1 1539
1 1467
1 1746
1 2223
1 2286
1 2439
1 1251
1 1755
1 2070
1 1962
1 2016
1 1548
1 1224
1 1017
1 1719
1 1710
1 1854
1 612
1 954
1 1512
1 1638
1 2844
1 990
1 1863
1 1485
1 1665
1 1305
1 837
1 828
1 1152
1 1251
1 3699
1 1332
1 2844
1 2475
1 1305
1 1368
1 2187
1 1899
1 1728
1 1998
1 612
1 1332
1 1962
1 1764
1 1791
1 1881
1 1962
1 2205
1 963
1 2187
1 2439
1 1314
1 1224
1 945
1 1296
1 1134
1 1080
1 702
1 1197
1 2214
1 2916
1 1125
1 1287
1 1323
1 1935
1 1890
1 2475
1 2637
1 2421
1 1233
1 1512
1 1305
1 2232
1 1656
1 1467
1 972
1 1737
1 2484
1 1557
1 1098
1 1971
1 4482
1 3429
1 1305
1 666
1 675
1 891
1 2187
1 1746
1 1395
1 792
1 1962
1 1161
1 2511
1 1179
1 828
1 2844
1 1080
1 1341
1 2673
1 1305
1 1431
1 1827
1 657
1 2295
1 2403
1 1359
1 864
1 1566
1 927
1 576
1 2997
1 1557
1 2160
1 1044
1 1179
1 2214
1 1701
1 810
1 1944
1 1314
1 1188
1 1278
1 783
1 1314
1 1989
1 1170
1 495
1 1593
1 1584
1 1737
1 1935
1 2448
1 1854
1 1161
1 2241
1 1881
1 1737
1 1359
1 1323
1 2691
1 1494
1 2214
1 1467
1 846
1 1377
1 1125
1 1737
1 2403
1 1449
1 2484
1 2448
1 1836
1 855
1 1332
1 909
1 909
1 1890
1 1323
1 1071
1 1539
1 2016
1 900
1 1971
1 1728
1 2430
1 801
1 747
1 2808
1 828
1 2070
1 2664
1 927
1 1656
1 2628
1 1350
1 2529
1 1197
1 1566
1 1791
1 2043
1 1827
1 1539
1 1485
1 945
1 1584
1 2178
1 1629
1 1719
1 1530
1 477
1 1134
1 1746
1 729
1 1152
1 1683
1 666
1 1224
1 1161
1 1584
1 1755
1 1818
1 2430
1 945
1 1791
1 1890
1 1188
1 909
1 2160
1 999
1 1557
1 927
1 2772
1 1719
1 2205
1 1251
1 1620
1 963
1 819
1 1314
1 954
1 1899
1 891
1 1161
1 1485
1 1701
1 819
1 1197
1 630
1 828
1 1188
1 1719
1 3222
1 2097
1 1926
1 1737
1 1791
1 1440
1 2664
1 1125
1 666
1 945
1 1467
1 945
1 1908
1 1773
1 1161
1 2331
1 1764
1 1863
1 1674
1 1737
1 1647
1 1440
1 1494
1 1422
1 936
1 1476
1 954
1 1998
1 2601
1 999
1 1377
1 864
1 927
1 1935
1 2223
1 819
1 1440
1 945
1 738
1 945
1 648
1 1548
1 711
1 1458
1 1305
1 1755
1 1548
1 585
1 594
1 1737
1 1719
1 1503
1 2142
1 1314
1 900
1 1944
1 2484
1 1161
1 1647
1 936
1 1170
1 900
1 1368
1 918
1 1998
1 1944
1 1548
1 2592
1 2475
1 2214
1 1395
1 3681
1 2205
1 1584
1 1251
1 927
1 3762
1 954
1 1890
1 2862
1 1710
1 2259
1 1494
1 1962
1 2781
1 1521
1 1242
1 1323
1 666
1 3744
1 720
1 612
1 1377
1 1332
1 2151
1 1656
1 1386
1 918
1 1359
1 1836
1 1719
1 972
1 2799
1 2466
1 2223
1 873
1 2295
1 693
1 792
1 1746
1 1944
1 1881
1 630
1 1746
1 1719
1 1647
1 1629
1 666
1 3708
1 612
1 1305
1 603
1 1728
1 1188
1 1917
1 1638
1 1593
1 3654
1 1998
1 2466
1 936
1 936
1 1728
1 1503
1 2133
1 2187
1 2124
1 1719
1 1161
1 2259
1 936
1 657
1 2367
1 819
1 1188
1 2466
1 1998
1 2241
1 2475
1 2250
1 1701
1 1539
1 2133
1 1647
1 1881
1 1530
1 1206
1 2187
1 1179
1 2241
1 1764
1 1971
1 1098
1 2007
1 3933
1 2295
1 2439
1 1944
1 1188
1 2439
1 2196
1 2466
1 1872
1 918
1 990
1 675
1 2790
1 1854
1 2205
1 540
1 1188
1 1377
1 1224
1 1926
1 918
1 1863
1 1314
1 1701
1 1314
1 2331
1 2484
1 1125
1 2736
1 1323
1 738
1 927
1 1998
1 1206
1 1350
1 1422
1 1584
1 1422
1 1953
1 1548
1 3744
1 621
1 1602
1 1665
1 1305
1 1953
1 1737
1 2178
1 675
1 2439
1 1197
1 1062
1 1746
1 2862
1 630
1 594
1 1719
1 2448
1 2502
1 1512
1 2835
1 1341
1 2250
1 630
1 1305
1 1314
1 675
1 1701
1 1116
1 657
1 2169
1 1224
1 1647
1 1179
1 603
1 1584
1 2178
1 2835
1 1962
1 1728
1 2169
1 963
1 2286
1 2268
1 756
1 1800
1 1728
1 3114
1 2448
1 2268
1 1665
1 1611
1 1350
1 945
1 684
1 1998
1 1566
1 1278
1 945
1 954
1 1530
1 1980
1 1494
1 1323
1 855
1 1701
1 2187
1 2871
1 2682
1 2214
1 1737
1 3411
1 639
1 855
1 1512
1 1710
1 2736
1 936
1 918
1 1152
1 873
1 918
1 1287
1 945
1 1449
1 3762
1 1179
1 1332
1 2502
1 2493
1 1881
1 1944
1 1179
1 1368
1 2439
1 2421
1 4734
1 1971
1 2448
1 1656
1 558
1 2205
1 2430
1 2412
1 1899
1 738
1 549
1 954
1 801
1 738
1 2421
1 603
1 621
1 2241
1 1854
1 2304
1 1494
1 1332
1 1584
1 2709
1 963
1 747
1 3384
1 909
1 1134
1 936
1 2583
1 819
1 1728
1 1026
1 1548
1 1161
1 1206
1 1512
1 1953
1 1305
1 1197
1 1350
1 1314
1 2862
1 3285
1 963
1 2475
1 3015
1 1548
1 1962
1 1629
1 2223
1 2142
1 3510
1 819
1 1341
1 513
1 1764
1 729
1 1620
1 1152
1 2511
1 828
1 1287
1 1872
1 603
1 864
1 1719
1 1350
1 828
1 1944
1 1431
1 1134
1 891
1 3960
1 1764
1 3240
1 1377
1 1080
1 477
1 1440
1 1152
1 702
1 1944
1 612
1 2664
1 738
1 3123
1 1557
1 2295
1 1719
1 4527
1 792
1 1242
1 1116
1 954
1 1503
1 1935
1 1989
1 2223
1 2232
1 4374
1 945
1 1143
1 2376
1 1953
1 909
1 909
1 855
1 2214
1 1746
1 2250
1 2601
1 1278
1 1647
1 2799
1 1809
1 1935
1 1683
1 855
1 954
1 2178
1 1242
1 2466
1 2358
1 1296
1 1719
1 684
1 666
1 1197
1 1818
1 1350
1 1773
1 1953
1 1845
1 819
1 1134
1 1692
1 1548
1 846
1 666
1 810
1 1539
1 828
1 1377
1 1089
1 918
1 1125
1 1755
1 2808
1 1287
1 2421
1 657
1 1971
1 2403
1 3150
1 1305
1 1170
1 1332
1 657
1 1728
1 1737
1 1827
1 2403
1 2277
1 648
1 1692
1 1566
1 2664
1 1179
1 1251
1 2484
1 1728
1 648
1 1755
1 1359
1 1341
1 1206
1 1233
1 2295
1 2781
1 1386
1 864
1 1179
1 981
1 954
1 1125
1 747
1 1377
1 1908
1 1980
1 2646
1 819
1 1737
1 837
1 819
1 2601
1 2781
1 1701
1 1854
1 2412
1 1539
1 1413
1 1935
1 1953
1 1269
1 2304
1 2133
1 2223
1 1296
1 1728
1 1323
1 1953
1 1710
1 828
1 1755
1 1584
1 1728
1 1134
1 1557
1 2214
1 1989
1 891
1 1395
1 1188
1 945
1 1152
1 711
1 990
1 1494
1 819
1 1755
1 1737
1 1440
1 1350
1 1062
1 1890
1 2214
1 1584
1 846
1 1881
1 936
1 1944
1 1386
1 1539
1 1989
1 2124
1 1746
1 1071
1 2016
1 4284
1 684
1 1629
1 1341
1 810
1 2250
1 1593
1 846
1 1161
1 1584
1 2844
1 864
1 972
1 1233
1 2223
1 927
1 1674
1 1611
1 1647
1 1575
1 1323
1 954
1 1584
1 2304
1 1701
1 1359
1 1458
1 1980
1 684
1 1710
1 918
1 1935
1 2241
1 1278
1 909
1 1665
1 1944
1 1179
1 558
1 963
1 1206
1 1134
1 2682
1 1809
1 2007
1 2313
1 2430
1 1206
1 963
1 711
1 963
1 2115
1 2628
1 1593
1 2610
1 2349
1 909
1 873
1 1935
1 1269
1 1656
1 2664
1 1404
1 1683
1 1152
1 2160
1 1242
1 846
1 1395
1 1170
1 801
1 837
1 1224
1 1170
1 999
1 3420
1 828
1 2448
1 1980
1 1350
1 1944
1 1116
1 540
1 1359
1 1287
1 909
1 2160
1 2160
1 3204
1 846
1 1332
1 936
1 1296
1 1305
1 873
1 1314
1 1512
1 2853
1 2511
1 1179
1 1170
1 738
1 729
1 2223
1 1179
1 702
1 945
1 2790
1 1692
1 1971
1 621
1 2151
1 1872
1 2916
1 1962
1 1755
1 1008
1 2853
1 2250
1 1107
1 954
1 2664
1 1674
1 1017
1 1296
1 963
1 918
1 2124
1 1314
1 2259
1 2484
1 1782
1 954
1 1962
1 639
1 711
1 1323
1 1908
1 1935
1 1737
1 2610
1 666
1 1602
1 999
1 2223
1 1368
1 1989
1 1737
1 882
1 1638
1 1053
1 981
1 1548
1 1647
1 1962
1 2214
1 1719
1 774
1 2493
1 1449
1 2223
1 2124
1 720
1 711
1 1134
1 2232
1 1431
1 1962
1 648
1 1917
1 4149
1 1413
1 2250
1 1854
1 1143
1 1224
1 2457
1 1386
1 1782
1 2214
1 1179
1 1593
1 2286
1 639
1 3105
1 1008
1 963
1 2196
1 1386
1 1152
1 1728
1 585
1 1170
1 837
1 3177
1 1944
1 1503
1 1647
1 2268
1 1323
1 1791
1 1746
1 1755
1 1548
1 2943
1 702
1 1413
1 2610
1 2124
1 2142
1 954
1 1017
1 972
1 1692
1 729
1 2664
1 963
1 1566
1 2322
1 2439
1 1521
1 2664
1 2214
1 702
1 540
1 1305
1 1206
1 2016
1 1674
1 2313
1 2628
1 1809
1 2502
1 1881
1 2223
1 1701
1 1071
1 2655
1 711
1 1638
1 1719
1 1521
1 1125
1 1008
1 2439
1 1386
1 1440
1 792
1 1395
1 1161
1 1809
1 810
1 684
1 1728
1 756
1 936
1 1890
1 1755
1 2457
1 1746
1 936
1 945
1 828
1 918
1 882
1 1773
1 2412
1 945
1 1350
1 612
1 1944
1 1152
1 1503
1 2160
1 2178
1 603
1 1332
1 1251
1 1962
1 1917
1 684
1 1548
1 3168
1 1926
1 1926
1 1386
1 1188
1 963
1 1179
1 1305
1 1989
1 1071
1 1827
1 918
1 1332
1 684
1 2871
1 1998
1 3402
1 1674
1 1557
1 1017
1 963
1 1755
1 1197
1 774
1 3222
1 2277
1 945
1 1089
1 2187
1 2007
1 2250
1 2331
1 918
1 1998
1 666
1 945
1 675
1 2196
1 1224
1 990
1 1674
1 936
1 1746
1 963
1 2853
1 882
1 1710
1 1170
1 1665
1 1818
1 972
1 936
1 2421
1 3366
1 1314
1 1692
1 1350
1 936
1 918
1 909
1 1872
1 1332
1 1728
1 621
1 2196
1 972
1 2259
1 1305
1 936
1 1782
1 945
1 1485
1 882
1 2232
1 1863
1 2268
1 684
1 1620
1 1719
1 873
1 1593
1 981
1 2538
1 3168
1 954
1 702
1 1764
1 1710
1 1350
1 855
1 1413
1 828
1 1944
1 1548
1 1593
1 2439
1 1314
1 1809
1 1881
1 1152
1 1386
1 1692
1 1890
1 2124
1 1314
1 1764
1 954
1 1152
1 2790
1 1161
1 1692
1 1962
1 2448
1 1719
1 1134
1 1134
1 1710
1 963
1 1944
1 1908
1 1755
1 2196
1 3132
1 1341
1 1143
1 1755
1 2214
1 873
1 1710
1 720
1 1674
1 1539
1 1737
1 1188
1 1971
1 1323
1 954
1 2691
1 1575
1 1332
1 1026
1 1035
1 972
1 1764
1 1989
1 936
1 765
1 945
1 1719
1 1548
1 918
1 774
1 1764
1 1386
1 1377
1 1161
1 1737
1 1548
1 1395
1 1638
1 972
1 2286
1 1764
1 3402
1 2304
1 1701
1 1161
1 2628
1 1953
1 1809
1 1782
1 2421
1 630
1 855
1 1395
1 1179
1 2304
1 2538
1 963
1 1251
1 909
1 1539
1 774
1 936
1 882
1 864
1 1584
1 1350
1 1152
1 945
1 1179
1 630
1 2790
1 1602
1 2241
1 1755
1 1071
1 2592
1 1800
1 675
1 1746
1 1467
1 954
1 1746
1 972
1 774
1 810
1 1305
1 2466
1 2205
1 855
1 1377
1 954
1 1989
1 738
1 1089
1 2592
1 2655
1 1224
1 1755
1 2448
1 1953
1 1674
1 1971
1 1584
1 990
1 2754
1 1809
1 1944
1 1575
1 1188
1 873
1 792
1 864
1 1656
1 1638
1 1557
1 1071
1 2349
1 1125
1 1215
1 1035
1 594
1 1764
1 1737
1 819
1 1359
1 2394
1 945
1 1125
1 1341
1 1737
1 2790
1 909
1 1125
1 909
1 2187
1 1719
1 612
1 945
1 927
1 1548
1 945
1 2430
1 1314
1 954
1 2628
1 1377
1 1359
1 1944
1 1233
1 2466
1 954
1 1737
1 1395
1 1953
1 1890
1 828
1 1971
1 2466
1 1953
1 1080
1 1296
1 1683
1 1899
1 1323
1 1764
1 1305
1 1683
1 1314
1 1962
1 1719
1 4356
1 3438
1 1872
1 2826
1 684
1 1971
1 1386
1 3384
1 2034
1 1341
1 1575
1 2457
1 1620
1 954
1 1386
1 774
1 1611
1 1584
1 1989
1 1179
1 1611
1 1152
1 585
1 3672
1 1161
1 1944
1 1638
1 2250
1 1323
1 2250
1 963
1 1746
1 945
1 2223
1 1890
1 2619
1 1620
1 576
1 891
1 1674
1 1755
1 1692
1 1899
1 1692
1 1494
1 1467
1 666
1 2196
1 2862
1 927
1 1386
1 1755
1 648
1 1872
1 1881
1 1665
1 882
1 2628
1 2313
1 1755
1 1404
1 1548
1 828
1 1971
1 1602
1 639
1 810
1 1728
1 1233
1 1377
1 1008
1 2214
1 1818
1 684
1 1467
1 1044
1 972
1 1377
1 1314
1 1962
1 2628
1 720
1 963
1 1737
1 1008
1 1800
1 1314
1 855
1 1440
1 2493
1 909
1 1890
1 1746
1 1305
1 972
1 1296
1 819
1 1836
1 1710
1 1854
1 1656
1 648
1 2178
1 1746
1 1737
1 1278
1 1278
1 2376
1 2457
1 1638
1 1305
1 1332
1 1935
1 1872
1 2295
1 1386
1 2205
1 594
1 1818
1 945
1 1575
1 1404
1 2421
1 1782
1 2484
1 1530
1 1692
1 2475
1 1917
1 954
1 1683
1 1764
1 2457
1 945
1 819
1 1188
1 945
1 1332
1 1251
1 1188
1 3672
1 1485
1 1746
1 2664
1 1890
1 927
1 2673
1 1701
1 675
1 1170
1 1314
1 954
1 1584
1 1233
1 648
1 981
1 2403
1 1386
1 630
1 2583
1 828
1 1440
1 2457
1 963
1 1692
1 936
1 1665
1 2475
1 1692
1 1431
1 1179
1 1989
1 1701
1 1719
1 630
1 864
1 1530
1 2628
1 1710
1 2133
1 1314
1 1728
1 3195
1 1530
1 1683
1 936
1 828
1 675
1 1296
1 2619
1 1737
1 1242
1 2619
1 1683
1 1971
1 477
1 873
1 810
1 1917
1 1431
1 2439
1 1323
1 1323
1 1179
1 1710
1 1638
1 1494
1 1368
1 1917
1 2610
1 909
1 1350
1 1512
1 711
1 1638
1 1710
1 1377
1 1395
1 873
1 1341
1 603
1 1962
1 1404
1 2142
1 1395
1 1404
1 1179
1 1692
1 873
1 1260
1 2232
1 639
1 2475
1 1359
1 855
1 1746
1 927
1 1512
1 639
1 1386
1 1548
1 1674
1 1206
1 2520
1 1161
1 1953
1 702
1 828
1 3240
1 1314
1 891
1 2232
1 936
1 2187
1 1575
1 594
1 2475
1 936
1 2664
1 1233
1 936
1 1323
1 2268
1 2412
1 828
1 1764
1 927
1 936
1 1710
1 1593
1 1530
1 1863
1 1998
1 1134
1 1944
1 837
1 576
1 2502
1 1251
1 1899
1 828
1 1188
1 693
1 1899
1 1881
1 684
1 702
1 1242
1 981
1 2259
1 855
1 2871
1 1953
1 1512
1 927
1 945
1 1017
1 1665
1 1908
1 1719
1 693
1 954
1 1962
1 1431
1 1719
1 2484
1 1989
1 1620
1 1143
1 1728
1 1098
1 1692
1 1647
1 1161
1 1962
1 2691
1 900
1 1107
1 963
1 900
1 1314
1 1881
1 630
1 1620
1 702
1 1692
1 1476
1 666
1 936
1 4446
1 1719
1 1854
1 2205
1 693
1 1701
1 648
1 747
1 2196
1 954
1 1755
1 684
1 2475
1 1548
1 1719
1 2439
1 702
1 927
1 963
1 1881
1 603
1 2457
1 1629
1 1188
1 801
1 1584
1 1593
1 1296
1 954
1 1260
1 2232
1 1764
1 603
1 855
1 1701
1 657
1 2250
1 1962
1 657
1 2286
1 2448
1 1314
1 2214
1 1737
1 1773
1 864
1 1170
1 2484
1 1701
1 1962
1 810
1 1323
1 2196
1 1998
1 954
1 711
1 1692
1 1530
1 936
1 702
1 2421
1 657
1 1314
1 1224
1 2295
1 1935
1 1953
1 2709
1 2214
1 1899
1 1170
1 1413
1 693
1 2214
1 594
1 963
1 2250
1 1935
1 873
1 1026
1 1701
1 1719
1 2826
1 2259
1 1134
1 2178
1 963
1 1035
1 2484
1 1755
1 1071
1 1188
1 2610
1 2673
1 882
1 810
1 2448
1 1332
1 2592
1 1683
1 1170
1 837
1 2475
1 1359
1 1746
1 3456
1 2475
1 1584
1 1944
1 1026
1 648
1 1728
1 1971
1 972
1 1224
1 2853
1 936
1 621
1 3096
1 927
1 1512
1 2250
1 1269
1 2133
1 2439
1 1737
1 2124
1 828
1 1395
1 1305
1 666
1 1908
1 1278
1 1854
1 1314
1 1314
1 1962
1 2484
1 1323
1 819
1 1917
1 855
1 936
1 1962
1 2475
1 1548
1 828
1 666
1 1692
1 2151
1 1656
1 2169
1 2664
1 1404
1 801
1 1458
1 1845
1 1611
1 1314
1 3519
1 1197
1 1539
1 945
1 1197
1 1341
1 1215
1 1161
1 675
1 1980
1 657
1 1638
1 1692
1 684
1 1962
1 1620
1 2412
1 981
1 1134
1 1161
1 621
1 1080
1 2484
1 1971
1 2493
1 2178
1 1548
1 702
1 594
1 801
1 2115
1 1278
1 1188
1 1179
1 2151
1 2214
1 1872
1 2439
1 1953
1 1908
1 711
1 1701
1 1008
1 918
1 1071
1 927
1 1233
1 1332
1 1944
1 1512
1 1341
1 2142
1 1170
1 711
1 1935
1 1737
1 2790
1 1368
1 936
1 1107
1 2538
1 954
1 1998
1 1062
1 2916
1 1818
1 963
1 1080
1 1863
1 576
1 2412
1 2700
1 3222
1 2673
1 1395
1 1323
1 954
1 1008
1 1179
1 1332
1 1674
1 963
1 3204
1 945
1 1179
1 2214
1 909
1 1980
1 1188
1 2862
1 2862
1 693
1 1611
1 1548
1 2781
1 2700
1 864
1 1305
1 936
1 1116
1 927
1 1989
1 1179
1 819
1 684
1 1368
1 621
1 1395
1 2844
1 1953
1 2151
1 1548
1 963
1 1359
1 621
1 1854
1 630
1 936
1 1944
1 1449
1 936
1 1962
1 1116
1 792
1 1170
1 873
1 1890
1 1602
1 1935
1 873
1 1341
1 2691
1 1980
1 1539
1 684
1 1584
1 1953
1 1179
1 1017
1 1728
1 927
1 1791
1 954
1 2466
1 2448
1 648
1 963
1 864
1 2304
1 819
1 846
1 684
1 1899
1 1152
1 2484
1 945
1 1107
1 1980
1 1557
1 2142
1 927
1 1980
1 549
1 792
1 2484
1 2223
1 2286
1 972
1 1278
1 1467
1 1503
1 2502
1 2277
1 1755
1 1710
1 2421
1 1629
1 1125
1 1017
1 2556
1 1638
1 1818
1 2133
1 1179
1 1161
1 684
1 2448
1 1800
1 675
1 648
1 1773
1 1179
1 936
1 1719
1 1134
1 1431
1 675
1 1557
1 936
1 1620
1 963
1 1746
1 1701
1 1971
1 2781
1 1098
1 2430
1 1755
1 2205
1 1332
1 666
1 1116
1 819
1 2106
1 1998
1 1737
1 1287
1 1899
1 1701
1 882
1 2016
1 846
1 630
1 1314
1 2430
1 963
1 1980
1 2214
1 837
1 1170
1 1548
1 1224
1 1737
1 2448
1 1755
1 2187
1 945
1 1935
1 2385
1 936
1 1278
1 936
1 1674
1 2286
1 1593
1 1179
1 2151
1 1296
1 1737
1 1341
1 819
1 1737
1 1341
1 1305
1 1386
1 1125
1 1548
1 1656
1 1575
1 558
1 1143
1 1071
1 954
1 1179
1 864
1 1332
1 1296
1 1953
1 1179
1 711
1 2466
1 2304
1 2646
1 1386
1 1908
1 3429
1 2277
1 675
1 792
1 990
1 909
1 2637
1 711
1 1557
1 1953
1 1170
1 1179
1 1584
1 945
1 1854
1 1503
1 603
1 2475
1 2340
1 2025
1 1512
1 1224
1 666
1 2025
1 1440
1 1287
1 1881
1 1539
1 1296
1 2178
1 675
1 954
1 1638
1 1125
1 1800
1 1728
1 1737
1 684
1 1188
1 1107
1 675
1 1998
1 1746
1 1350
1 1053
1 936
1 2178
1 630
1 1746
1 1647
1 1188
1 1710
1 882
1 2016
1 1719
1 1962
1 2340
1 1926
1 1962
1 3474
1 1962
1 1980
1 1134
1 1728
1 1908
1 2853
1 1683
1 1665
1 1071
1 1359
1 954
1 2232
1 2286
1 1143
1 2187
1 1719
1 1359
1 1377
1 1278
1 702
1 819
1 1710
1 2673
1 1359
1 2196
1 1350
1 1179
1 2727
1 1755
1 2169
1 972
1 2295
1 1179
1 972
1 2493
1 1989
1 621
1 819
1 630
1 1197
1 882
1 819
1 1188
1 1584
1 1188
1 1161
1 900
1 1890
1 1647
1 1179
1 2187
1 1782
1 2826
1 2862
1 927
1 1188
1 1296
1 1755
1 1701
1 621
1 1188
1 1179
1 1665
1 1863
1 1926
1 1746
1 954
1 1341
1 972
1 1062
1 3942
1 2439
1 1944
1 1800
1 2430
1 630
1 1980
1 972
1 1926
1 1746
1 1710
1 1008
1 3285
1 1737
1 1800
1 1125
1 1341
1 954
1 819
1 1728
1 3132
1 1773
1 945
1 2844
1 2142
1 1656
1 1161
1 3825
1 1980
1 1323
1 1719
1 1935
1 954
1 1638
1 1152
1 693
1 1080
1 711
1 1782
1 1872
1 954
1 1323
1 2223
1 1503
1 1710
1 1719
1 1134
1 1926
1 684
1 2241
1 1323
1 2466
1 2493
1 1980
1 702
1 1755
1 1890
1 828
1 1314
1 2223
1 1782
1 1404
1 1170
1 954
1 2493
1 2448
1 1224
1 999
1 3150
1 1557
1 1233
1 1332
1 1953
1 1341
1 1656
1 864
1 1251
1 1305
1 1161
1 1683
1 1332
1 756
1 972
1 954
1 2016
1 1179
1 1818
1 2205
1 711
1 2457
1 1566
1 2439
1 873
1 1980
1 1665
1 1557
1 2295
1 1080
1 684
1 1377
1 1881
1 675
1 4446
1 1728
1 1755
1 2484
1 2223
1 2871
1 594
1 1737
1 1359
1 1710
1 3087
1 1179
1 864
1 1737
1 1701
1 2223
1 918
1 900
1 936
1 2736
1 1719
1 1251
1 1116
1 1341
1 1737
1 675
1 2439
1 1719
1 3132
1 1953
1 675
1 1872
1 1809
1 2187
1 2835
1 1017
1 2673
1 1053
1 1161
1 2772
1 2646
1 2304
1 1701
1 1872
1 684
1 477
1 2583
1 1980
1 1053
1 1341
1 1719
1 864
1 2619
1 1944
1 1593
1 2763
1 1764
1 1179
1 810
1 936
1 1323
1 1278
1 828
1 1683
1 693
1 1926
1 468
1 1944
1 1323
1 1152
1 972
1 1458
1 1737
1 1881
1 2457
1 828
1 738
1 837
1 1935
1 720
1 972
1 2214
1 1719
1 711
1 1728
1 1305
1 1557
1 1980
1 801
1 1377
1 846
1 1170
1 2196
1 2610
1 2268
1 1827
1 981
1 1692
1 1881
1 810
1 675
1 936
1 1917
1 1629
1 1566
1 2808
1 1152
1 1953
1 1152
1 828
1 711
1 1386
1 567
1 1332
1 711
1 1413
1 2970
1 954
1 945
1 882
1 1872
1 2502
1 1341
1 675
1 657
1 1350
1 1728
1 3681
1 2241
1 1359
1 1494
1 1872
1 1332
1 2223
1 1575
1 1386
1 2367
1 1737
1 1881
1 936
1 675
1 1890
1 1971
1 3645
1 720
1 1170
1 1656
1 1485
1 2259
1 963
1 891
1 1935
1 1737
1 873
1 2214
1 1161
1 603
1 1944
1 2349
1 1323
1 936
1 1800
1 1710
1 1386
1 1224
1 954
1 2628
1 1755
1 1899
1 1764
1 936
1 2277
1 2619
1 2475
1 810
1 2223
1 1125
1 1638
1 2349
1 954
1 2502
1 1953
1 702
1 918
1 2250
1 1440
1 2151
1 846
1 1719
1 1854
1 1962
1 2205
1 1332
1 3132
1 963
1 1881
1 576
1 3249
1 3357
1 2016
1 1854
1 1782
1 1161
1 1989
1 729
1 2007
1 1944
1 1818
1 954
1 2484
1 711
1 2169
1 1296
1 1773
1 1755
1 882
1 1377
1 1332
1 954
1 2223
1 864
1 2448
1 2529
1 612
1 1251
1 945
1 2304
1 4365
1 1179
1 792
1 1080
1 1305
1 711
1 2637
1 3222
1 1971
1 1647
1 2268
1 1188
1 1332
1 2349
1 1152
1 1755
1 1197
1 1539
1 954
1 1188
1 909
1 2205
1 882
1 936
1 1737
1 972
1 954
1 2637
1 2304
1 1089
1 2169
1 630
1 2205
1 1926
1 1683
1 954
1 2601
1 2259
1 1953
1 2187
1 1719
1 1962
1 1512
1 2160
1 2871
1 4221
1 801
1 675
1 918
1 1071
1 468
1 1683
1 927
1 2493
1 1485
1 3474
1 918
1 2286
1 1080
1 2412
1 1170
1 1944
1 1737
1 2664
1 1377
1 1305
1 1413
1 702
1 630
1 1683
1 963
1 1314
1 675
1 1107
1 711
1 1161
1 2016
1 1926
1 1953
1 1719
1 3159
1 1818
1 2826
1 2862
1 1683
1 1233
1 1908
1 810
1 1404
1 1296
1 2439
1 1485
1 1971
1 810
1 1314
1 1944
1 1188
1 1737
1 1764
1 1242
1 2646
1 1656
1 3141
1 1593
1 2295
1 873
1 1395
1 1800
1 1638
1 1746
1 1962
1 1377
1 2331
1 1539
1 585
1 1728
1 855
1 1377
1 828
1 1188
1 1845
1 693
1 927
1 1278
1 2160
1 1962
1 1404
1 2853
1 1152
1 2196
1 2466
1 3636
1 963
1 1152
1 2232
1 2313
1 747
1 2142
1 1413
1 1179
1 972
1 603
1 2277
1 1872
1 1575
1 1737
1 2439
1 927
1 1323
1 774
1 1953
1 1170
1 1647
1 945
1 1620
1 1845
1 1926
1 594
1 1125
1 954
1 1638
1 1665
1 1206
1 1161
1 1008
1 972
1 2439
1 747
1 2331
1 1809
1 918
1 1494
1 2142
1 2223
1 1377
1 1710
1 2628
1 1386
1 1359
1 2448
1 1872
1 1395
1 2295
1 684
1 1134
1 1737
1 1710
1 1701
1 990
1 1917
1 1296
1 1188
1 1881
1 1890
1 2637
1 1737
1 1926
1 918
1 891
1 1377
1 963
1 1584
1 945
1 1737
1 963
1 1026
1 972
1 1440
1 1710
1 900
1 2412
1 2475
1 954
1 2511
1 927
1 1971
1 4212
1 1305
1 774
1 846
1 1719
1 945
1 702
1 882
1 2232
1 1296
1 1368
1 2583
1 2223
1 999
1 1998
1 945
1 1728
1 1728
1 1179
1 2448
1 1044
1 2502
1 3699
1 972
1 522
1 1971
1 963
1 1404
1 2466
1 1683
1 1134
1 1737
1 2484
1 1305
1 810
1 1134
1 819
1 1962
1 963
1 693
1 1017
1 1737
1 1917
1 1548
1 1008
1 558
1 1503
1 1638
1 2439
1 1107
1 1530
1 945
1 1539
1 1341
1 1314
1 1647
1 954
1 1926
1 1044
1 2583
1 1818
1 1440
1 2448
1 1233
1 2403
1 927
1 2286
1 1368
1 1881
1 1188
1 873
1 657
1 1881
1 954
1 2538
1 1962
1 1917
1 729
1 2160
1 1170
1 2448
1 747
1 1899
1 1656
1 963
1 1413
1 1989
1 972
1 1944
1 693
1 1755
1 1161
1 3420
1 2241
1 2223
1 963
1 945
1 2403
1 1746
1 1323
1 1359
1 693
1 1026
1 594
1 927
1 1179
1 819
1 2358
1 1647
1 1692
1 2448
1 675
1 1926
1 1926
1 1872
1 2655
1 1485
1 4824
1 1179
1 1728
1 945
1 2394
1 756
1 2457
1 3483
1 954
1 4725
1 927
1 963
1 1332
1 1161
1 2664
1 1386
1 891
1 2205
1 2538
1 693
1 1125
1 2511
1 1494
1 2331
1 2232
1 873
1 837
1 1710
1 720
1 1395
1 693
1 963
1 2232
1 945
1 2232
1 2844
1 2007
1 945
1 1188
1 693
1 1152
1 1566
1 1305
1 1917
1 2871
1 3879
1 1386
1 954
1 1701
1 2241
1 873
1 2151
1 1935
1 1296
1 2664
1 612
1 2223
1 1980
1 1719
1 2034
1 954
1 990
1 1737
1 1935
1 558
1 1143
1 3708
1 3123
1 2016
1 1656
1 612
1 1719
1 1638
1 1728
1 1395
1 954
1 1323
1 2439
1 1431
1 540
1 1314
1 1170
1 1305
1 1773
1 2844
1 1314
1 1530
1 936
1 1575
1 2376
1 594
1 1359
1 1728
1 1953
1 2304
1 1629
1 1233
1 972
1 540
1 1719
1 585
1 711
1 909
1 1692
1 1908
1 2196
1 855
1 936
1 1152
1 2430
1 1116
1 2007
1 4851
1 1647
1 1377
1 2673
1 864
1 2430
1 963
1 828
1 558
1 2511
1 1080
1 2457
1 1152
1 2016
1 1881
1 909
1 2412
1 2007
1 711
1 2610
1 2205
1 2637
1 2250
1 954
1 2718
1 1998
1 1125
1 1728
1 1305
1 1593
1 2151
1 2070
1 1953
1 2430
1 828
1 2817
1 2259
1 1953
1 1854
1 2637
1 1296
1 2547
1 936
1 1485
1 810
1 1305
1 2223
1 1971
1 774
1 891
1 657
1 2223
1 1728
1 1746
1 1467
1 927
1 1980
1 1530
1 1584
1 1134
1 702
1 2241
1 2664
1 1134
1 684
1 2457
1 972
1 1395
1 945
1 1755
1 963
1 3636
1 1125
1 1953
1 1314
1 1674
1 1746
1 1593
1 1170
1 639
1 1179
1 1026
1 1431
1 2466
1 1350
1 1656
1 1953
1 1449
1 1539
1 1305
1 945
1 2196
1 1395
1 1152
1 1710
1 2178
1 945
1 1728
1 945
1 1701
1 1890
1 2466
1 2268
1 2286
1 927
1 1323
1 1305
1 819
1 1440
1 2196
1 1683
1 1512
1 1584
1 1125
1 1728
1 1989
1 2304
1 2646
1 1629
1 1656
1 2619
1 837
1 2457
1 936
1 1467
1 846
1 2151
1 1314
1 2790
1 2304
1 963
1 1548
1 1476
1 594
1 927
1 1899
1 1863
1 1881
1 2178
1 1701
1 1215
1 1044
1 2142
1 1719
1 1935
1 2430
1 2304
1 657
1 1737
1 1710
1 2169
1 1764
1 1737
1 2637
1 2223
1 1035
1 810
1 1431
1 1341
1 1278
1 1683
1 1305
1 1710
1 963
1 1962
1 1404
1 1188
1 1494
1 4554
1 1161
1 1746
1 1962
1 2385
1 855
1 1764
1 2610
1 693
1 1971
1 1305
1 1656
1 1188
1 1296
1 2736
1 612
1 594
1 954
1 1899
1 1737
1 1305
1 1179
1 1719
1 999
1 4536
1 1359
1 711
1 792
1 1197
1 1269
1 1161
1 2214
1 1854
1 1980
1 1539
1 855
1 927
1 1962
1 2475
1 594
1 1746
1 981
1 1962
1 1170
1 1764
1 882
1 936
1 1215
1 2457
1 990
1 945
1 1161
1 2673
1 1575
1 945
1 2529
1 2511
1 1557
1 2295
1 1161
1 2187
1 855
1 828
1 1287
1 1962
1 2250
1 1575
1 3762
1 1728
1 1530
1 945
1 2169
1 1746
1 1134
1 2466
1 2439
1 1863
1 936
1 2376
1 1593
1 1422
1 981
1 1728
1 2277
1 1692
1 1935
1 1962
1 1647
1 936
1 2205
1 855
1 1746
1 1548
1 963
1 1737
1 918
1 954
1 1476
1 630
1 1665
1 1629
1 1278
1 1746
1 2664
1 1269
1 873
1 1728
1 2493
1 1890
1 684
1 1899
1 1836
1 1935
1 792
1 2133
1 1953
1 1728
1 756
1 1206
1 1746
1 2259
1 2151
1 1764
1 909
1 612
1 1305
1 3663
1 2151
1 2007
1 801
1 729
1 1350
1 1593
1 1269
1 1746
1 1935
1 693
1 1971
1 1692
1 3537
1 1755
1 693
1 1224
1 954
1 1944
1 1314
1 1134
1 2853
1 963
1 1341
1 1224
1 2160
1 1170
1 1242
1 1764
1 1971
1 1377
1 1755
1 729
1 1314
1 828
1 1161
1 1233
1 1305
1 1737
1 1161
1 1719
1 945
1 1206
1 1377
1 927
1 1188
1 1962
1 2421
1 1449
1 1179
1 990
1 1143
1 963
1 1449
1 1629
1 1116
1 1431
1 1413
1 1314
1 531
1 1791
1 1809
1 1719
1 1953
1 1035
1 972
1 1512
1 2880
1 1557
1 1881
1 963
1 1683
1 1962
1 3771
1 1800
1 2268
1 963
1 1539
1 1872
1 1206
1 684
1 1962
1 2223
1 1791
1 972
1 1638
1 954
1 945
1 711
1 1584
1 1341
1 3276
1 2205
1 765
1 657
1 1413
1 1314
1 1944
1 2412
1 2421
1 2304
1 1314
1 936
1 801
1 1890
1 1341
1 1737
1 1242
1 2853
1 2637
1 3141
1 1665
1 1368
1 2628
1 1728
1 1161
1 2682
1 2700
1 1152
1 1728
1 2151
1 954
1 1602
1 3033
1 1377
1 1854
1 1944
1 927
1 963
1 972
1 2682
1 2025
1 1935
1 1980
1 1728
1 684
1 1863
1 1908
1 1818
1 1746
1 2187
1 1404
1 1161
1 1980
1 1809
1 1719
1 2502
1 1404
1 1179
1 675
1 2862
1 2709
1 1332
1 1359
1 1512
1 2187
1 2313
1 747
1 1755
1 963
1 1152
1 1656
1 2286
1 3456
1 1305
1 1944
1 531
1 1449
1 1305
1 1935
1 1917
1 1296
1 1557
1 603
1 963
1 2196
1 1233
1 693
1 756
1 666
1 2880
1 1404
1 2133
1 1935
1 702
1 576
1 1503
1 900
1 1944
1 2223
1 1305
1 1809
1 1746
1 1746
1 1152
1 1944
1 1728
1 2430
1 666
1 1629
1 1674
1 1323
1 1926
1 1944
1 1323
1 1368
1 2259
1 2457
1 1737
1 1008
1 2646
1 1503
1 1134
1 630
1 2250
1 621
1 1575
1 1872
1 3060
1 3186
1 1962
1 2637
1 819
1 459
1 1422
1 2241
1 1728
1 1800
1 1440
1 2439
1 1764
1 2277
1 3159
1 2412
1 1647
1 954
1 2709
1 1179
1 2322
1 2160
1 819
1 945
1 1926
1 3735
1 1737
1 954
1 1395
1 702
1 864
1 864
1 2259
1 1125
1 1107
1 729
1 1269
1 810
1 2475
1 2421
1 1305
1 603
1 2205
1 693
1 1584
1 2475
1 1071
1 1161
1 1737
1 1242
1 1710
1 2673
1 1962
1 2430
1 675
1 4491
1 1899
1 2430
1 1098
1 747
1 1287
1 2295
1 1125
1 1305
1 1440
1 1737
1 783
1 2664
1 1287
1 990
1 945
1 2538
1 1728
1 1755
1 675
1 1638
1 2160
1 1341
1 1350
1 855
1 1179
1 1719
1 927
1 2232
1 1224
1 1935
1 2223
1 1134
1 1998
1 1224
1 1476
1 954
1 585
1 1035
1 1944
1 2655
1 1107
1 891
1 1269
1 630
1 918
1 2412
1 1080
1 1566
1 603
1 2439
1 1161
1 2133
1 936
1 2880
1 1161
1 2295
1 1314
1 1350
1 1935
1 1107
1 2187
1 963
1 1881
1 1314
1 1341
1 981
1 1953
1 1728
1 1170
1 1107
1 2601
1 2214
1 1233
1 2232
1 1323
1 2511
1 1953
1 1746
1 2205
1 1431
1 612
1 1557
1 864
1 1179
1 2448
1 2673
1 828
1 2403
1 1440
1 1980
1 2628
1 2421
1 1431
1 2259
1 1386
1 1386
1 2466
1 1926
1 1647
1 2484
1 1341
1 1881
1 1881
1 1323
1 2421
1 1647
1 1980
1 1341
1 873
1 1944
1 693
1 954
1 1350
1 1746
1 1530
1 1728
1 1188
1 1872
1 711
1 1962
1 2268
1 1710
1 594
1 1980
1 846
1 2421
1 864
1 531
1 1530
1 1719
1 2439
1 1359
1 1152
1 576
1 3510
1 2448
1 1647
1 1341
1 1548
1 1350
1 2412
1 1737
1 1026
1 1107
1 1242
1 927
1 1863
1 2295
1 1170
1 954
1 1350
1 4581
1 963
1 2286
1 2205
1 1197
1 2205
1 657
1 1521
1 1611
1 2484
1 954
1 1728
1 1359
1 873
1 675
1 1323
1 1224
1 2277
1 1764
1 891
1 675
1 945
1 1746
1 1953
1 1710
1 2241
1 1449
1 1188
1 1890
1 2259
1 1719
1 1332
1 1782
1 1215
1 1656
1 1728
1 1188
1 1800
1 2196
1 1737
1 1179
1 819
1 927
1 1602
1 936
1 1719
1 1737
1 954
1 2646
1 2205
1 1080
1 2286
1 1593
1 1881
1 1953
1 1368
1 1575
1 1332
1 1161
1 1809
1 1647
1 1926
1 2493
1 963
1 2313
1 1107
1 1728
1 1197
1 1251
1 1755
1 954
1 1161
1 1188
1 1179
1 1539
1 1566
1 756
1 1179
1 2133
1 1368
1 1296
1 873
1 2799
1 1395
1 954
1 2637
1 1431
1 1431
1 2538
1 2430
1 1755
1 2322
1 2439
1 3195
1 702
1 2151
1 2133
1 1296
1 1746
1 1350
1 1467
1 711
1 1548
1 1737
1 1494
1 1935
1 1728
1 1773
1 1899
1 612
1 1881
1 936
1 1467
1 2664
1 963
1 693
1 2988
1 1656
1 2223
1 1350
1 1737
1 954
1 1332
1 2691
1 3690
1 1080
1 1665
1 954
1 1881
1 954
1 675
1 1989
1 855
1 801
1 675
1 837
1 1953
1 837
1 2223
1 2403
1 2583
1 621
1 918
1 2934
1 1539
1 2358
1 639
1 1998
1 2232
1 1926
1 1179
1 594
1 3123
1 1575
1 918
1 2241
1 2466
1 1359
1 3681
1 855
1 2295
1 1116
1 801
1 909
1 936
1 693
1 2250
1 963
1 1737
1 1179
1 1701
1 1008
1 2223
1 1980
1 1278
1 1962
1 2313
1 1296
1 1998
1 2160
1 1008
1 810
1 1737
1 1548
1 2466
1 1170
1 2277
1 927
1 999
1 1008
1 1206
1 1512
1 1548
1 666
1 1908
1 2502
1 3357
1 864
1 2484
1 1125
1 1638
1 1962
1 1539
1 630
1 1665
1 1719
1 1458
1 990
1 1962
1 2511
1 1008
1 1197
1 1917
1 945
1 531
1 621
1 738
1 1755
1 2340
1 864
1 2583
1 1863
1 1179
1 936
1 1170
1 1701
1 2592
1 927
1 1386
1 1737
1 936
1 855
1 2295
1 711
1 801
1 1188
1 2664
1 1602
1 756
1 1557
1 2304
1 2259
1 1125
1 1800
1 1503
1 2412
1 2484
1 3150
1 2655
1 1341
1 1440
1 1404
1 1341
1 1728
1 1737
1 1809
1 1296
1 711
1 1854
1 1116
1 1638
1 1242
1 2871
1 1458
1 918
1 1962
1 738
1 999
1 855
1 1197
1 1359
1 846
1 1746
1 2070
1 1368
1 2619
1 603
1 918
1 1062
1 1449
1 1728
1 2457
1 2205
1 1557
1 2466
1 963
1 1233
1 936
1 972
1 3708
1 2376
1 1386
1 2529
1 2205
1 3213
1 972
1 2241
1 738
1 1944
1 1224
1 1161
1 684
1 2448
1 1638
1 1098
1 1170
1 675
1 1188
1 1647
1 1719
1 2457
1 1188
1 720
1 1161
1 1881
1 702
1 1656
1 1305
1 1314
1 864
1 2817
1 2223
1 1323
1 1224
1 2655
1 1746
1 810
1 1611
1 2232
1 2178
1 2430
1 2502
1 2583
1 1431
1 3960
1 1962
1 2160
1 2817
1 1701
1 1701
1 828
1 3123
1 1647
1 2502
1 2700
1 1323
1 1602
1 1971
1 1332
1 2466
1 1080
1 702
1 1161
1 666
1 1314
1 810
1 1521
1 576
1 1539
1 1278
1 2205
1 1107
1 1953
1 2052
1 1656
1 1179
1 2250
1 1629
1 1368
1 1188
1 549
1 855
1 1602
1 1656
1 945
1 702
1 522
1 2223
1 873
1 2160
1 864
1 2223
1 981
1 1116
1 1755
1 1980
1 666
1 2799
1 1755
1 1431
1 1368
1 711
1 1755
1 1647
1 1755
1 1332
1 2853
1 2646
1 864
1 1719
1 1188
1 693
1 675
1 855
1 1179
1 1125
1 882
1 1710
1 1152
1 1566
1 1107
1 2439
1 2430
1 927
1 2196
1 963
1 1944
1 945
1 1305
1 693
1 2304
1 1575
1 3114
1 1755
1 1359
1 864
1 2430
1 1575
1 1566
1 927
1 810
1 1557
1 936
1 2403
1 1467
1 1638
1 1647
1 945
1 1593
1 954
1 1539
1 711
1 675
1 864
1 1755
1 1008
1 1791
1 1494
1 1620
1 1719
1 630
1 1269
1 963
1 1647
1 1170
1 1719
1 1377
1 954
1 837
1 1746
1 1944
1 2133
1 1413
1 1935
1 2214
1 2259
1 1989
1 1989
1 999
1 2502
1 2484
1 603
1 918
1 2412
1 828
1 1692
1 999
1 1341
1 1818
1 1854
1 1548
1 990
1 2961
1 3906
1 1908
1 855
1 1350
1 1989
1 2061
1 1719
1 1800
1 2439
1 2592
1 1287
1 2196
1 1557
1 837
1 828
1 1971
1 1980
1 1656
1 1683
1 1593
1 2430
1 1170
1 567
1 972
1 4635
1 981
1 2277
1 1908
1 1107
1 945
1 1368
1 1593
1 2187
1 2241
1 3654
1 1872
1 954
1 2142
1 2214
1 999
1 1143
1 1053
1 1782
1 1314
1 873
1 1593
1 1377
1 2871
1 1305
1 1737
1 1764
1 549
1 927
1 2223
1 2493
1 1296
1 2493
1 2223
1 828
1 1710
1 1404
1 1377
1 1467
1 1242
1 945
1 1008
1 963
1 693
1 1125
1 1359
1 954
1 828
1 1953
1 2601
1 1989
1 891
1 2646
1 1314
1 1827
1 1899
1 702
1 3456
1 1980
1 2007
1 1044
1 1602
1 1269
1 1737
1 2691
1 1989
1 954
1 576
1 1719
1 2871
1 1314
1 2169
1 1386
1 684
1 1188
1 1314
1 2475
1 1179
1 1386
1 693
1 2520
1 1962
1 1269
1 2484
1 1179
1 1278
1 1233
1 4995
1 1332
1 954
1 3141
1 855
1 1269
1 1746
1 1638
1 684
1 1188
1 2448
1 783
1 2493
1 1746
1 2439
1 4680
1 1719
1 1674
1 1386
1 1359
1 2007
1 1944
1 1692
1 1818
1 1125
1 1863
1 1782
1 1584
1 936
1 675
1 4662
1 1575
1 774
1 1980
1 2484
1 2016
1 1512
1 1764
1 1539
1 2196
1 999
1 1656
1 1746
1 927
1 1926
1 1593
1 2214
1 1179
1 828
1 657
1 1620
1 2709
1 954
1 2430
1 738
1 1800
1 1215
1 594
1 1719
1 1170
1 909
1 1467
1 3582
1 2313
1 2178
1 1602
1 1926
1 1485
1 2268
1 1422
1 1341
1 3213
1 864
1 1755
1 1611
1 1287
1 909
1 2421
1 1719
1 963
1 963
1 963
1 1296
1 1710
1 1188
1 1539
1 1278
1 1485
1 972
1 837
1 4869
1 2448
1 1665
1 693
1 1629
1 2214
1 630
1 1233
1 2286
1 2394
1 1566
1 1314
1 3123
1 909
1 1782
1 594
1 2385
1 864
1 2853
1 3042
1 1881
1 1575
1 1161
1 1746
1 891
1 864
1 1296
1 1233
1 1539
1 2214
1 1323
1 936
1 621
1 1638
1 1386
1 927
1 1359
1 2250
1 1395
1 2664
1 1341
1 1233
1 1971
1 864
1 1314
1 1197
1 1161
1 2484
1 2457
1 648
1 1161
1 2259
1 1935
1 954
1 1845
1 2853
1 945
1 3960
1 3636
1 1755
1 3672
1 882
1 1935
1 1179
1 1647
1 2241
1 1710
1 1557
1 1278
1 1368
1 1278
1 1395
1 855
1 972
1 594
1 1431
1 2430
1 1728
1 1332
1 1152
1 1125
1 1125
1 1710
1 2682
1 945
1 864
1 936
1 1332
1 1548
1 1269
1 1917
1 1737
1 2466
1 1368
1 1737
1 1305
1 1332
1 1647
1 2178
1 2646
1 711
1 1305
1 792
1 2520
1 576
1 648
1 1323
1 1566
1 1566
1 1188
1 828
1 702
1 2178
1 2475
1 2421
1 1782
1 1143
1 1440
1 927
1 630
1 2430
1 1233
1 1170
1 585
1 1323
1 945
1 2835
1 2169
1 1125
1 1755
1 1944
1 1503
1 2529
1 675
1 2448
1 1161
1 1908
1 801
1 3681
1 1746
1 1197
1 2475
1 1701
1 1359
1 999
1 711
1 1953
1 738
1 2277
1 2484
1 1341
1 1215
1 1764
1 3888
1 1638
1 891
1 2970
1 2259
1 1953
1 1179
1 3528
1 2430
1 2502
1 1332
1 801
1 2232
1 648
1 1998
1 1143
1 1539
1 1881
1 1368
1 927
1 1809
1 909
1 1962
1 2349
1 1692
1 3384
1 1800
1 963
1 1575
1 1629
1 1197
1 675
1 1998
1 1062
1 873
1 1881
1 1161
1 1620
1 1773
1 1683
1 693
1 1179
1 1116
1 1125
1 954
1 1026
1 954
1 675
1 1710
1 1215
1 630
1 1989
1 1980
1 864
1 1845
1 612
1 1998
1 1305
1 1053
1 1746
1 936
1 1323
1 2781
1 1944
1 2484
1 2682
1 1980
1 1953
1 1305
1 2160
1 1953
1 936
1 1746
1 1746
1 1890
1 1152
1 1053
1 2376
1 819
1 1755
1 2295
1 585
1 1503
1 1458
1 1035
1 1728
1 1719
1 1305
1 1566
1 1998
1 1647
1 2268
1 936
1 612
1 2898
1 603
1 1935
1 1467
1 1620
1 1737
1 1287
1 2412
1 981
1 1566
1 657
1 1773
1 2583
1 2448
1 1278
1 855
1 1674
1 2241
1 2214
1 2448
1 1782
1 2016
1 1953
1 1701
1 729
1 2664
1 1548
1 2484
1 1188
1 945
1 585
1 1332
1 1323
1 1980
1 630
1 1647
1 1719
1 1449
1 909
1 1386
1 675
1 1701
1 2403
1 909
1 2493
1 1710
1 1746
1 837
1 3762
1 1278
1 612
1 954
1 1710
1 2160
1 2637
1 927
1 1377
1 1899
1 837
1 1566
1 1224
1 873
1 1737
1 1332
1 1395
1 1566
1 1971
1 747
1 693
1 2196
1 1557
1 1557
1 1359
1 1647
1 2178
1 1359
1 1944
1 1962
1 1539
1 2313
1 864
1 1125
1 1962
1 1710
1 1449
1 846
1 1161
1 2115
1 1395
1 1701
1 621
1 2619
1 981
1 1683
1 738
1 3411
1 2385
1 2790
1 1719
1 684
1 3357
1 1674
1 1800
1 864
1 1314
1 927
1 1755
1 2592
1 2007
1 1980
1 2304
1 1746
1 1872
1 1170
1 1287
1 3627
1 1764
1 648
1 963
1 1638
1 1629
1 1728
1 1944
1 2205
1 2241
1 2709
1 2223
1 2403
1 1440
1 2304
1 1197
1 1764
1 693
1 2511
1 828
1 2682
1 846
1 1341
1 2187
1 945
1 963
1 1179
1 1431
1 918
1 2079
1 1890
1 1890
1 1728
1 1179
1 2196
1 3690
1 1953
1 1962
1 2610
1 954
1 873
1 981
1 1926
1 936
1 1809
1 999
1 2160
1 1557
1 936
1 1188
1 1746
1 2133
1 1314
1 1512
1 1548
1 1125
1 2493
1 1710
1 1746
1 630
1 1809
1 1296
1 2169
1 2682
1 1278
1 2430
1 1278
1 1593
1 1368
1 1737
1 2412
1 1737
1 1413
1 1341
1 2457
1 1728
1 1305
1 1710
1 2205
1 1530
1 1206
1 711
1 981
1 1188
1 972
1 1602
1 1926
1 1971
1 1386
1 936
1 1386
1 2682
1 1413
1 621
1 1287
1 1197
1 675
1 2286
1 1359
1 576
1 936
1 576
1 2493
1 1179
1 1917
1 1188
1 2304
1 711
1 954
1 3672
1 1674
1 2691
1 1773
1 927
1 1314
1 2466
1 783
1 1638
1 2979
1 1440
1 1935
1 1179
1 1125
1 1953
1 2277
1 1296
1 1719
1 2844
1 711
1 1953
1 3744
1 1944
1 2376
1 1152
1 936
1 972
1 810
1 1602
1 1197
1 1143
1 612
1 1152
1 1170
1 2457
1 1764
1 1440
1 2250
1 3681
1 1125
1 2682
1 1314
1 2016
1 1944
1 2403
1 1611
1 603
1 1719
1 1377
1 2232
1 963
1 1359
1 936
1 1791
1 1386
1 1710
1 1953
1 963
1 612
1 2223
1 2673
1 1197
1 1611
1 1188
1 1755
1 2160
1 1701
1 2142
1 927
1 918
1 612
1 2088
1 2466
1 2025
1 2574
1 1233
1 1629
1 531
1 675
1 2511
1 1566
1 2097
1 1728
1 1368
1 1305
1 2295
1 1017
1 2421
1 1557
1 1917
1 1341
1 954
1 2628
1 999
1 1494
1 648
1 729
1 1521
1 2187
1 1701
1 2466
1 3420
1 2124
1 3231
1 2889
1 693
1 1926
1 1170
1 855
1 1431
1 2187
1 1935
1 2178
1 1953
1 1170
1 1980
1 2799
1 1125
1 1800
1 1800
1 2304
1 1179
1 1755
1 3483
1 747
1 954
1 1944
1 1728
1 945
1 1440
1 1350
1 612
1 1719
1 2421
1 1152
1 1116
1 1350
1 1890
1 1971
1 864
1 945
1 1116
1 1755
1 1944
1 810
1 1944
1 702
1 666
1 1386
1 2394
1 2268
1 2214
1 2610
1 945
1 2484
1 585
1 1305
1 666
1 1620
1 2205
1 1998
1 1638
1 2241
1 3204
1 1197
1 1881
1 1737
1 1080
1 738
1 1728
1 2133
1 2421
1 1134
1 1440
1 963
1 1917
1 1935
1 1647
1 963
1 1305
1 2160
1 1539
1 2637
1 918
1 2484
1 1305
1 2286
1 2286
1 1179
1 1692
1 1062
1 1287
1 2196
1 801
1 954
1 1755
1 1737
1 1737
1 882
1 1791
1 666
1 2268
1 756
1 828
1 1782
1 2628
1 1629
1 1179
1 1566
1 1962
1 1368
1 720
1 1917
1 1701
1 1215
1 2655
1 1674
1 720
1 1008
1 1323
1 891
1 1161
1 3726
1 936
1 675
1 1728
1 1350
1 1413
1 3987
1 1674
1 927
1 1224
1 2655
1 1620
1 873
1 936
1 1971
1 2232
1 999
1 2421
1 1566
1 1305
1 756
1 1377
1 1683
1 2403
1 1431
1 954
1 3672
1 1557
1 1674
1 1800
1 2241
1 1125
1 1008
1 2133
1 1917
1 2484
1 1962
1 1287
1 1377
1 1980
1 810
1 1197
1 1683
1 2268
1 4617
1 1332
1 2295
1 1341
1 2232
1 2151
1 1737
1 819
1 1728
1 4203
1 1683
1 1728
1 2934
1 927
1 801
1 1161
1 3816
1 3105
1 2178
1 1962
1 2655
1 2502
1 2007
1 1287
1 1980
1 972
1 2457
1 3735
1 1170
1 1899
1 1566
1 2187
1 621
1 945
1 1692
1 1701
1 2664
1 1170
1 1539
1 549
1 972
1 2151
1 1107
1 954
1 927
1 1233
1 1404
1 1053
1 1359
1 2205
1 1674
1 2196
1 1854
1 1287
1 2286
1 3762
1 1971
1 1737
1 1368
1 1485
1 1593
1 1179
1 864
1 1836
1 1674
1 1044
1 1755
1 1593
1 1152
1 1179
1 2241
1 1422
1 1413
1 954
1 846
1 612
1 1629
1 1179
1 1620
1 3222
1 1989
1 1701
1 3204
1 1935
1 936
1 1980
1 855
1 963
1 1107
1 1710
1 1287
1 3654
1 1620
1 855
1 2457
1 1944
1 1467
1 1998
1 2241
1 927
1 1350
1 1314
1 675
1 1224
1 1746
1 1197
1 963
1 774
1 1872
1 1170
1 2529
1 2493
1 1044
1 2205
1 909
1 981
1 882
1 972
1 612
1 1719
1 2385
1 2097
1 1917
1 1710
1 873
1 945
1 1179
1 1179
1 1701
1 1179
1 594
1 1206
1 1269
1 1701
1 954
1 2277
1 1647
1 693
1 1917
1 1692
1 1656
1 702
1 2502
1 954
1 2367
1 1332
1 1323
1 1728
1 1548
1 1584
1 1170
1 648
1 612
1 927
1 1566
1 1971
1 1656
1 1377
1 2682
1 666
1 1701
1 1116
1 1953
1 1890
1 1719
1 2601
1 972
1 3789
1 1233
1 873
1 1989
1 1629
1 1845
1 1674
1 2232
1 1755
1 1584
1 2259
1 2178
1 999
1 1584
1 1161
1 657
1 1386
1 2241
1 2403
1 621
1 1287
1 1188
1 1386
1 1278
1 1341
1 2232
1 1674
1 2187
1 936
1 2664
1 936
1 945
1 1341
1 2214
1 828
1 1575
1 1161
1 1440
1 963
1 1305
1 1593
1 1179
1 1674
1 2394
1 837
1 612
1 945
1 2484
1 1557
1 2853
1 1917
1 1638
1 1278
1 1926
1 1269
1 1323
1 963
1 1746
1 1791
1 1314
1 1422
1 1305
1 1944
1 927
1 1755
1 864
1 2502
1 1566
1 2376
1 801
1 1665
1 2457
1 1323
1 2268
1 1719
1 2169
1 1485
1 1161
1 1701
1 1710
1 2628
1 2151
1 1728
1 2502
1 1647
1 2223
1 945
1 1854
1 1233
1 1314
1 2718
1 1710
1 1737
1 1206
1 1917
1 1305
1 1035
1 2466
1 1656
1 1755
1 963
1 1629
1 1278
1 612
1 1980
1 1332
1 1665
1 3168
1 1881
1 4842
1 972
1 972
1 837
1 1737
1 1584
1 1305
1 1944
1 1116
1 1971
1 1170
1 1971
1 1836
1 2475
1 1863
1 900
1 1800
1 720
1 2205
1 1377
1 1917
1 1719
1 1989
1 2214
1 1809
1 963
1 657
1 1530
1 3654
1 1737
1 1161
1 1863
1 927
1 990
1 1359
1 927
1 3519
1 828
1 1161
1 1341
1 2124
1 2187
1 1395
1 1125
1 1377
1 2295
1 1728
1 2502
1 1692
1 1692
1 1710
1 1863
1 1710
1 3096
1 963
1 1908
1 1701
1 1755
1 1233
1 2169
1 1179
1 882
1 1755
1 1737
1 1665
1 1179
1 1674
1 1350
1 513
1 1431
1 1557
1 693
1 2016
1 1566
1 2457
1 1674
1 639
1 3663
1 864
1 2295
1 1314
1 2151
1 1728
1 954
1 1746
1 2007
1 972
1 1188
1 828
1 693
1 1701
1 1962
1 1422
1 1278
1 2889
1 1305
1 1719
1 1989
1 693
1 2925
1 1746
1 2835
1 1503
1 657
1 1737
1 621
1 1332
1 1350
1 1701
1 2475
1 1278
1 1296
1 1944
1 819
1 2637
1 1854
1 2817
1 1197
1 1314
1 927
1 1980
1 1359
1 1350
1 1737
1 1980
1 666
1 1404
1 1494
1 1962
1 1179
1 594
1 1746
1 1179
1 2799
1 1593
1 2169
1 1134
1 2619
1 2286
1 1755
1 774
1 1710
1 1944
1 1305
1 1701
1 1314
1 1656
1 2583
1 2133
1 1269
1 1701
1 945
1 1719
1 1755
1 1926
1 1719
1 1647
1 918
1 1206
1 1881
1 963
1 1017
1 1989
1 2799
1 963
1 2205
1 3708
1 1863
1 1719
1 2151
1 2781
1 1665
1 1170
1 2862
1 873
1 936
1 1404
1 2610
1 3681
1 3438
1 1179
1 1962
1 927
1 1107
1 972
1 720
1 792
1 1989
1 1161
1 1737
1 1341
1 1161
1 1710
1 1971
1 612
1 972
1 1206
1 1341
1 1746
1 2016
1 1188
1 2232
1 1836
1 4095
1 1296
1 1674
1 801
1 1512
1 2439
1 1998
1 1296
1 2412
1 2664
1 1197
1 792
1 1404
1 945
1 630
1 1719
1 963
1 1890
1 927
1 720
1 909
1 684
1 1134
1 1089
1 1647
1 963
1 1917
1 1881
1 2439
1 1908
1 2709
1 1962
1 2178
1 837
1 1710
1 1305
1 603
1 1980
1 1647
1 1665
1 1908
1 945
1 954
1 1440
1 1170
1 1008
1 1728
1 2151
1 1719
1 2835
1 2286
1 2025
1 2457
1 1233
1 1305
1 1728
1 2538
1 954
1 1206
1 1665
1 1152
1 1593
1 612
1 1755
1 900
1 954
1 1314
1 2520
1 1179
1 1575
1 1683
1 936
1 1539
1 1305
1 1233
1 891
1 1926
1 3105
1 2781
1 873
1 2268
1 621
1 3177
1 1728
1 1539
1 1971
1 2259
1 2376
1 981
1 1944
1 927
1 2700
1 3717
1 1818
1 1881
1 2268
1 1449
1 1170
1 2232
1 1683
1 909
1 1584
1 2358
1 2655
1 2520
1 1458
1 2295
1 1710
1 756
1 1890
1 1746
1 1512
1 1998
1 837
1 1170
1 2187
1 2745
1 1719
1 1746
1 3708
1 1017
1 972
1 1971
1 1359
1 783
1 1350
1 1701
1 1710
1 2502
1 1224
1 1989
1 2232
1 1449
1 1701
1 1440
1 2412
1 2232
1 945
1 1863
1 1926
1 846
1 909
1 1764
1 1332
1 648
1 1386
1 1575
1 3168
1 1584
1 2268
1 1530
1 1179
1 1494
1 792
1 927
1 2196
1 2187
1 1692
1 1395
1 1953
1 1017
1 1809
1 1368
1 1971
1 1746
1 1953
1 1251
1 2403
1 1350
1 2160
1 1872
1 1917
1 1395
1 2241
1 1674
1 1323
1 1323
1 2304
1 1314
1 1377
1 810
1 1908
1 1764
1 1719
1 2178
1 1494
1 2439
1 1188
1 1980
1 666
1 1971
1 1494
1 2232
1 1332
1 1188
1 1485
1 1764
1 1809
1 1935
1 1728
1 1620
1 2439
1 954
1 1980
1 747
1 711
1 630
1 2007
1 1305
1 1206
1 1296
1 1323
1 1188
1 1944
1 1287
1 3951
1 1962
1 702
1 1125
1 1719
1 711
1 1512
1 954
1 675
1 666
1 2007
1 1017
1 2025
1 648
1 1287
1 756
1 855
1 945
1 1278
1 846
1 837
1 1197
1 1359
1 954
1 1557
1 864
1 1557
1 945
1 711
1 2277
1 1890
1 1386
1 3132
1 1431
1 1116
1 2484
1 756
1 1773
1 3726
1 927
1 1305
1 1161
1 1125
1 1548
1 1719
1 2655
1 981
1 666
1 711
1 1161
1 1557
1 1719
1 1395
1 909
1 945
1 1377
1 684
1 1917
1 693
1 1341
1 774
1 2439
1 2232
1 828
1 1620
1 1746
1 1341
1 1737
1 2205
1 1179
1 1386
1 2430
1 1215
1 1485
1 1899
1 1737
1 2196
1 945
1 999
1 1440
1 3555
1 1611
1 1692
1 1332
1 918
1 2502
1 1152
1 1800
1 963
1 927
1 936
1 2538
1 2610
1 2844
1 1962
1 1764
1 1701
1 2205
1 945
1 1170
1 1755
1 864
1 1224
1 675
1 927
1 936
1 1908
1 882
1 2277
1 2295
1 1962
1 1161
1 2070
1 1944
1 1746
1 594
1 954
1 2412
1 1305
1 2250
1 1719
1 1188
1 2484
1 1323
1 1539
1 2205
1 1728
1 675
1 1233
1 1593
1 1935
1 1305
1 495
1 828
1 1692
1 1233
1 1953
1 2241
1 1980
1 2466
1 963
1 2223
1 1332
1 1386
1 1692
1 1053
1 1341
1 1611
1 1017
1 1251
1 1674
1 2655
1 2016
1 2772
1 1080
1 711
1 1161
1 1935
1 2574
1 1962
1 1170
1 1908
1 1692
1 1917
1 1665
1 981
1 1260
1 1719
1 765
1 1287
1 2196
1 864
1 2205
1 1737
1 1962
1 1530
1 1944
1 1314
1 1764
1 1143
1 1350
1 1179
1 1620
1 1989
1 666
1 2448
1 1845
1 2232
1 963
1 666
1 1683
1 1764
1 1233
1 2844
1 1170
1 1575
1 2142
1 1683
1 1998
1 2340
1 1125
1 1368
1 2403
1 1224
1 2493
1 2628
1 891
1 2619
1 1161
1 1926
1 2655
1 963
1 648
1 1953
1 1917
1 675
1 1935
1 1647
1 1980
1 1971
1 3402
1 2646
1 819
1 1692
1 2457
1 1440
1 1737
1 1305
1 1962
1 1485
1 1296
1 1188
1 1791
1 612
1 1323
1 945
1 783
1 981
1 1737
1 1323
1 1323
1 1530
1 1188
1 1476
1 837
1 864
1 1710
1 2277
1 2268
1 2187
1 1980
1 1701
1 1980
1 2223
1 1575
1 963
1 900
1 1170
1 1647
1 1728
1 2277
1 927
1 1422
1 1179
1 1710
1 1296
1 1728
1 1683
1 1620
1 1233
1 1638
1 1863
1 1179
1 1818
1 1863
1 1989
1 1737
1 1224
1 1800
1 954
1 738
1 2601
1 1242
1 1449
1 1224
1 2151
1 1404
1 1899
1 1125
1 2484
1 1323
1 1746
1 954
1 1170
1 2286
1 1638
1 954
1 1980
1 3717
1 1323
1 1341
1 2367
1 1683
1 837
1 3735
1 1962
1 2286
1 1989
1 1998
1 1710
1 1395
1 1170
1 1503
1 1161
1 1782
1 810
1 612
1 1368
1 1539
1 1368
1 1323
1 1881
1 1233
1 1926
1 1530
1 1170
1 2205
1 1233
1 2160
1 1080
1 1962
1 1530
1 1170
1 963
1 1539
1 1251
1 2169
1 1368
1 2214
1 3501
1 819
1 1764
1 990
1 1845
1 684
1 1440
1 990
1 2565
1 1179
1 756
1 855
1 819
1 621
1 1161
1 2151
1 1188
1 1692
1 2133
1 1557
1 1737
1 630
1 2700
1 648
1 1728
1 639
1 711
1 639
1 2664
1 828
1 2745
1 1989
1 1539
1 1359
1 765
1 810
1 2520
1 1332
1 1899
1 1755
1 3627
1 1962
1 1800
1 594
1 3717
1 1611
1 729
1 2466
1 3411
1 1323
1 954
1 675
1 1953
1 2457
1 1566
1 1332
1 1359
1 1746
1 1233
1 2223
1 756
1 2016
1 3195
1 675
1 1944
1 1161
1 1980
1 2412
1 1026
1 1305
1 1206
1 1980
1 927
1 2493
1 1332
1 936
1 927
1 693
1 918
1 1125
1 693
1 1440
1 1728
1 1557
1 1701
1 2844
1 2889
1 2430
1 1008
1 1143
1 1206
1 936
1 1152
1 522
1 684
1 666
1 936
1 3798
1 1665
1 1584
1 1413
1 2178
1 1386
1 1386
1 837
1 693
1 2664
1 729
1 1746
1 756
1 1449
1 1602
1 1620
1 2277
1 1134
1 1737
1 2196
1 2016
1 2529
1 1755
1 801
1 1710
1 1494
1 1188
1 2448
1 927
1 1701
1 1656
1 882
1 1305
1 1170
1 1296
1 891
1 2439
1 945
1 1116
1 2637
1 828
1 2430
1 1647
1 1755
1 1746
1 2331
1 1062
1 1134
1 1602
1 819
1 1710
1 945
1 1755
1 2196
1 1719
1 1512
1 1998
1 1728
1 1872
1 945
1 684
1 1953
1 1746
1 2727
1 612
1 2439
1 2187
1 1341
1 1719
1 1719
1 1602
1 1602
1 1827
1 819
1 828
1 594
1 1764
1 1458
1 864
1 1890
1 2502
1 1413
1 2430
1 936
1 711
1 1314
1 1719
1 729
1 3735
1 1305
1 2223
1 1125
1 1935
1 2439
1 1332
1 1116
1 1701
1 2475
1 1863
1 1755
1 2205
1 2538
1 1341
1 1161
1 1872
1 1791
1 963
1 1305
1 972
1 1728
1 1332
1 1953
1 1404
1 1737
1 2223
1 1395
1 1683
1 603
1 1161
1 2421
1 1026
1 1989
1 1719
1 1773
1 2457
1 909
1 918
1 1755
1 675
1 1305
1 1350
1 1971
1 2772
1 1593
1 1647
1 1161
1 1755
1 2538
1 846
1 1881
1 1854
1 2223
1 1719
1 1314
1 1134
1 1368
1 2124
1 1431
1 2205
1 1377
1 945
1 1323
1 2763
1 936
1 1584
1 1962
1 1701
1 1575
1 2484
1 1773
1 1170
1 3744
1 1458
1 1026
1 1827
1 1989
1 963
1 2322
1 1116
1 1134
1 2223
1 630
1 999
1 1620
1 954
1 711
1 972
1 918
1 1449
1 1737
1 1107
1 1062
1 1197
1 1197
1 1593
1 1134
1 3231
1 2439
1 855
1 1170
1 2736
1 954
1 1458
1 1989
1 1935
1 801
1 1233
1 2403
1 1737
1 1746
1 1359
1 963
1 1719
1 1602
1 702
1 738
1 1746
1 1323
1 1998
1 945
1 1665
1 2457
1 1134
1 945
1 684
1 1584
1 2466
1 1170
1 2043
1 828
1 1305
1 2241
1 972
1 1737
1 2817
1 963
1 927
1 2457
1 2196
1 2700
1 1728
1 2439
1 2448
1 972
1 936
1 1746
1 1746
1 1548
1 1395
1 1782
1 864
1 1422
1 2493
1 1341
1 1827
1 1863
1 2178
1 702
1 954
1 819
1 1359
1 2520
1 2250
1 990
1 1701
1 945
1 1665
1 1107
1 1314
1 702
1 2223
1 2439
1 954
1 1386
1 936
1 1890
1 3951
1 1728
1 1008
1 1170
1 1917
1 2466
1 1701
1 2583
1 1107
1 1944
1 1935
1 1908
1 3060
1 1917
1 1755
1 1908
1 1737
1 936
1 945
1 1323
1 2880
1 1215
1 1953
1 1251
1 864
1 954
1 3510
1 1647
1 1647
1 1224
1 3141
1 2430
1 1719
1 963
1 1431
1 1467
1 945
1 2547
1 1755
1 936
1 1215
1 945
1 2439
1 828
1 3150
1 2736
1 531
1 1494
1 1368
1 2673
1 1539
1 1566
1 1377
1 2646
1 1062
1 1404
1 2430
1 1971
1 1728
1 1980
1 2205
1 1566
1 2259
1 1575
1 1143
1 1728
1 2205
1 1656
1 3348
1 954
1 1917
1 2475
1 936
1 810
1 837
1 2412
1 1332
1 936
1 1296
1 1674
1 1665
1 1359
1 2448
1 1908
1 711
1 1620
1 1539
1 1530
1 1908
1 1404
1 2592
1 1314
1 936
1 1566
1 828
1 1638
1 963
1 2817
1 918
1 1566
1 1512
1 612
1 1917
1 720
1 2421
1 1116
1 2133
1 1926
1 819
1 954
1 1044
1 1764
1 945
1 1305
1 711
1 711
1 1323
1 1953
1 873
1 684
1 1260
1 1728
1 3474
1 531
1 1899
1 1908
1 1368
1 1116
1 576
1 2016
1 1935
1 828
1 1224
1 900
1 1746
1 1026
1 1755
1 1269
1 963
1 2223
1 1584
1 1386
1 1890
1 774
1 1962
1 1656
1 2052
1 1179
1 2205
1 2439
1 1953
1 1719
1 1629
1 1980
1 2214
1 1638
1 1575
1 666
1 1152
1 2898
1 2718
1 1377
1 945
1 1332
1 954
1 693
1 1305
1 1737
1 2664
1 2691
1 2214
1 972
1 1728
1 1494
1 2493
1 936
1 1431
1 1512
1 1170
1 837
1 1926
1 1953
1 1341
1 2007
1 3654
1 1737
1 1854
1 2475
1 1674
1 1737
1 1674
1 954
1 2205
1 2439
1 864
1 1692
1 693
1 1152
1 909
1 1620
1 2457
1 1422
1 873
1 2448
1 1323
1 1971
1 1854
1 2682
1 918
1 1107
1 1170
1 954
1 1755
1 1971
1 2205
1 2844
1 2268
1 1395
1 1620
1 1656
1 3411
1 1719
1 2223
1 981
1 1323
1 648
1 747
1 2016
1 2637
1 1296
1 1575
1 1440
1 1971
1 549
1 1719
1 594
1 810
1 2268
1 2709
1 1665
1 1143
1 2124
1 675
1 2295
1 873
1 1548
1 1764
1 720
1 1737
1 1665
1 2232
1 2403
1 1656
1 1386
1 1953
1 2421
1 1278
1 1467
1 1224
1 1575
1 720
1 1890
1 1575
1 1764
1 1287
1 1926
1 1170
1 1719
1 1953
1 1395
1 1692
1 1152
1 2295
1 855
1 1665
1 2232
1 1170
1 2448
1 1863
1 1530
1 1575
1 972
1 1755
1 3528
1 936
1 693
1 1539
1 2628
1 630
1 1629
1 1953
1 2412
1 774
1 1161
1 1557
1 2718
1 936
1 855
1 666
1 630
1 2250
1 2619
1 963
1 1404
1 486
1 1584
1 1017
1 693
1 1746
1 1656
1 1926
1 1944
1 927
1 2745
1 666
1 2286
1 1863
1 945
1 945
1 1278
1 1962
1 909
1 981
1 1944
1 1854
1 1935
1 1161
1 1872
1 1341
1 882
1 1800
1 2277
1 2646
1 936
1 2646
1 2394
1 1170
1 2259
1 1287
1 918
1 2412
1 1296
1 1305
1 1314
1 2466
1 2232
1 648
1 1962
1 2718
1 1431
1 1314
1 2277
1 1692
1 1296
1 1170
1 2250
1 1314
1 585
1 1953
1 1116
1 1989
1 1368
1 2412
1 2304
1 2241
1 1656
1 1170
1 1179
1 945
1 828
1 1341
1 468
1 1548
1 2583
1 918
1 1503
1 2304
1 1746
1 1170
1 936
1 2448
1 1314
1 1296
1 1953
1 2448
1 1917
1 621
1 1953
1 1638
1 675
1 1755
1 1935
1 2169
1 1755
1 1710
1 1197
1 1557
1 2403
1 1944
1 1710
1 2520
1 1584
1 1944
1 2187
1 1818
1 1863
1 1170
1 2448
1 756
1 684
1 1908
1 2457
1 2223
1 1332
1 1917
1 3465
1 1647
1 1161
1 1728
1 2223
1 1152
1 1485
1 702
1 1233
1 2133
1 2466
1 1494
1 2637
1 3339
1 1728
1 1737
1 1908
1 1962
1 2088
1 1935
1 1935
1 1566
1 2124
1 603
1 1872
1 2268
1 774
1 1377
1 945
1 1386
1 1692
1 1584
1 1260
1 1863
1 1584
1 2493
1 2475
1 855
1 954
1 4671
1 558
1 2403
1 963
1 2232
1 1692
1 945
1 999
1 1980
1 1728
1 927
1 2196
1 963
1 1665
1 711
1 1638
1 684
1 1971
1 1287
1 1431
1 1296
1 2160
1 1431
1 828
1 1287
1 1593
1 684
1 1179
1 1125
1 1422
1 882
1 729
1 3456
1 1548
1 945
1 3771
1 1179
1 3609
1 1989
1 1935
1 1755
1 1917
1 1845
1 1233
1 1647
1 1566
1 1296
1 3429
1 945
1 864
1 1197
1 1656
1 1305
1 936
1 2691
1 2259
1 2160
1 2286
1 639
1 1980
1 1197
1 1593
1 927
1 1179
1 1665
1 954
1 1755
1 2601
1 963
1 1116
1 666
1 945
1 1827
1 1071
1 1224
1 711
1 828
1 585
1 1953
1 1170
1 774
1 2439
1 666
1 927
1 1233
1 1773
1 1746
1 1314
1 810
1 1998
1 1656
1 1746
1 2457
1 1971
1 1323
1 2223
1 657
1 2430
1 2646
1 1656
1 621
1 945
1 648
