3 824715
3 781740
3 807336
3 803241
3 769023
3 773505
3 832491
3 818433
3 850401
3 734589
3 847134
3 738504
3 738486
3 756621
3 809136
3 592200
3 797886
3 768024
3 778788
3 803232
3 867564
3 779526
3 741573
3 826605
3 768996
3 776016
3 887481
3 786258
3 803016
3 753273
3 848403
3 775359
3 788049
3 800541
3 821673
3 781119
3 809217
3 833670
3 748494
3 745290
3 725040
3 729378
3 783801
3 749520
3 839385
3 781092
3 791991
3 788310
3 812664
3 795528
3 769059
3 782433
3 726237
3 791685
3 816192
3 809190
3 812106
3 890847
3 790974
3 803232
3 813204
3 782622
3 812601
3 759861
3 768231
3 790956
3 856170
3 814536
3 803241
3 838395
3 782964
3 820944
3 722637
3 841185
3 803232
3 803250
3 777690
3 776745
3 835938
3 878724
3 856377
3 811818
3 696051
3 818775
3 795177
3 833166
3 832464
3 795249
3 814554
3 837135
3 784143
3 762165
3 773523
3 763992
3 775107
3 852750
3 793746
3 706527
3 738495
3 811422
3 773046
3 715257
3 813168
3 795213
3 834165
3 796680
3 767097
3 837270
3 790596
3 688869
3 853128
3 837972
3 781101
3 727560
3 842130
3 747468
3 714177
3 791667
3 766296
3 811782
3 739377
3 790965
3 832923
3 751833
3 791334
3 787491
3 834570
3 746100
3 824220
3 760401
3 784683
3 812115
3 793782
3 711558
3 696915
3 736029
3 796617
3 808029
3 770184
3 805293
3 766413
3 868131
3 801441
3 758223
3 826803
3 831762
3 797859
3 744012
3 855189
3 834264
3 825381
3 717147
3 756117
3 789156
3 834417
3 763776
3 823644
3 778347
3 745119
3 828999
3 864225
3 803376
3 789813
3 746298
3 753939
3 772929
3 851904
3 679563
3 757368
3 807921
3 859977
3 815139
3 853596
3 772092
3 781749
3 889074
3 806238
3 828954
3 829809
3 775881
3 740151
3 814779
3 800532
3 747594
3 773091
3 683217
3 844920
3 699138
3 815913
3 794817
3 848421
3 792063
3 796626
3 772749
3 799074
3 803268
3 800433
3 728712
3 635319
3 806895
3 769005
3 831150
3 844929
3 792729
3 841500
3 763794
3 722619
3 832680
3 764991
3 790758
3 776781
3 849060
3 760284
3 708813
3 790992
3 814239
3 779283
3 821673
3 766926
3 833481
3 766341
3 788058
3 825390
3 765585
3 739323
3 896103
3 743670
3 767646
3 738486
3 751833
3 811422
3 807984
3 751077
3 803241
3 831060
3 789021
3 829917
3 846999
3 869931
3 687789
3 736569
3 811494
3 821124
3 760698
3 752535
3 789354
3 761139
3 842364
3 826767
3 635985
3 830520
3 743238
3 784197
3 776529
3 800748
3 778347
3 823806
3 834579
3 857295
3 786492
3 778023
3 849096
3 829485
3 682344
3 771021
3 838485
3 791766
3 806949
3 775854
3 782622
3 769977
3 859212
3 776466
3 767592
3 793161
3 779589
3 860013
3 862164
3 722844
3 834345
3 763794
3 711261
3 825669
3 872748
3 766332
3 767034
3 767259
3 764046
3 834345
3 774117
3 892350
3 834120
3 814095
3 874458
3 803610
3 787464
3 832707
3 753012
3 706545
3 826785
3 778329
3 833850
3 776727
3 709380
3 842805
3 706536
3 740178
3 843912
3 769266
3 865242
3 746253
3 719622
3 858024
3 770355
3 776466
3 807966
3 855945
3 744327
3 828036
3 780408
3 789849
3 799560
3 757125
3 717507
3 719712
3 734040
3 841734
3 827235
3 819180
3 846999
3 784152
3 767592
3 788328
3 814185
3 808704
3 761643
3 840600
3 731754
3 710001
3 840663
3 859482
3 839223
3 847080
3 749610
3 808002
3 811422
3 775899
3 829539
3 807309
3 777078
3 776988
3 830313
3 872622
3 787770
3 758952
3 801315
3 720216
3 827658
3 739422
3 773118
3 746226
3 761121
3 866745
3 809739
3 756288
3 776286
3 788337
3 827235
3 746253
3 833832
3 738486
3 809136
3 728100
3 838728
3 782424
3 786429
3 820404
3 748233
3 795258
3 825723
3 816597
3 741546
3 839853
3 767079
3 757908
3 796671
3 809172
3 843894
3 788850
3 762282
3 647451
3 761103
3 788364
3 837630
3 850590
3 791181
3 766305
3 837405
3 812763
3 705141
3 775800
3 838863
3 827253
3 795960
3 841509
3 744561
3 735147
3 829008
3 738387
3 810873
3 789795
3 738513
3 733608
3 776754
3 794079
3 775998
3 808380
3 785772
3 843930
3 796680
3 855630
3 760743
3 714204
3 789345
3 793701
3 867348
3 671166
3 855639
3 823977
3 858033
3 784071
3 768690
3 808011
3 773640
3 820989
3 795960
3 734616
3 754767
3 843444
3 758898
3 743742
3 820422
3 822600
3 788049
3 794232
3 770166
3 867366
3 754083
3 809190
3 773136
3 803232
3 827001
3 809676
3 765144
3 764847
3 738378
3 853209
3 738468
3 810783
3 790776
3 768267
3 903762
3 840708
3 775566
3 797877
3 764973
3 788067
3 784116
3 761121
3 812880
3 765738
3 754641
3 722241
3 832581
3 770751
3 781083
3 854694
3 741609
3 840663
3 796644
3 822366
3 713664
3 788958
3 733491
3 763668
3 807993
3 763758
3 804141
3 832518
3 750195
3 874422
3 738486
3 814563
3 801315
3 696942
3 738423
3 814545
3 811422
3 840078
3 816075
3 832455
3 767592
3 850401
3 734589
3 775809
3 836604
3 832572
3 784179
3 752283
3 800694
3 710190
3 684720
3 753903
3 794664
3 856026
3 761085
3 832716
3 763803
3 754605
3 848151
3 755505
3 785556
3 726318
3 820395
3 841491
3 772641
3 788886
3 857610
3 738018
3 732564
3 770004
3 834399
3 813762
3 807408
3 763803
3 811422
3 773163
3 800793
3 766872
3 769617
3 803205
3 828963
3 790245
3 792045
3 825633
3 800784
3 809694
3 842571
3 769266
3 800487
3 834651
3 738396
3 833769
3 788031
3 807327
3 752967
3 779274
3 786150
3 816237
3 776655
3 740178
3 891522
3 717588
3 803250
3 809757
3 776763
3 779985
3 749502
3 846243
3 778347
3 696627
3 784188
3 766269
3 789318
3 739701
3 715707
3 776763
3 822546
3 778374
3 859347
3 766377
3 882108
3 824463
3 792009
3 776457
3 759942
3 787401
3 796608
3 851211
3 824886
3 826785
3 826038
3 777753
3 796662
3 797337
3 776727
3 795222
3 733473
3 728613
3 826821
3 775899
3 848466
3 775602
3 788418
3 768519
3 768636
3 747720
3 787122
3 839808
3 828963
3 741600
3 767961
3 839601
3 814239
3 761121
3 713718
3 844785
3 803259
3 827118
3 750249
3 784143
3 826569
3 831843
3 787014
3 791676
3 844758
3 710730
3 829017
3 884547
3 766890
3 760338
3 784197
3 846207
3 829008
3 792027
3 835965
3 781101
3 800721
3 725364
3 677421
3 738396
3 825381
3 785286
3 771093
3 792702
3 825030
3 752778
3 782406
3 851958
3 687987
3 837675
3 852507
3 754758
3 795258
3 823995
3 767646
3 740205
3 799740
3 832437
3 754632
3 799065
3 758520
3 800721
3 788553
3 750942
3 751797
3 738477
3 759456
3 617310
3 725004
3 832842
3 791712
3 814527
3 728694
3 725040
3 764793
3 788850
3 795951
3 775584
3 768753
3 763722
3 819378
3 719973
3 826614
3 815202
3 813168
3 797319
3 758214
3 816597
3 776745
3 832446
3 741591
3 836991
3 766332
3 784179
3 744723
3 775926
3 816228
3 785529
3 758754
3 761427
3 742716
3 850419
3 807984
3 760338
3 784665
3 838350
3 733680
3 740205
3 824004
3 866241
3 786879
3 800613
3 832608
3 783702
3 767322
3 752769
3 749511
3 845433
3 765585
3 734607
3 834903
3 850410
3 803007
3 799218
3 857601
3 790965
3 751086
3 839826
3 813069
3 787500
3 802485
3 770022
3 800730
3 781101
3 762912
3 704160
3 838755
3 722457
3 773235
3 823995
3 782496
3 745533
3 769041
3 792531
3 815463
3 831474
3 852210
3 782469
3 814725
3 767610
3 754092
3 766341
3 738378
3 746307
3 766458
3 792045
3 814239
3 773406
3 738369
3 729774
3 793755
3 746343
3 763776
3 801126
3 825327
3 796662
3 860013
3 814041
3 829224
3 686007
3 815400
3 843075
3 734553
3 746424
3 731178
3 850419
3 847143
3 778320
3 819783
3 755631
3 739656
3 796104
3 788337
3 836604
3 826551
3 821727
3 791001
3 849330
3 785241
3 814527
3 712008
3 803160
3 827343
3 886140
3 833166
3 829926
3 808677
3 801063
3 736461
3 786681
3 882063
3 788355
3 886248
3 736965
3 853047
3 837810
3 750960
3 795177
3 830889
3 778356
3 832590
3 803259
3 769239
3 793719
3 814005
3 822150
3 700848
3 776745
3 814491
3 769059
3 762867
3 778437
3 838332
3 772785
3 720891
3 832617
3 767619
3 807336
3 762651
3 743832
3 789075
3 835398
3 767340
3 775467
3 803637
3 894375
3 730368
3 755370
3 749511
3 815949
3 769608
3 752778
3 831177
3 775107
3 747486
3 740187
3 767052
3 826893
3 707418
3 738432
3 743967
3 807984
3 835974
3 770112
3 726327
3 874017
3 847044
3 759600
3 800703
3 826560
3 859023
3 773460
3 722394
3 734517
3 811458
3 785799
3 800667
3 853128
3 830484
3 816210
3 859698
3 851445
3 796680
3 778347
3 781515
3 702927
3 772758
3 792729
3 850221
3 725040
3 793746
3 843471
3 784071
3 766395
3 809190
3 727047
3 755919
3 829017
3 811413
3 874449
3 777681
3 799029
3 741618
3 802269
3 845397
3 851292
3 804546
3 822150
3 744327
3 775944
3 768987
3 776709
3 783909
3 797877
3 788958
3 788337
3 855711
3 800784
3 827343
3 769077
3 771030
3 823662
3 866277
3 814176
3 847098
3 741555
3 764109
3 776745
3 820332
3 788049
3 826803
3 847809
3 773667
3 773172
3 752769
3 865899
3 679500
3 811746
3 787959
3 788589
3 825381
3 789336
3 888561
3 835164
3 726327
3 845316
3 806922
3 760356
3 782487
3 800775
3 817920
3 799560
3 837153
3 769086
3 778419
3 669807
3 856116
3 809388
3 819801
3 824445
3 821124
3 768996
3 820026
3 857286
3 740403
3 776700
3 775332
3 843867
3 816660
3 797202
3 775764
3 793791
3 846207
3 816282
3 824832
3 807345
3 787833
3 850410
3 771687
3 797868
3 772713
3 808011
3 811413
3 768024
3 830178
3 790965
3 778770
3 799236
3 793773
3 767988
3 807354
3 855081
3 770112
3 786159
3 864216
3 869130
3 625743
3 814590
3 814581
3 850113
3 814572
3 757836
3 792954
3 775989
3 780282
3 773550
3 889038
3 732546
3 867744
3 763776
3 788229
3 848007
3 828963
3 781101
3 792729
3 773037
3 738360
3 793764
3 700083
3 797238
3 826785
3 822762
3 796671
3 803268
3 766332
3 744399
3 823302
3 784197
3 733446
3 853254
3 732600
3 772830
3 800676
3 844011
3 770319
3 874782
3 772857
3 854712
3 851976
3 855180
3 717282
3 776358
3 684135
3 734589
3 779454
3 794745
3 766494
3 838107
3 788859
3 775926
3 807300
3 669141
3 790083
3 780453
3 765594
3 744345
3 775845
3 773172
3 774180
3 757899
3 759006
3 752544
3 796680
3 738369
3 684702
3 840744
3 813717
3 697104
3 837396
3 754767
3 800739
3 763074
3 718317
3 774171
3 764037
3 893898
3 704934
3 855216
3 807084
3 679491
3 752814
3 755262
3 813168
3 806832
3 870750
3 790983
3 786573
3 762948
3 814095
3 804870
3 761139
3 824931
3 811305
3 776988
3 785259
3 811440
3 769617
3 797877
3 837459
3 759456
3 813204
3 772659
3 803232
3 719955
3 790992
3 786699
3 843498
3 832698
3 766332
3 797922
3 755487
3 769257
3 774315
3 761157
3 736416
3 819018
3 696807
3 788823
3 784656
3 788040
3 820332
3 814518
3 799281
3 813429
3 840186
3 760302
3 854316
3 787068
3 759447
3 693765
3 826767
3 780237
3 817380
3 795096
3 755505
3 755415
3 810558
3 800712
3 832671
3 813123
3 765009
3 820368
3 832437
3 837405
3 861660
3 837441
3 765198
3 811422
3 811413
3 781110
3 790956
3 809073
3 791847
3 816705
3 772884
3 849465
3 807408
3 814095
3 814221
3 791226
3 753219
3 760275
3 788391
3 844605
3 837603
3 792324
3 690660
3 800613
3 824733
3 767610
3 850392
3 782424
3 860013
3 722646
3 772695
3 773118
3 738387
3 788850
3 803646
3 773460
3 747018
3 788355
3 783909
3 800604
3 838224
3 833157
3 763740
3 826668
3 792684
3 713259
3 770301
3 784179
3 796653
3 752202
3 744354
3 791334
3 814527
3 833499
3 834066
3 726219
3 805797
3 762885
3 766287
3 747351
3 814527
3 784170
3 756216
3 816012
3 791820
3 829413
3 767286
3 870696
3 684738
3 856647
3 714186
3 845973
3 733581
3 838269
3 845325
3 761409
3 847575
3 770130
3 850167
3 853200
3 747063
3 758961
3 804627
3 765054
3 710766
3 853308
3 742401
3 796635
3 769401
3 779238
3 826758
3 826839
3 759906
3 812772
3 663264
3 768285
3 785583
3 767772
3 775125
3 880137
3 769203
3 767619
3 753966
3 837351
3 756063
3 841491
3 801099
3 793737
3 776988
3 846684
3 704664
3 776583
3 805113
3 712620
3 821673
3 771210
3 791685
3 785250
3 725031
3 697329
3 838728
3 696744
3 831339
3 800784
3 838818
3 775989
3 819387
3 853227
3 732402
3 790965
3 826632
3 797562
3 781290
3 800568
3 837270
3 798471
3 823644
3 784404
3 860994
3 794538
3 793107
3 778356
3 734580
3 789174
3 795249
3 740196
3 831780
3 806517
3 748494
3 729360
3 768537
3 787482
3 815202
3 847143
3 753903
3 793701
3 766350
3 798399
3 773478
3 821250
3 833787
3 782424
3 737946
3 796014
3 847422
3 812619
3 814545
3 772101
3 776727
3 741546
3 799821
3 825732
3 738018
3 887490
3 835677
3 787770
3 820368
3 838548
3 732474
3 850419
3 853119
3 824787
3 752769
3 795222
3 766341
3 786987
3 852228
3 803232
3 790920
3 706689
3 852219
3 744192
3 704916
3 687159
3 773010
3 710613
3 695502
3 830322
3 747036
3 762894
3 663111
3 812871
3 802998
3 774180
3 853119
3 758754
3 778617
3 749655
3 762912
3 832698
3 741654
3 753921
3 746244
3 814581
3 848439
3 789660
3 797373
3 849618
3 857637
3 764847
3 792684
3 756189
3 738369
3 773550
3 859113
3 730746
3 753003
3 770679
3 800676
3 749637
3 791964
3 743967
3 721674
3 780174
3 754821
3 759942
3 753966
3 821223
3 773676
3 742860
3 859374
3 823824
3 766314
3 777717
3 747351
3 790434
3 846738
3 776277
3 760329
3 826560
3 764856
3 744723
3 773136
3 706374
3 825363
3 771939
3 790965
3 865827
3 776700
3 789021
3 807993
3 741906
3 717498
3 809298
3 829935
3 807057
3 749601
3 777699
3 654885
3 817380
3 706500
3 782406
3 807966
3 841707
3 845433
3 766368
3 832617
3 726210
3 752508
3 781092
3 765162
3 749637
3 776007
3 859473
3 781857
3 819594
3 808353
3 747027
3 660636
3 820017
3 752706
3 765207
3 818298
3 769014
3 803241
3 859545
3 790938
3 685980
3 788859
3 809028
3 864216
3 847116
3 792693
3 788040
3 838908
3 767601
3 746289
3 764073
3 773172
3 771120
3 796689
3 814761
3 849051
3 777771
3 693963
3 767646
3 814590
3 791721
3 847350
3 802854
3 824274
3 790227
3 741564
3 810171
3 813753
3 797139
3 766314
3 855198
3 766278
3 803232
3 738396
3 811746
3 776709
3 815220
3 744012
3 663192
3 816633
3 806526
3 739773
3 848385
3 835668
3 725130
3 844002
3 830322
3 800541
3 727587
3 761571
3 767637
3 797373
3 762921
3 867771
3 759924
3 847035
3 813213
3 769005
3 788058
3 829818
3 832590
3 850383
3 800541
3 737955
3 855027
3 829260
3 718299
3 776592
3 782424
3 764055
3 767646
3 869184
3 714222
3 768825
3 775251
3 847125
3 725328
3 831465
3 773280
3 656145
3 886428
3 811431
3 762939
3 738468
3 775881
3 800712
3 789822
3 795150
3 794853
3 789327
3 859833
3 753849
3 809766
3 849087
3 825678
3 826542
3 874422
3 775926
3 811431
3 765423
3 824283
3 752355
3 792036
3 775773
3 843066
3 847080
3 837414
3 767394
3 850194
3 706518
3 795960
3 874548
3 829485
3 870750
3 877275
3 837378
3 837027
3 739206
3 766377
3 766287
3 793098
3 870930
3 771696
3 762957
3 762939
3 885834
3 813789
3 710775
3 731736
3 715905
3 769212
3 697347
3 762930
3 837819
3 848457
3 728694
3 720189
3 788886
3 764982
3 767610
3 814266
3 741573
3 797193
3 828999
3 814275
3 738459
3 710316
3 789813
3 749124
3 814833
3 830070
3 790884
3 776781
3 850383
3 779652
3 784206
3 715725
3 858816
3 894969
3 814284
3 761454
3 752265
3 729360
3 784206
3 849744
3 853353
3 754749
3 753003
3 815958
3 667971
3 760761
3 881415
3 752328
3 747000
3 880146
3 785592
3 787491
3 776772
3 796671
3 753939
3 790965
3 832635
3 772848
3 782595
3 814707
3 763758
3 792711
3 789831
3 852723
3 781074
3 797418
3 864216
3 753003
3 857304
3 807327
3 799344
3 848376
3 816723
3 812781
3 841518
3 714159
3 841518
3 700884
3 778356
3 740412
3 767610
3 800703
3 809181
3 867699
3 847593
3 767610
3 713952
3 749547
3 778338
3 800541
3 806562
3 754758
3 738360
3 766332
3 804582
3 736983
3 713259
3 838332
3 755901
3 773055
3 750555
3 760302
3 826668
3 869526
3 834219
3 767313
3 760779
3 814248
3 760284
3 812790
3 786636
3 840861
3 838287
3 701019
3 812871
3 728631
3 773055
3 775800
3 787356
3 757512
3 781281
3 761409
3 867762
3 758979
3 837666
3 816579
3 781074
3 761040
3 782397
3 814833
3 765180
3 839142
3 840663
3 795249
3 773649
3 790110
3 750177
3 721584
3 795411
3 809145
3 789309
3 771786
3 814968
3 775593
3 788850
3 737784
3 571329
3 688878
3 737910
3 689697
3 790578
3 730404
3 818658
3 833139
3 766278
3 811413
3 830538
3 809559
3 785268
3 781272
3 832545
3 832599
3 796293
3 788904
3 814149
3 724995
3 767025
3 823644
3 762957
3 662382
3 789102
3 784242
3 782370
3 908532
3 814599
3 827334
3 788049
3 867852
3 768339
3 729369
3 752535
3 831096
3 771723
3 761625
3 827091
3 852516
3 817920
3 826749
3 832599
3 843120
3 805707
3 788895
3 864216
3 738423
3 814563
3 816228
3 788328
3 830736
3 769248
3 805482
3 850068
3 827118
3 788022
3 789831
3 767367
3 761076
3 663111
3 779337
3 786123
3 784098
3 794664
3 797202
3 768987
3 806301
3 700704
3 789021
3 792036
3 789372
3 832473
3 740142
3 761409
3 771795
3 752274
3 747531
3 797922
3 816651
3 702765
3 807336
3 838485
3 779760
3 843966
3 758736
3 769599
3 767610
3 777717
3 781263
3 706545
3 799173
3 762408
3 838044
3 795897
3 746019
3 772362
3 776727
3 662355
3 776700
3 850266
3 730719
3 814779
3 817533
3 834858
3 791685
3 770112
3 881091
3 853713
3 738909
3 754767
3 826785
3 800613
3 790461
3 732465
3 741618
3 755388
3 779040
3 792756
3 819369
3 797859
3 823977
3 766872
3 754758
3 820998
3 744300
3 777204
3 787536
3 746253
3 870066
3 807354
3 788301
3 847170
3 778329
3 835236
3 829926
3 794736
3 834372
3 702747
3 759942
3 796005
3 721683
3 705600
3 888498
3 775818
3 879768
3 833832
3 659682
3 792027
3 812736
3 821691
3 776727
3 796680
3 793764
3 816741
3 786627
3 674721
3 749583
3 788292
3 726156
3 794709
3 706059
3 740691
3 834867
3 771093
3 763785
3 857601
3 787392
3 853065
3 801090
3 778347
3 826839
3 754740
3 832932
3 735048
3 815202
3 814599
3 729387
3 796662
3 906048
3 830943
3 752553
3 840096
3 792702
3 823779
3 789165
3 738396
3 776340
3 855162
3 749565
3 855837
3 768987
3 788868
3 733374
3 770634
3 834633
3 781344
3 756450
3 754776
3 796671
3 746046
3 692001
3 713214
3 766350
3 769014
3 723600
3 836928
3 800712
3 739665
3 783045
3 874422
3 826560
3 802926
3 776565
3 743310
3 787284
3 825615
3 781101
3 841707
3 772371
3 838764
3 753309
3 792198
3 788823
3 749619
3 661734
3 775593
3 803646
3 775278
3 850599
3 882837
3 795537
3 788355
3 671157
3 776718
3 750114
3 863370
3 672372
3 872748
3 788850
3 823779
3 809181
3 788364
3 791829
3 776718
3 770031
3 707760
3 803871
3 800748
3 769050
3 890874
3 790956
3 792693
3 755496
3 778806
3 788220
3 781866
3 803232
3 846972
3 876276
3 735048
3 781875
3 805113
3 870993
3 758952
3 776745
3 788625
3 811764
3 776403
3 812826
3 767646
3 812817
3 741942
3 761148
3 777024
3 766350
3 862353
3 729369
3 786852
3 847782
3 825696
3 696177
3 812826
3 770292
3 775926
3 782568
3 765126
3 847143
3 800667
3 750528
3 841545
3 797193
3 811413
3 854460
3 772146
3 856206
3 825372
3 793944
3 769014
3 800721
3 819450
3 788049
3 791613
3 789390
3 784143
3 770319
3 882981
3 752724
3 771336
3 858996
3 788346
3 851184
3 879768
3 775773
3 750564
3 726192
3 789822
3 763749
3 775287
3 822186
3 826560
3 795195
3 822330
3 799587
3 790884
3 826533
3 793098
3 782289
3 787419
3 793935
3 790947
3 792324
3 792693
3 763551
3 790956
3 778347
3 833517
3 769005
3 850833
3 756009
3 793755
3 776727
3 781290
3 788841
3 776718
3 760293
3 725058
3 784179
3 762993
3 811431
3 785952
3 760374
3 853191
3 806598
3 794232
3 825336
3 815463
3 846774
3 788877
3 896580
3 854109
3 803565
3 713970
3 788832
3 879912
3 850635
3 804591
3 834570
3 788337
3 772920
3 711225
3 890046
3 773118
3 731808
3 814779
3 808353
3 797391
3 788886
3 811422
3 812799
3 777771
3 781866
3 817002
3 826776
3 809325
3 792000
3 767619
3 772668
3 755928
3 739665
3 852165
3 806310
3 841788
3 667935
3 756585
3 863532
3 790983
3 761112
3 761940
3 773172
3 834057
3 667503
3 872406
3 831177
3 790209
3 790074
3 803223
3 800703
3 769050
3 783990
3 772857
3 754758
3 799623
3 811431
3 789813
3 761130
3 679608
3 885852
3 862686
3 754767
3 720702
3 828945
3 747873
3 776781
3 768996
3 770724
3 768573
3 752742
3 730395
3 795960
3 814275
3 747018
3 707769
3 845469
3 795483
3 799191
3 814599
3 811440
3 782442
3 770166
3 847017
3 771048
3 786051
3 769572
3 796680
3 785286
3 803214
3 786474
3 776286
3 815823
3 773073
3 756072
3 741537
3 795924
3 836973
3 729351
3 821718
3 768996
3 796005
3 814257
3 785259
3 791838
3 798804
3 780516
3 797400
3 813744
3 826083
3 790965
3 761112
3 855693
3 814266
3 752769
3 811413
3 808020
3 738495
3 819315
3 807300
3 853191
3 842238
3 794817
3 762894
3 816642
3 801396
3 752706
3 798966
3 734085
3 786087
3 752724
3 837396
3 790893
3 768528
3 776727
3 834867
3 824931
3 795960
3 734580
3 752337
3 842814
3 792684
3 771048
3 781290
3 803223
3 820071
3 771372
3 832581
3 832554
3 871677
3 778005
3 741627
3 829233
3 803232
3 871740
3 732420
3 777699
3 782631
3 860013
3 779409
3 840753
3 773676
3 740205
3 769257
3 788679
3 790983
3 691290
3 848430
3 781263
3 762912
3 761031
3 864252
3 740205
3 820422
3 876762
3 807354
3 796689
3 749898
3 856143
3 768888
3 773172
3 771741
3 862344
3 796662
3 793116
3 747504
3 731781
3 744336
3 800739
3 857358
3 841752
3 841275
3 754776
3 693900
3 677646
3 796680
3 762894
3 674901
3 829485
3 811449
3 778338
3 741573
3 735165
3 742950
3 800712
3 722448
3 774558
3 814275
3 800748
3 765009
3 776718
3 800577
3 785952
3 872676
3 728694
3 790983
3 776781
3 826326
3 838611
3 779094
3 777051
3 796671
3 758187
3 825678
3 819396
3 791694
3 747558
3 741555
3 847161
3 789849
3 796644
3 770004
3 813195
3 826713
3 697977
3 792702
3 853182
3 793809
3 803223
3 814545
3 839169
3 826785
3 789516
3 760329
3 820404
3 727569
3 799272
3 769617
3 796617
3 838809
3 785241
3 786843
3 795204
3 753939
3 848835
3 768033
3 764982
3 867951
3 832581
3 765558
3 826614
3 787059
3 740691
3 737982
3 776745
3 839394
3 767358
3 793737
3 829008
3 769581
3 712224
3 780849
3 746991
3 814824
3 772758
3 738036
3 754785
3 800550
3 791874
3 767601
3 727344
3 836109
3 784692
3 799281
3 818838
3 769212
3 825309
3 788814
3 808020
3 773649
3 822501
3 816705
3 752697
3 825651
3 867375
3 741555
3 800658
3 725040
3 832653
3 782928
3 771894
3 867051
3 652770
3 816201
3 850401
3 728667
3 843786
3 772164
3 833472
3 835164
3 799587
3 722664
3 615906
3 773676
3 771363
3 786060
3 732357
3 767619
3 768213
3 706671
3 794574
3 870552
3 825300
3 768573
3 726318
3 754578
3 742365
3 814536
3 839673
3 797373
3 838035
3 814527
3 770301
3 769302
3 848844
3 788346
3 855927
3 647433
3 736425
3 807273
3 769212
3 768798
3 886167
3 741933
3 829476
3 834354
3 814860
3 781119
3 807345
3 791001
3 742779
3 816228
3 709578
3 856368
3 840051
3 753012
3 772839
3 786015
3 811404
3 841716
3 776673
3 807381
3 855945
3 699345
3 767619
3 830493
3 789318
3 778599
3 725076
3 722520
3 806913
3 824328
3 773532
3 789354
3 884943
3 775233
3 847566
3 806904
3 741573
3 836991
3 761094
3 788868
3 838548
3 826083
3 852750
3 773073
3 757917
3 788373
3 767916
3 843480
3 739377
3 872091
3 798750
3 791586
3 768564
3 750969
3 689706
3 741582
3 787806
3 795213
3 761058
3 795951
3 788040
3 811818
3 800784
3 749529
3 864054
3 710856
3 835659
3 768636
3 816237
3 838629
3 834588
3 722619
3 729387
3 790965
3 800685
3 775107
3 788616
3 783855
3 741582
3 766278
3 834660
3 848430
3 732024
3 821745
3 782910
3 848142
3 767619
3 802881
3 870633
3 841158
3 776466
3 793215
3 831132
3 744741
3 765000
3 863568
3 812106
3 725076
3 846702
3 800667
3 731736
3 770013
3 871848
3 721584
3 827298
3 850419
3 687771
3 795960
3 851436
3 706356
3 736470
3 889236
3 832536
3 647442
3 784224
3 594090
3 779058
3 732402
3 855936
3 755775
3 721593
3 826605
3 762903
3 803709
3 802287
3 835677
3 731781
3 803232
3 763506
3 803268
3 784773
3 825345
3 853875
3 814212
3 839367
3 807390
3 761022
3 832140
3 825399
3 699057
3 773505
3 796644
3 770292
3 755361
3 776682
3 726318
3 741582
3 709686
3 727038
3 842256
3 740448
3 658575
3 784188
3 713979
3 757926
3 814167
3 836820
3 785817
3 853416
3 766215
3 780345
3 814536
3 756459
3 841590
3 832950
3 814131
3 812880
3 853137
3 766305
3 837414
3 768294
3 846108
3 775359
3 795267
3 796680
3 800712
3 834363
3 808092
3 786933
3 793728
3 747513
3 771795
3 821583
3 809127
3 744030
3 736974
3 761166
3 745281
3 762831
3 775620
3 847998
3 781299
3 810927
3 844011
3 736983
3 770265
3 738054
3 744354
3 786294
3 837207
3 752706
3 778365
3 784188
3 837909
3 847017
3 826803
3 791190
3 809298
3 814707
3 834831
3 835398
3 779391
3 739215
3 826524
3 826758
3 867915
3 732564
3 782415
3 714321
3 774657
3 682083
3 817794
3 761031
3 796059
3 722628
3 765621
3 714330
3 761094
3 689850
3 761103
3 722556
3 834579
3 857637
3 854460
3 777672
3 773163
3 809910
3 758979
3 821097
3 792702
3 786636
3 838935
3 760392
3 785853
3 838350
3 764001
3 809172
3 833481
3 771084
3 776700
3 841572
3 767691
3 725508
3 738909
3 825390
3 775602
3 760752
3 853128
3 788859
3 812817
3 752778
3 867753
3 637191
3 712755
3 775800
3 781083
3 827217
3 838629
3 836631
3 660222
3 775503
3 809145
3 854946
3 720747
3 859968
3 738882
3 834615
3 773694
3 779598
3 768384
3 792729
3 725022
3 814590
3 776718
3 841734
3 786087
3 790947
3 809757
3 769383
3 789831
3 778797
3 739224
3 825345
3 708840
3 829215
3 816219
3 821691
3 766341
3 750996
3 770040
3 850041
3 781866
3 796671
3 761472
3 801351
3 757899
3 813150
3 786186
3 695979
3 800739
3 760302
3 743769
3 844128
3 778365
3 829008
3 773100
3 855612
3 732366
3 770157
3 812835
3 810909
3 803241
3 842166
3 741582
3 781101
3 751095
3 811413
3 725040
3 825417
3 728676
3 815220
3 837126
3 808011
3 719991
3 776736
3 814689
3 745236
3 740457
3 816606
3 841185
3 790965
3 802458
3 741555
3 816588
3 860166
3 763218
3 771723
3 845433
3 834588
3 812772
3 763623
3 857412
3 792693
3 754092
3 729387
3 808740
3 747027
3 769275
3 743778
3 754812
3 806904
3 750960
3 732429
3 758934
3 855729
3 767610
3 867042
3 752697
3 753003
3 803313
3 792702
3 727524
3 720189
3 792702
3 886311
3 788193
3 826596
3 711567
3 730413
3 791685
3 773667
3 766350
3 808092
3 766314
3 761121
3 793593
3 738360
3 759915
3 797409
3 762633
3 810855
3 766368
3 754767
3 812331
3 874170
3 761130
3 750339
3 847089
3 738495
3 828945
3 772155
3 775881
3 767448
3 749520
3 782559
3 857340
3 811422
3 792693
3 771426
3 858348
3 853146
3 754614
3 802980
3 760284
3 885537
3 803556
3 870867
3 767619
3 795222
3 789336
3 687159
3 750969
3 734544
3 781560
3 866259
3 773559
3 802917
3 849375
3 831465
3 776772
3 776700
3 841536
3 767637
3 814797
3 778365
3 763749
3 795267
3 757854
3 820386
3 827262
3 767610
3 784035
3 840843
3 822321
3 792027
3 874512
3 805005
3 791226
3 883458
3 781092
3 786258
3 760266
3 785925
3 754776
3 741573
3 770121
3 791793
3 858807
3 792342
3 842778
3 718164
3 825372
3 766296
3 833499
3 811404
3 782622
3 760293
3 778635
3 825381
3 742788
3 814446
3 819666
3 825615
3 823365
3 696924
3 742887
3 814590
3 818379
3 814707
3 809172
3 841653
3 721242
3 824904
3 723069
3 738000
3 702198
3 761148
3 732537
3 788058
3 767610
3 825696
3 776727
3 746370
3 807291
3 768249
3 741591
3 795222
3 803250
3 720711
3 778446
3 846999
3 831771
3 800730
3 784197
3 788850
3 754785
3 789372
3 764964
3 788967
3 791019
3 828972
3 800451
3 816642
3 801648
3 752778
3 741555
3 734580
3 749511
3 812817
3 751851
3 836163
3 775350
3 826515
3 706914
3 789309
3 800694
3 764982
3 759933
3 755631
3 749601
3 784665
3 773172
3 815940
3 784575
3 794322
3 794646
3 776340
3 763794
3 750960
3 810936
3 741582
3 796707
3 814788
3 792729
3 776457
3 803358
3 800604
3 815463
3 762930
3 711801
3 814176
3 732447
3 812871
3 792729
3 826695
3 753930
3 744021
3 761085
3 791856
3 768861
3 767439
3 803583
3 850617
3 744687
3 792702
3 772839
3 852012
3 843966
3 776745
3 864936
3 846738
3 837630
3 833139
3 792711
3 800748
3 738702
3 847269
3 725121
3 769059
3 812610
3 771750
3 811494
3 767601
3 852399
3 863802
3 814203
3 735921
3 720711
3 885852
3 781110
3 819423
3 758196
3 773172
3 773649
3 767583
3 750564
3 837675
3 749664
3 791217
3 866196
3 750699
3 817542
3 761796
3 747540
3 767619
3 795222
3 922671
3 797904
3 671742
3 813123
3 840429
3 795933
3 743697
3 705240
3 760284
3 847026
3 766278
3 766287
3 814527
3 796653
3 751095
3 800694
3 784737
3 761130
3 777789
3 791757
3 855666
3 747603
3 833697
3 807327
3 773523
3 790920
3 791343
3 766314
3 785502
3 769599
3 826533
3 803214
3 773586
3 776466
3 825327
3 685188
3 755505
3 812817
3 848421
3 738477
3 748035
3 800721
3 763749
3 809289
3 821142
3 854127
3 847161
3 747594
3 803232
3 791352
3 809514
3 776754
3 789561
3 829836
3 788364
3 775899
3 779652
3 874521
3 784674
3 766386
3 823815
3 788418
3 714168
3 791208
3 771912
3 767646
3 781083
3 826551
3 773559
3 752697
3 781092
3 814590
3 753246
3 822303
3 856368
3 767601
3 774306
3 788823
3 787176
3 749664
3 707985
3 829251
3 849069
3 765666
3 781119
3 777627
3 755352
3 772740
3 800667
3 775782
3 824733
3 854766
3 859527
3 719622
3 800703
3 773037
3 797958
3 726327
3 781281
3 734049
3 846207
3 796671
3 795654
3 867051
3 767610
3 853155
3 819054
3 747531
3 773010
3 847377
3 741573
3 818100
3 882045
3 725040
3 814149
3 815940
3 802917
3 753930
3 785250
3 774099
3 769986
3 802098
3 795213
3 826830
3 869670
3 734562
3 799209
3 749655
3 785232
3 803592
3 815220
3 769257
3 776457
3 790938
3 741573
3 882063
3 826803
3 746289
3 847422
3 830862
3 822528
3 862371
3 791829
3 853047
3 787518
3 738468
3 769608
3 814194
3 797301
3 775359
3 837342
3 791208
3 850383
3 773145
3 791838
3 820431
3 792693
3 768987
3 842571
3 792072
3 766323
3 740151
3 800748
3 738027
3 802980
3 770121
3 794871
3 864207
3 765702
3 791838
3 772929
3 797868
3 791001
3 784071
3 812763
3 789804
3 747036
3 779247
3 764046
3 789840
3 789345
3 781866
3 814707
3 800694
3 740160
3 781821
3 749511
3 808002
3 838602
3 781092
3 799866
3 808731
3 800766
3 761121
3 820998
3 737262
3 807336
3 851157
3 747558
3 776727
3 790938
3 808713
3 824769
3 818712
3 843966
3 747036
3 792702
3 843183
3 822600
3 790749
3 859491
3 814311
3 790758
3 797400
3 807534
3 792702
3 788859
3 829008
3 864261
3 882783
3 814167
3 738495
3 803232
3 862695
3 717552
3 791829
3 796653
3 791757
3 795177
3 817569
3 791208
3 768510
3 789831
3 799677
3 820989
3 800757
3 879174
3 781074
3 876006
3 848880
3 701757
3 814527
3 751095
3 814194
3 792072
3 827496
3 755379
3 737991
3 741618
3 825732
3 788409
3 788292
3 792063
3 767628
3 699327
3 829008
3 766278
3 771930
3 793656
3 787041
3 789156
3 840537
3 751086
3 672840
3 847098
3 864288
3 813015
3 732384
3 803268
3 825660
3 763974
3 793746
3 744345
3 782442
3 811440
3 776754
3 781092
3 768960
3 667989
3 761139
3 770175
3 746298
3 820278
3 696627
3 822384
3 588456
3 848421
3 835335
3 800748
3 724689
3 824823
3 814545
3 651519
3 818649
3 767286
3 845406
3 758214
3 832446
3 859950
3 851850
3 799803
3 788868
3 772983
3 848871
3 747522
3 776772
3 792747
3 752697
3 830079
3 809766
3 816426
3 746280
3 715896
3 840087
3 855648
3 738423
3 779256
3 794844
3 717579
3 795240
3 837144
3 824103
3 788400
3 761940
3 811809
3 814815
3 803250
3 745686
3 814149
3 859824
3 740160
3 752706
3 788040
3 825102
3 773667
3 786933
3 803232
3 812457
3 869301
3 668466
3 819243
3 789156
3 852723
3 769086
3 852219
3 817938
3 824859
3 823338
3 800748
3 860004
3 778788
3 834993
3 812817
3 822438
3 762903
3 774909
3 714537
3 700659
3 811827
3 741618
3 766296
3 788850
3 738819
3 760266
3 796662
3 790893
3 696627
3 771921
3 788031
3 651672
3 852750
3 775521
3 745308
3 806652
3 775917
3 787941
3 814338
3 778734
3 893466
3 772713
3 775998
3 768726
3 810864
3 854100
3 763794
3 783747
3 612855
3 782433
3 850626
3 855693
3 795267
3 824787
3 812808
3 832590
3 790758
3 812835
3 812952
3 726039
3 792000
3 747540
3 819351
3 813942
3 800802
3 751095
3 746991
3 811422
3 809955
3 862389
3 826812
3 776709
3 829008
3 785781
3 781857
3 746280
3 795042
3 617679
3 786636
3 810828
3 782433
3 847593
3 769023
3 781290
3 750960
3 826758
3 737253
3 619632
3 795546
3 737928
3 738495
3 840231
3 749610
3 808740
3 762903
3 792999
3 671013
3 841500
3 791001
3 820422
3 770184
3 796680
3 782469
3 828981
3 831267
3 776781
3 789336
3 821214
3 846234
3 837360
3 811431
3 778428
3 776772
3 766368
3 822294
3 710163
3 776007
3 800703
3 693576
3 841536
3 833535
3 782433
3 770742
3 767646
3 869634
3 868131
3 847080
3 821115
3 829260
3 832698
3 781119
3 782595
3 809091
3 816048
3 756180
3 852057
3 784197
3 718029
3 709317
3 791334
3 812880
3 800739
3 760293
3 781065
3 823266
3 796662
3 767394
3 826821
3 861039
3 829476
3 696240
3 829944
3 838377
3 782964
3 737253
3 843192
3 847116
3 802485
3 799020
3 810918
3 816705
3 776727
3 821097
3 781074
3 707391
3 821916
3 807993
3 831843
3 595800
3 882828
3 796041
3 853173
3 778374
3 809757
3 762903
3 867708
3 768240
3 800694
3 776007
3 797886
3 755370
3 814095
3 812790
3 832635
3 759159
3 684693
3 795024
3 767655
3 789831
3 803250
3 855945
3 850392
3 804609
3 772965
3 753219
3 843462
3 813204
3 817821
3 782316
3 845406
3 834498
3 768033
3 791208
3 769401
3 751095
3 850599
3 767781
3 766314
3 733671
3 800712
3 792684
3 772920
3 778788
3 785259
3 855684
3 837297
3 728685
3 834516
3 788364
3 873999
3 778356
3 796662
3 826677
3 771912
3 816642
3 735525
3 875538
3 768996
3 778374
3 729225
3 826569
3 788679
3 846747
3 795951
3 806886
3 797202
3 729369
3 737253
3 833841
3 768987
3 726354
3 746235
3 814833
3 696915
3 773055
3 790965
3 832491
3 738486
3 744030
3 699651
3 774423
3 819765
3 857367
3 746694
3 771156
3 747027
3 766296
3 795276
3 754749
3 857340
3 791838
3 717471
3 814536
3 784215
3 850185
3 799029
3 784242
3 773001
3 776709
3 826767
3 687159
3 767871
3 776745
3 737964
3 781587
3 778356
3 837666
3 696798
3 776718
3 761598
3 830448
3 811413
3 740565
3 852723
3 726300
3 807993
3 800649
3 811512
3 792693
3 741636
3 731268
3 797859
3 814770
3 789156
3 865521
3 856620
3 723609
3 767637
3 802728
3 772659
3 682326
3 826497
3 751824
3 834597
3 821592
3 838809
3 822789
3 778617
3 749709
3 781758
3 885888
3 703548
3 766638
3 852210
3 849069
3 738378
3 775998
3 809334
3 843480
3 835191
3 781074
3 787023
3 800802
3 804267
3 858753
3 706518
3 819360
3 778401
3 768978
3 819720
3 754758
3 830376
3 762660
3 828927
3 714366
3 771453
3 814221
3 747009
3 847125
3 722637
3 748404
3 857286
3 707787
3 778599
3 783810
3 859491
3 809181
3 790101
3 840582
3 771777
3 851211
3 809109
3 811422
3 795834
3 844947
3 833472
3 786663
3 763551
3 776745
3 717282
3 725040
3 796653
3 788031
3 848790
3 776727
3 778347
3 830907
3 706554
3 789840
3 759123
3 865746
3 843201
3 809163
3 773145
3 815949
3 807282
3 762786
3 754065
3 755379
3 752256
3 751104
3 713286
3 808686
3 788994
3 815094
3 859374
3 799272
3 746226
3 767295
3 721161
3 775845
3 849033
3 826884
3 766332
3 739710
3 741591
3 762849
3 768483
3 811845
3 739404
3 807957
3 760743
3 773055
3 685170
3 775575
3 808686
3 825615
3 754821
3 753930
3 795996
3 796626
3 710640
3 826533
3 784665
3 855711
3 758997
3 768834
3 826515
3 850239
3 807300
3 760302
3 803376
3 847584
3 789498
3 770184
3 816714
3 725022
3 772632
3 690651
3 757899
3 793062
3 736974
3 857367
3 778428
3 774171
3 766296
3 788841
3 832437
3 826767
3 864657
3 776475
3 800622
3 768555
3 707760
3 767106
3 767367
3 690741
3 821061
3 744336
3 804636
3 760365
3 806904
3 838287
3 857322
3 906066
3 796275
3 787464
3 848376
3 735606
3 805761
3 814257
3 811449
3 817929
3 768582
3 769077
3 763047
3 792018
3 813051
3 788328
3 808353
3 696222
3 791514
3 785484
3 838872
3 789318
3 734589
3 804294
3 741555
3 750573
3 768564
3 796419
3 734589
3 762651
3 819180
3 741564
3 767655
3 768195
3 833769
3 847818
3 754776
3 795294
3 813132
3 795456
3 681669
3 725040
3 832707
3 808614
3 890523
3 803043
3 739332
3 646380
3 775782
3 768033
3 768978
3 706563
3 767655
3 868779
3 796689
3 838350
3 800784
3 774072
3 788346
3 873567
3 839385
3 876042
3 800757
3 838845
3 816093
3 792711
3 776034
3 797418
3 850419
3 748269
3 706671
3 738846
3 791703
3 807318
3 807273
3 785475
3 825696
3 791334
3 820863
3 813213
3 740187
3 833517
3 749655
3 765207
3 727065
3 826884
3 771345
3 811836
3 788598
3 762183
3 776772
3 795249
3 848394
3 760356
3 760302
3 669321
3 786177
3 741591
3 752202
3 773127
3 797922
3 776034
3 785259
3 861021
3 788319
3 879930
3 768555
3 799200
3 895266
3 776718
3 803250
3 795942
3 648855
3 766719
3 804123
3 757899
3 778338
3 750186
3 847431
3 803394
3 787383
3 739377
3 834849
3 728613
3 760302
3 782937
3 774099
3 747459
3 750195
3 769248
3 840771
3 742995
3 778356
3 761643
3 770166
3 771354
3 777672
3 729333
3 789507
3 747540
3 738495
3 808029
3 874008
3 771903
3 837432
3 661986
3 788436
3 765351
3 829251
3 846351
3 773649
3 814473
3 874494
3 868536
3 738387
3 789831
3 772686
3 746379
3 782577
3 808686
3 784647
3 792693
3 834300
3 764856
3 820179
3 753921
3 797409
3 803052
3 814257
3 762156
3 731187
3 763776
3 817947
3 783783
3 792738
3 831627
3 808650
3 845190
3 785511
3 684702
3 786114
3 804627
3 679509
3 768528
3 822321
3 820854
3 814536
3 754758
3 874431
3 838611
3 846729
3 750555
3 841122
3 803547
3 790902
3 885933
3 771903
3 670482
3 773136
3 749511
3 765306
3 778815
3 746370
3 872073
3 845370
3 776592
3 835830
3 840501
3 813186
3 784179
3 747036
3 855792
3 814554
3 736479
3 814347
3 634113
3 758970
3 811413
3 852111
3 744012
3 723618
3 847422
3 784197
3 852750
3 804879
3 846693
3 808614
3 862299
3 779220
3 850356
3 710631
3 762885
3 740205
3 733104
3 772623
3 790938
3 800748
3 859968
3 815382
3 831204
3 827307
3 827217
3 742311
3 768258
3 765162
3 696627
3 825399
3 831465
3 819045
3 739413
3 738513
3 784260
3 718893
3 801342
3 739908
3 720738
3 813168
3 774189
3 801144
3 800658
3 760401
3 640161
3 750501
3 768996
3 816633
3 860535
3 775071
3 775944
3 784674
3 817803
3 778617
3 830061
3 797850
3 825417
3 738459
3 852237
3 787824
3 792702
3 767340
3 760374
3 735102
3 588816
3 760311
3 719379
3 790965
3 744372
3 805788
3 795177
3 720207
3 713952
3 823635
3 800622
3 763830
3 752328
3 781263
3 782433
3 771966
3 732447
3 793800
3 730476
3 782568
3 862677
3 747522
3 778356
3 810846
3 816732
3 769014
3 812106
3 771777
3 764964
3 786636
3 851868
3 844794
3 773595
3 763758
3 768294
3 847125
3 749502
3 776493
3 775944
3 797373
3 768996
3 812079
3 744156
3 761418
3 846729
3 738477
3 662400
3 761139
3 814545
3 797706
3 841635
3 764811
3 754776
3 689688
3 661788
3 779283
3 773154
3 795924
3 776664
3 832455
3 785772
3 735588
3 792999
3 771696
3 832482
3 841482
3 752265
3 773172
3 759420
3 859968
3 807282
3 853308
3 880290
3 744381
3 776286
3 649053
3 789327
3 811431
3 883026
3 800631
3 769518
3 736524
3 800748
3 815121
3 767601
3 787590
3 724428
3 833859
3 777555
3 700632
3 737757
3 812664
3 769590
3 811782
3 798768
3 805824
3 717480
3 754785
3 838341
3 705141
3 788958
3 774000
3 750267
3 850410
3 779661
3 720216
3 841221
3 781650
3 836001
3 732420
3 754686
3 830493
3 800757
3 813231
3 788373
3 814572
3 770238
3 731772
3 778482
3 777690
3 838809
3 753237
3 812808
3 833112
3 739638
3 846441
3 732348
3 770283
3 718155
3 681903
3 788031
3 819432
3 864171
3 866277
3 800802
3 708030
3 731799
3 834219
3 776736
3 746307
3 795222
3 789336
3 779787
3 792675
3 859482
3 799605
3 843759
3 748080
3 734076
3 717147
3 793926
3 829701
3 771777
3 835668
3 788058
3 800721
3 830484
3 800613
3 799812
3 732465
3 767340
3 785250
3 849411
3 741636
3 796644
3 855441
3 852120
3 720189
3 732042
3 807327
3 747486
3 717912
3 823977
3 855711
3 752274
3 767322
3 791658
3 723564
3 767412
3 834777
3 790083
3 776412
3 776727
3 763803
3 884484
3 776772
3 788274
3 800550
3 814734
3 786483
3 775962
3 788598
3 815904
3 709344
3 862335
3 821331
3 797391
3 817758
3 780453
3 789822
3 779508
3 767601
3 776430
3 867366
3 834993
3 816093
3 778347
3 769005
3 752742
3 816669
3 845397
3 789336
3 816210
3 859482
3 802863
3 791001
3 821691
3 738351
3 683037
3 788571
3 740691
3 768798
3 790767
3 764838
3 695538
3 841167
3 768969
3 824850
3 816390
3 789363
3 761427
3 732483
3 800748
3 859968
3 597960
3 800586
3 812781
3 814842
3 846729
3 793701
3 762903
3 762912
3 799605
3 850599
3 754794
3 770013
3 766332
3 768015
3 746568
3 846801
3 843786
3 841770
3 766341
3 783702
3 826785
3 776556
3 833157
3 776025
3 784683
3 866241
3 850392
3 770031
3 773163
3 774153
3 658863
3 803241
3 776673
3 721674
3 834057
3 845190
3 789165
3 842130
3 808092
3 850392
3 852444
3 819774
3 781587
3 725265
3 763164
3 819837
3 849321
3 799560
3 741564
3 749844
3 834876
3 771957
3 710757
3 744381
3 785232
3 856134
3 818037
3 761139
3 786123
3 837972
3 836784
3 667980
3 807993
3 824238
3 687177
3 689850
3 751797
3 775818
3 768879
3 786636
3 800784
3 825381
3 659628
3 788373
3 791613
3 776763
3 776772
3 848412
3 786123
3 754776
3 714546
3 799209
3 786987
3 857817
3 766431
3 710631
3 819342
3 800703
3 847134
3 814275
3 738468
3 775944
3 867366
3 756144
3 775827
3 773082
3 768978
3 767682
3 754776
3 772560
3 784674
3 750969
3 846243
3 792693
3 825408
3 788346
3 821754
3 776988
3 699219
3 757908
3 791811
3 796626
3 906039
3 844632
3 843480
3 763614
3 772101
3 800739
3 741393
3 823977
3 814266
3 824301
3 738360
3 814950
3 790965
3 754821
3 788967
3 824688
3 816606
3 863370
3 776709
3 780444
3 796392
3 776484
3 813321
3 765189
3 740151
3 775827
3 778464
3 776664
3 779031
3 779661
3 847080
3 892251
3 818829
3 778050
3 806733
3 799569
3 797211
3 847026
3 789624
3 738522
3 831528
3 735723
3 741591
3 785259
3 895500
3 746253
3 835965
3 800784
3 826758
3 870498
3 812124
3 629757
3 726327
3 800685
3 758997
3 778779
3 802854
3 816381
3 855684
3 773136
3 843768
3 766269
3 815841
3 751095
3 747567
3 782343
3 742959
3 803232
3 835209
3 829008
3 844785
3 771048
3 853281
3 806841
3 741564
3 826587
3 795996
3 812817
3 843975
3 772434
3 803394
3 690687
3 729378
3 731790
3 776727
3 852750
3 792054
3 846720
3 797328
3 767601
3 736461
3 734589
3 820332
3 782559
3 739233
3 739809
3 825723
3 791712
3 803268
3 800559
3 785934
3 864702
3 742950
3 826317
3 798462
3 832284
3 767097
3 882774
3 896832
3 782424
3 773001
3 847161
3 753282
3 829017
3 751554
3 848232
3 747063
3 682992
3 803502
3 771327
3 847017
3 833508
3 847404
3 762174
3 826614
3 718029
3 743688
3 816210
3 777123
3 768555
3 769194
3 778365
3 786285
3 859482
3 789840
3 846738
3 774387
3 747036
3 802863
3 791775
3 881271
3 814554
3 799200
3 837909
3 775620
3 807966
3 834273
3 761139
3 765216
3 730143
3 853200
3 717597
3 782937
3 804150
3 848835
3 647379
3 795213
3 795258
3 800550
3 821682
3 771786
3 803223
3 767880
3 698022
3 821745
3 773136
3 820026
3 740160
3 805329
3 800793
3 784197
3 812799
3 771804
3 724995
3 778356
3 808713
3 781092
3 795267
3 814518
3 788274
3 887445
3 783747
3 846216
3 805347
3 826560
3 811782
3 788049
3 712917
3 697320
3 854433
3 773055
3 841734
3 814590
3 790056
3 771327
3 893718
3 620991
3 826758
3 754767
3 771696
3 609048
3 841482
3 790974
3 795249
3 841509
3 706563
3 725085
3 887256
3 814536
3 849069
3 791217
3 689850
3 727524
3 849105
3 776736
3 788058
3 782550
3 738414
3 741132
3 819792
3 774333
3 795240
3 781074
3 849348
3 765171
3 784179
3 632061
3 756108
3 788967
3 819801
3 814275
3 776475
3 803844
3 866259
3 845685
3 815220
3 774666
3 767619
3 773037
3 779643
3 755361
3 796671
3 769518
3 785979
3 712017
3 825624
3 847026
3 707814
3 766305
3 787347
3 791001
3 856188
3 831465
3 784206
3 744723
3 809343
3 792702
3 793710
3 810135
3 684135
3 745938
3 760293
3 878346
3 767583
3 775935
3 780957
3 706068
3 853209
3 837072
3 827523
3 781110
3 738369
3 667539
3 790956
3 826533
3 746055
3 854109
3 769590
3 837702
3 802926
3 801315
3 829008
3 879363
3 752229
3 776592
3 882810
3 754794
3 788328
3 784242
3 765747
3 766287
3 841149
3 870930
3 796617
3 819324
3 837396
3 789831
3 641952
3 767646
3 819423
3 814212
3 847125
3 787212
3 714168
3 768564
3 780453
3 760230
3 770157
3 790209
3 767646
3 833490
3 824922
3 728739
3 811449
3 787419
3 741546
3 825381
3 872280
3 738414
3 761661
3 760329
3 825408
3 809919
3 789147
3 811773
3 853353
3 787419
3 795978
3 814212
3 677493
3 761967
3 866295
3 768564
3 833130
3 793746
3 767322
3 744021
3 773667
3 746208
3 663120
3 789363
3 803268
3 829233
3 790947
3 812106
3 826866
3 634653
3 869697
3 772785
3 794700
3 846990
3 814266
3 871740
3 812304
3 792702
3 740187
3 800721
3 791658
3 784458
3 678618
3 839646
3 841230
3 705159
3 793764
3 788058
3 762876
3 819135
3 819486
3 841878
3 822141
3 769005
3 866232
3 709839
3 812178
3 837369
3 789345
3 796617
3 788751
3 836163
3 795213
3 683019
3 806913
3 770040
3 731763
3 738378
3 855630
3 860877
3 814167
3 800541
3 744705
3 775998
3 803016
3 805113
3 800514
3 757899
3 737955
3 781065
3 832068
3 753030
3 788868
3 813024
3 825399
3 786168
3 833841
3 747495
3 788040
3 860913
3 767610
3 842373
3 848151
3 738486
3 769005
3 747351
3 800694
3 788850
3 754074
3 767718
3 795483
3 739926
3 788229
3 803241
3 806904
3 895050
3 802989
3 821664
3 814167
3 753003
3 815868
3 731160
3 788850
3 817785
3 713673
3 838215
3 796689
3 871470
3 800739
3 847593
3 830367
3 741636
3 771759
3 816741
3 814590
3 813213
3 741573
3 697095
3 853191
3 641142
3 784197
3 780480
3 795195
3 704664
3 752283
3 766332
3 853245
3 765738
3 767313
3 800793
3 778734
3 822366
3 773109
3 785547
3 770247
3 841158
3 883143
3 764847
3 787356
3 835641
3 772515
3 787365
3 826749
3 809163
3 832455
3 805248
3 689697
3 738387
3 800766
3 846747
3 710442
3 775935
3 667260
3 834633
3 754983
3 762903
3 774315
3 814149
3 793746
3 772776
3 768240
3 769266
3 765450
3 788913
3 846729
3 831438
3 771363
3 781083
3 814275
3 852453
3 787356
3 784215
3 864198
3 829008
3 766332
3 758736
3 752571
3 826533
3 731745
3 697122
3 849618
3 751491
3 797877
3 812286
3 812781
3 852246
3 855693
3 779508
3 765063
3 803934
3 784215
3 762651
3 788022
3 731718
3 723600
3 792702
3 789291
3 781290
3 770292
3 706563
3 731790
3 784665
3 847998
3 834867
3 763803
3 880362
3 806652
3 813474
3 795996
3 842139
3 812907
3 757890
3 787509
3 851157
3 859680
3 841509
3 755631
3 788841
3 814293
3 798993
3 764046
3 831897
3 773505
3 762930
3 825372
3 720783
3 793089
3 753273
3 752238
3 814257
3 736497
3 773172
3 788337
3 763191
3 758961
3 830529
3 874053
3 761148
3 825381
3 819810
3 769023
3 751572
3 792729
3 744345
3 803187
3 816588
3 805725
3 800730
3 763776
3 714375
3 821727
3 798462
3 850599
3 762012
3 790515
3 850437
3 747018
3 834273
3 796653
3 738513
3 779094
3 855693
3 800703
3 717462
3 727560
3 714069
3 811782
3 834390
3 827262
3 797328
3 804960
3 808020
3 740187
3 850617
3 758259
3 750978
3 699201
3 826533
3 860571
3 776745
3 803574
3 857313
3 800604
3 753201
3 748719
3 811413
3 785304
3 728253
3 747009
3 818109
3 738531
3 741600
3 853227
3 746316
3 869238
3 849051
3 798489
3 824922
3 715437
3 815796
3 775989
3 768762
3 775962
3 867960
3 773154
3 767610
3 784143
3 849096
3 730989
3 704088
3 798471
3 796662
3 788328
3 783972
3 706059
3 796644
3 769590
3 794763
3 795960
3 748953
3 784413
3 835182
3 746694
3 646254
3 706428
3 790965
3 741564
3 817506
3 822321
3 814743
3 807309
3 887454
3 767925
3 761148
3 789336
3 787518
3 755316
3 733095
3 768987
3 811584
3 776709
3 868500
3 802728
3 861039
3 812826
3 776430
3 717588
3 661698
3 776079
3 777753
3 797337
3 782442
3 778374
3 795933
3 871776
3 722628
3 832482
3 773145
3 809712
3 812322
3 776700
3 684720
3 874044
3 821124
3 820386
3 747531
3 664371
3 821061
3 792009
3 788841
3 852894
3 775809
3 765297
3 785475
3 775485
3 784413
3 774171
3 850608
3 710757
3 826533
3 778374
3 747486
3 696762
3 823446
3 767736
3 792711
3 791685
3 779058
3 811449
3 775521
3 870570
3 790965
3 762903
3 863757
3 798975
3 755955
3 796617
3 790758
3 826227
3 824868
3 699012
3 815355
3 799029
3 814581
3 776700
3 762885
3 773163
3 812988
3 849375
3 850356
3 776754
3 838530
3 832527
3 849366
3 849087
3 781551
3 816624
3 829179
3 846666
3 855270
3 752742
3 853371
3 792693
3 738432
3 760338
3 832923
3 796599
3 788328
3 738369
3 837612
3 795303
3 814032
3 773208
3 772398
3 756567
3 823635
3 829548
3 740700
3 804573
3 776754
3 796644
3 710613
3 700623
3 797931
3 734553
3 792711
3 814527
3 729486
3 846729
3 777789
3 834219
3 803385
3 821151
3 800739
3 855675
3 772092
3 786267
3 825345
3 834867
3 758736
3 837423
3 870579
3 699993
3 800712
3 834372
3 853470
3 807993
3 826875
3 864234
3 696951
3 852714
3 832113
3 760347
3 838485
3 807291
3 800550
3 814581
3 766341
3 837504
3 812835
3 640161
3 820422
3 706536
3 695205
3 832698
3 816210
3 773658
3 778734
3 816102
3 812781
3 855918
3 765180
3 835173
3 839628
3 833139
3 738351
3 770310
3 768762
3 859671
3 824895
3 795933
3 754767
3 855945
3 803250
3 722844
3 751275
3 845982
3 781695
3 798939
3 867366
3 717138
3 790947
3 810765
3 782937
3 635949
3 811809
3 814185
3 826731
3 819306
3 803358
3 768645
3 792702
3 803241
3 767619
3 828540
3 768582
3 791001
3 910134
3 785241
3 695205
3 788562
3 739953
3 775827
3 752211
3 766332
3 867762
3 825660
3 767916
3 779283
3 814167
3 759501
3 779553
3 814167
3 846738
3 706554
3 852741
3 879768
3 733806
3 816714
3 807426
3 762858
3 812790
3 826758
3 730395
3 812736
3 807318
3 827568
3 794277
3 789345
3 727065
3 816615
3 828963
3 792027
3 787797
3 698220
3 800748
3 796689
3 737982
3 763794
3 832437
3 827658
3 746118
3 822726
3 767610
3 728721
3 847998
3 725166
3 824238
3 741627
3 740178
3 732420
3 832536
3 798714
3 778797
3 784629
3 740205
3 786276
3 726183
3 799200
3 828990
3 881856
3 769608
3 834138
3 795654
3 847053
3 720180
3 698940
3 768852
3 767592
3 788841
3 878724
3 775908
3 771777
3 759456
3 761967
3 793062
3 833364
3 808335
3 777492
3 762939
3 729333
3 858267
3 814581
3 832599
3 849330
3 761778
3 769257
3 761940
3 723015
3 814581
3 697311
3 736974
3 815913
3 767637
3 814284
3 791694
3 848016
3 803205
3 797373
3 807300
3 731817
3 803250
3 802296
3 734139
3 758934
3 734571
3 797391
3 781506
3 775881
3 785259
3 786303
3 779049
3 815382
3 764046
3 697185
3 853398
3 848430
3 755784
3 704664
3 764991
3 837972
3 870768
3 808353
3 770013
3 682362
3 788805
3 775845
3 874494
3 734553
3 830754
3 776673
3 831483
3 800784
3 834408
3 814545
3 726336
3 740691
3 767583
3 806940
3 789129
3 839214
3 772722
3 759933
3 750591
3 714150
3 795231
3 803232
3 807966
3 791217
3 864819
3 717660
3 762660
3 784071
3 781848
3 822186
3 841527
3 823995
3 814500
3 812826
3 819405
3 796653
3 772695
3 841221
3 841536
3 840195
3 848007
3 814158
3 832527
3 806571
3 778644
3 777492
3 778626
3 811764
3 730998
3 827496
3 781866
3 830421
3 811080
3 825399
3 777078
3 701127
3 769257
3 781029
3 754767
3 782037
3 697149
3 853380
3 767583
3 767313
3 781290
3 806589
3 762903
3 855648
3 792693
3 872631
3 814266
3 835974
3 738378
3 834363
3 776754
3 826758
3 775827
3 844605
3 803223
3 833157
3 710784
3 738855
3 763182
3 832536
3 725031
3 844641
3 706716
3 762912
3 754056
3 882783
3 728694
3 800604
3 871884
3 761148
3 774945
3 773586
3 785502
3 808380
3 853227
3 767295
3 731214
3 790947
3 811341
3 750951
3 791694
3 827325
3 747486
3 732411
3 767619
3 791721
3 743625
3 847143
3 859383
3 775899
3 855036
3 814545
3 773109
3 811422
3 795222
3 723609
3 810567
3 762894
3 736983
3 841644
3 790758
3 772362
3 808047
3 745083
3 766368
3 778509
3 783270
3 796239
3 788328
3 826776
3 705168
3 748737
3 772722
3 824400
3 782415
3 744030
3 777654
3 719631
3 726291
3 803268
3 767592
3 812943
3 738378
3 754767
3 769014
3 818577
3 887895
3 767133
3 829557
3 782397
3 834651
3 782424
3 876330
3 835182
3 829926
3 822735
3 809028
3 756594
3 728622
3 821115
3 776709
3 773667
3 831546
3 670509
3 776763
3 784242
3 829242
3 758718
3 789822
3 711999
3 752265
3 793926
3 736713
3 803475
3 758277
3 727596
3 766341
3 794664
3 718299
3 792702
3 811422
3 845451
3 789021
3 773181
3 800757
3 811386
3 710595
3 815877
3 814518
3 800658
3 754848
3 824301
3 786249
3 840861
3 778734
3 821592
3 825417
3 793953
3 775827
3 737631
3 796626
3 799848
3 824859
3 818379
3 770688
3 734598
3 752688
3 800532
3 766314
3 772884
3 729351
3 789120
3 735669
3 751833
3 776727
3 740439
3 704916
3 788823
3 815139
3 795348
3 866061
3 741636
3 882378
3 858258
3 818802
3 728685
3 739674
3 811305
3 773190
3 785322
3 767637
3 754767
3 741582
3 811791
3 788814
3 820152
3 776772
3 784197
3 790110
3 838809
3 781281
3 795960
3 814149
3 804087
3 802809
3 762903
3 735462
3 793764
3 807318
3 846279
3 794610
3 799236
3 894366
3 830727
3 731169
3 807282
3 749610
3 749592
3 829935
3 841176
3 732402
3 775908
3 791712
3 795258
3 825660
3 766305
3 778473
3 652077
3 747549
3 839394
3 700839
3 832599
3 849357
3 809937
3 714591
3 761454
3 787653
3 726318
3 829845
3 794673
3 826272
3 871416
3 789813
3 778374
3 815931
3 863370
3 834552
3 821223
3 803259
3 850185
3 714573
3 755631
3 833445
3 835974
3 781290
3 834849
3 814266
3 811431
3 777429
3 800712
3 811467
3 764424
3 798939
3 891045
3 748053
3 807345
3 825264
3 712512
3 789399
3 772650
3 848844
3 690354
3 828981
3 792009
3 842004
3 786942
3 824841
3 803934
3 766323
3 776709
3 853308
3 718326
3 788328
3 781290
3 776457
3 839610
3 852759
3 767646
3 826263
3 805167
3 850383
3 852885
3 803241
3 704682
3 848178
3 670320
3 795951
3 789831
3 706509
3 767439
3 847593
3 773874
3 846423
3 738495
3 782406
3 769527
3 814536
3 821916
3 792729
3 760293
3 778527
3 818748
3 769230
3 788850
3 766287
3 788823
3 820413
3 792702
3 866169
3 807984
3 740196
3 784458
3 841716
3 682371
3 788922
3 847116
3 771138
3 718839
3 812979
3 776727
3 714168
3 767637
3 814545
3 699156
3 758952
3 838584
3 752265
3 767610
3 810540
3 826371
3 790254
3 826605
3 804996
3 796671
3 717849
3 803043
3 800514
3 747594
3 767700
3 846252
3 797868
3 772515
3 728127
3 741609
3 752418
3 781290
3 803268
3 807984
3 689742
3 776709
3 806571
3 858258
3 787482
3 773154
3 788850
3 781560
3 769977
3 746064
3 844614
3 791118
3 867942
3 748485
3 837837
3 859545
3 788958
3 821070
3 796887
3 729360
3 827082
3 744012
3 813114
3 758961
3 819477
3 855612
3 850185
3 791208
3 799542
3 744642
3 807984
3 795105
3 781740
3 814185
3 809685
3 775845
3 812799
3 768564
3 803187
3 799299
3 771030
3 799272
3 742131
3 811449
3 757908
3 860715
3 841752
3 790335
3 876735
3 815193
3 866232
3 782280
3 762903
3 826740
3 778365
3 800640
3 780453
3 682371
3 832572
3 873666
3 850608
3 814149
3 774432
3 782424
3 854856
3 781281
3 829494
3 771705
3 710622
3 788409
3 776457
3 726849
3 700632
3 796635
3 814572
3 807282
3 793008
3 776754
3 792693
3 800685
3 803250
3 819450
3 817551
3 734562
3 765603
3 781074
3 814536
3 730341
3 783270
3 808002
3 803529
3 686322
3 791982
3 722457
3 836793
3 811359
3 847143
3 767304
3 778338
3 809028
3 806625
3 834255
3 788337
3 791676
3 880272
3 790857
3 722664
3 812835
3 729369
3 797373
3 838512
3 758970
3 776754
3 787356
3 699507
3 767340
3 855324
3 803277
3 755361
3 771291
3 842391
3 747558
3 820440
3 838557
3 845388
3 784251
3 799272
3 727092
3 761418
3 797373
3 789813
3 687798
3 773154
3 763074
3 776736
3 713952
3 765810
3 800487
3 814527
3 779094
3 682704
3 767619
3 789138
3 782640
3 802728
3 864666
3 796617
3 737244
3 821592
3 806598
3 811422
3 800208
3 708444
3 715455
3 821709
3 796671
3 761400
3 796671
3 810792
3 765162
3 776727
3 764838
3 686457
3 738360
3 816003
3 883422
3 781101
3 787815
3 781101
3 779040
3 772623
3 757872
3 713979
3 799569
3 759852
3 754740
3 784170
3 841482
3 730404
3 730494
3 776763
3 836649
3 748278
3 798741
3 796617
3 816228
3 788355
3 791865
3 868122
3 812781
3 785808
3 767106
3 715293
3 765747
3 782595
3 750978
3 747558
3 768825
3 837351
3 830430
3 770103
3 788040
3 814338
3 725058
3 807309
3 810495
3 820152
3 766278
3 819540
3 715698
3 767619
3 691938
3 778356
3 834867
3 834534
3 710775
3 792999
3 776934
3 718839
3 749565
3 840429
3 835335
3 800694
3 775917
3 799551
3 792036
3 790218
3 775584
3 787185
3 735678
3 857439
3 852444
3 772641
3 767601
3 789831
3 780435
3 739359
3 795033
3 763155
3 790965
3 717219
3 832392
3 715734
3 766377
3 756702
3 710604
3 766323
3 793764
3 820989
3 740178
3 789039
3 741591
3 799614
3 821718
3 750555
3 753273
3 850554
3 767097
3 800658
3 689850
3 754749
3 734562
3 841698
3 831771
3 769158
3 766332
3 797373
3 835974
3 803241
3 766287
3 718137
3 809190
3 806904
3 816597
3 801351
3 711261
3 759915
3 743688
3 808353
3 706536
3 803430
3 806562
3 743184
3 812799
3 745254
3 800685
3 853155
3 725049
3 779778
3 778032
3 790965
3 704160
3 790074
3 828981
3 801036
3 786123
3 814158
3 733662
3 831771
3 790902
3 820854
3 781299
3 859995
3 752688
3 792702
3 791856
3 833157
3 752787
3 706545
3 824211
3 833472
3 807417
3 764811
3 760293
3 732447
3 812421
3 819783
3 775836
3 814149
3 847143
3 788328
3 738378
3 799821
3 795240
3 789174
3 835335
3 801090
3 815436
3 784701
3 844029
3 768807
3 800676
3 807444
3 809172
3 833139
3 860022
3 794727
3 788328
3 834255
3 881181
3 752769
3 797436
3 764046
3 765450
3 807066
3 809163
3 836892
3 732411
3 729369
3 828945
3 784035
3 729360
3 855207
3 776736
3 834336
3 853947
3 770157
3 805005
3 766296
3 822420
3 796662
3 738495
3 819198
3 706689
3 841698
3 803223
3 767601
3 808047
3 775791
3 826632
3 814968
3 833139
3 777672
3 862353
3 840879
3 782451
3 776448
3 784071
3 792009
3 825687
3 764037
3 761040
3 799866
3 766332
3 776718
3 746289
3 768015
3 773109
3 761814
3 763992
3 833139
3 744714
3 720864
3 844443
3 815976
3 833787
3 826767
3 788373
3 738495
3 853146
3 773064
3 793764
3 870516
3 821745
3 761112
3 753912
3 761103
3 781281
3 820368
3 740151
3 741618
3 886113
3 784143
3 791334
3 775944
3 684171
3 805050
3 750969
3 720189
3 774180
3 796671
3 729369
3 773226
3 797904
3 814797
3 826830
3 869922
3 876519
3 800028
3 770301
3 834867
3 786132
3 791226
3 741429
3 877104
3 748161
3 803214
3 834570
3 768996
3 814266
3 729360
3 689796
3 844605
3 714168
3 847134
3 792018
3 767988
3 791217
3 714321
3 809694
3 712584
3 755343
3 795960
3 824229
3 761472
3 733176
3 789633
3 764982
3 849033
3 828954
3 767322
3 778572
3 811422
3 818712
3 765711
3 784089
3 792729
3 832599
3 837333
3 694584
3 763830
3 852084
3 808614
3 712017
3 848871
3 702594
3 809298
3 726876
3 844632
3 776754
3 726057
3 750681
3 800019
3 807273
3 770067
3 853191
3 735552
3 788076
3 787104
3 800703
3 799065
3 849483
3 773649
3 773181
3 782424
3 772083
3 814518
3 754767
3 788823
3 826767
3 762903
3 750204
3 815346
3 847188
3 695808
3 772938
3 788049
3 814617
3 793782
3 801729
3 787500
3 760320
3 805131
3 784179
3 738477
3 844803
3 706563
3 824247
3 774189
3 744336
3 841761
3 770976
3 775080
3 809559
3 796041
3 778599
3 829206
3 800775
3 799281
3 773136
3 773163
3 715752
3 786177
3 747594
3 726210
3 757503
3 778032
3 790218
3 800712
3 818091
3 856665
3 691434
3 749664
3 807363
3 865242
3 786483
3 851166
3 739080
3 866097
3 795069
3 809172
3 825012
3 767646
3 741636
3 758961
3 743697
3 758205
3 757890
3 777483
3 771723
3 787482
3 786636
3 740187
3 787401
3 732591
3 777528
3 800757
3 776727
3 773613
3 791667
3 864639
3 776763
3 713943
3 744435
3 811836
3 807966
3 834543
3 800658
3 788364
3 781884
3 800685
3 696735
3 749700
3 784674
3 764361
3 734139
3 795195
3 819819
3 783882
3 814536
3 737955
3 776727
3 667980
3 785286
3 803223
3 747027
3 829935
3 643167
3 759861
3 815409
3 789300
3 753813
3 759915
3 778824
3 776709
3 814149
3 747000
3 829917
3 834354
3 794979
3 767619
3 808722
3 870903
3 706437
3 781281
3 797328
3 778455
3 807282
3 700011
3 786483
3 777213
3 800712
3 848376
3 792009
3 852498
3 775998
3 769401
3 778392
3 781299
3 788202
3 782433
3 802899
3 844029
3 821133
3 789849
3 781515
3 829278
3 792702
3 807993
3 803007
3 832941
3 814248
3 784197
3 852237
3 841230
3 868131
3 815148
3 770130
3 788355
3 765000
3 795537
3 781101
3 867762
3 766341
3 803241
3 759474
3 740106
3 795528
3 667287
3 756054
3 771939
3 810468
3 710199
3 726093
3 784710
3 753948
3 810846
3 833157
3 805275
3 780174
3 815220
3 816219
3 776286
3 622026
3 776736
3 749538
3 786942
3 762750
3 800559
3 841104
3 615483
3 752310
3 801324
3 737253
3 776718
3 796671
3 864360
3 792027
3 768762
3 796671
3 728703
3 827649
3 890235
3 807336
3 765423
3 753903
3 829584
3 647001
3 809757
3 792045
3 781110
3 754767
3 788346
3 786114
3 782433
3 728622
3 820323
3 820026
3 876762
3 772101
3 738360
3 747531
3 778347
3 785250
3 855675
3 827514
3 786114
3 761112
3 749907
3 741627
3 801009
3 831555
3 803556
3 799191
3 847071
3 827235
3 779049
3 767601
3 839817
3 827694
3 760761
3 767646
3 850194
3 855144
3 800730
3 823635
3 853884
3 832932
3 774927
3 757899
3 847359
3 797922
3 849069
3 771795
3 751545
3 769050
3 761652
3 795987
3 794556
3 826569
3 808713
3 739836
3 847008
3 692559
3 727362
3 765432
3 847008
3 759618
3 813024
3 793953
3 806922
3 788328
3 814518
3 772902
3 718290
3 751779
3 753003
3 838854
3 837342
3 827289
3 703080
3 789012
3 761058
3 683199
3 741618
3 776709
3 782415
3 688662
3 864630
3 807327
3 750222
3 761103
3 741618
3 837630
3 773586
3 764847
3 715653
3 761625
3 809190
3 822123
3 796707
3 692496
3 784674
3 796401
3 789840
3 814527
3 761121
3 816057
3 825390
3 827739
3 803241
3 825246
3 790920
3 781290
3 767592
3 846972
3 773595
3 769293
3 875646
3 767097
3 800721
3 859761
3 791190
3 774432
3 755631
3 812961
3 787266
3 763758
3 823635
3 773127
3 822303
3 721224
3 771777
3 740151
3 803250
3 737955
3 727047
3 806958
3 835695
3 776709
3 746118
3 854415
3 826551
3 855936
3 792675
3 848421
3 825642
3 786663
3 788346
3 797220
3 781299
3 735309
3 830772
3 717147
3 801018
3 838854
3 796671
3 778104
3 834561
3 857601
3 756981
3 849087
3 838296
3 747612
3 766332
3 788382
3 778608
3 806904
3 778455
3 821592
3 814248
3 767097
3 825363
3 754056
3 766287
3 834354
3 768834
3 782424
3 841482
3 714006
3 769005
3 741582
3 850608
3 850203
3 742959
3 779310
3 788319
3 788067
3 762651
3 775341
3 790101
3 803268
3 687168
3 738378
3 738414
3 767448
3 864207
3 770085
3 772974
3 787446
3 852219
3 787131
3 788607
3 777213
3 824805
3 808344
3 730386
3 814212
3 773046
3 775323
3 752274
3 811305
3 798372
3 747351
3 849078
3 828990
3 833445
3 737001
3 754740
3 768393
3 809334
3 741753
3 766332
3 830493
3 700884
3 861345
3 765153
3 738432
3 722637
3 874224
3 750960
3 844803
3 821070
3 769014
3 772893
3 855063
3 842148
3 847098
3 789309
3 639873
3 824445
3 761103
3 817758
3 821583
3 773028
3 768762
3 789003
3 769023
3 765756
3 706203
3 784728
3 862722
3 755064
3 809100
3 783036
3 738432
3 879345
3 834012
3 813996
3 829953
3 815220
3 847134
3 808029
3 792702
3 816624
3 798453
3 816381
3 800694
3 850212
3 701073
3 746361
3 761103
3 779049
3 788949
3 778644
3 777213
3 776457
3 800613
3 818415
3 762912
3 653580
3 767610
3 808011
3 847062
3 859356
3 760365
3 870138
3 767331
3 772686
3 848844
3 781749
3 793944
3 781308
3 773136
3 814518
3 842400
3 855675
3 770166
3 816588
3 671031
3 792702
3 837405
3 766332
3 762921
3 767340
3 786231
3 762885
3 752238
3 767745
3 759852
3 782451
3 737820
3 878436
3 789372
3 796671
3 711027
3 751086
3 756108
3 782550
3 710865
3 807273
3 857322
3 859941
3 738459
3 844776
3 844218
3 808038
3 826857
3 752292
3 783765
3 847017
3 785988
3 840411
3 827289
3 860391
3 786672
3 828945
3 813762
3 792738
3 857655
3 800739
3 819477
3 758214
3 738468
3 767340
3 766341
3 797202
3 763992
3 802530
3 808713
3 746289
3 797202
3 803268
3 868545
3 782415
3 869922
3 850401
3 773550
3 738441
3 795960
3 805743
3 815193
3 835452
3 729171
3 784773
3 760302
3 778338
3 781866
3 861732
3 725031
3 803223
3 855189
3 751104
3 777699
3 814527
3 784215
3 739656
3 744192
3 741636
3 814158
3 767304
3 761526
3 740214
3 712593
3 784674
3 795996
3 772875
3 815886
3 847152
3 811314
3 784413
3 776718
3 779661
3 816642
3 767979
3 825660
3 782361
3 788859
3 795834
3 816633
3 738378
3 862740
3 814572
3 769590
3 814419
3 765594
3 806913
3 809676
3 771066
3 866259
3 758979
3 720756
3 829017
3 890793
3 803214
3 874071
3 706185
3 767385
3 808146
3 790218
3 740898
3 815427
3 787491
3 739269
3 832509
3 789156
3 741636
3 831510
3 779472
3 792684
3 788850
3 788967
3 768996
3 870786
3 800244
3 775827
3 767619
3 791199
3 782424
3 775827
3 811431
3 814572
3 682956
3 771723
3 771327
3 842535
3 758988
3 826785
3 835983
3 748503
3 795456
3 731682
3 771777
3 792702
3 864783
3 841491
3 788760
3 781101
3 784197
3 850410
3 792531
3 819027
3 814167
3 847116
3 782397
3 749556
3 804879
3 820404
3 807399
3 803241
3 737712
3 838629
3 727605
3 859968
3 750969
3 773667
3 846225
3 814167
3 825723
3 784161
3 859995
3 832707
3 826272
3 782379
3 820944
3 791208
3 709848
3 775881
3 782451
3 809901
3 776763
3 709956
3 790101
3 785268
3 859662
3 826542
3 803250
3 747513
3 788031
3 851166
3 729351
3 659205
3 847035
3 830160
3 807336
3 757836
3 766341
3 815184
3 744669
3 776727
3 753957
3 781578
3 867906
3 776700
3 775359
3 732411
3 738396
3 777402
3 885492
3 828279
3 835965
3 788346
3 750555
3 784188
3 778329
3 795969
3 738369
3 767592
3 878220
3 671976
3 777699
3 808155
3 764820
3 769590
3 787113
3 820395
3 789354
3 813222
3 889857
3 738486
3 780453
3 768969
3 827739
3 754641
3 802593
3 828549
3 736758
3 847098
3 772848
3 803250
3 831780
3 780426
3 831618
3 808146
3 799866
3 790875
3 764928
3 792684
3 786258
3 825390
3 852183
3 791037
3 774315
3 785475
3 842463
3 825264
3 709713
3 795942
3 789651
3 832833
3 788292
3 847008
3 840375
3 830529
3 842769
3 807309
3 729378
3 795249
3 796824
3 835866
3 725022
3 802791
3 782415
3 814383
3 781119
3 754839
3 797877
3 778806
3 800775
3 741591
3 816093
3 723051
3 769005
3 792702
3 873549
3 752769
3 712602
3 834210
3 800730
3 826848
3 720225
3 788652
3 780435
3 814554
3 834210
3 706095
3 689877
3 805104
3 854109
3 800757
3 872064
3 833508
3 799569
3 848835
3 771777
3 783702
3 700650
3 761085
3 750555
3 808020
3 827838
3 795933
3 776736
3 749538
3 809307
3 725022
3 828999
3 746694
3 803250
3 781065
3 753930
3 741618
3 808137
3 837846
3 826452
3 834444
3 814284
3 740187
3 769050
3 792738
3 838827
3 812862
3 790956
3 855693
3 752742
3 807354
3 795798
3 800784
3 796032
3 853578
3 858843
3 861219
3 819819
3 816228
3 791694
3 867051
3 856305
3 798957
3 740151
3 740502
3 729279
3 821619
3 797337
3 841491
3 722646
3 802899
3 745236
3 803934
3 853344
3 830529
3 841401
3 816714
3 696150
3 788337
3 729369
3 738378
3 772389
3 829521
3 800703
3 818406
3 801297
3 834138
3 744606
3 815211
3 895266
3 777663
3 754776
3 815454
3 789822
3 850383
3 820395
3 837324
3 737235
3 784215
3 699363
3 819711
3 784674
3 853731
3 826803
3 745281
3 790965
3 741006
3 806949
3 782388
3 772281
3 768528
3 841707
3 762354
3 865503
3 767322
3 841356
3 676143
3 768753
3 852165
3 791217
3 754758
3 737262
3 788598
3 838503
3 818505
3 803268
3 763074
3 786105
3 795276
3 825336
3 826596
3 769095
3 789831
3 853209
3 830961
3 793701
3 767286
3 841869
3 818721
3 781875
3 837666
3 819792
3 811305
3 809343
3 761130
3 810846
3 786060
3 790947
3 767106
3 758718
3 772092
3 776781
3 788850
3 847125
3 826767
3 795267
3 826758
3 791856
3 777510
3 841491
3 769023
3 834300
3 765585
3 834399
3 772983
3 752697
3 769059
3 653355
3 784206
3 752778
3 800667
3 767637
3 775476
3 818415
3 776727
3 813195
3 855045
3 869607
3 828990
3 761616
3 782424
3 774549
3 825678
3 761094
3 778329
3 795276
3 758952
3 847098
3 783756
3 766368
3 659628
3 800604
3 791622
3 747486
3 869319
3 767619
3 846702
3 846459
3 800739
3 755640
3 816633
3 776718
3 838809
3 827811
3 784116
3 839007
3 781110
3 710757
3 793638
3 854910
3 767619
3 828981
3 832698
3 752229
3 762903
3 774495
3 730746
3 803223
3 738369
3 865530
3 818730
3 726318
3 771921
3 754776
3 787014
3 835173
3 853560
3 765711
3 790515
3 783045
3 736497
3 696483
3 803259
3 752697
3 805356
3 834570
3 738486
3 787986
3 837315
3 699021
3 876789
3 807354
3 820377
3 812808
3 849465
3 759924
3 860013
3 803403
3 790965
3 835164
3 821619
3 766341
3 811800
3 738450
3 773874
3 785475
3 792675
3 814536
3 753921
3 767124
3 759987
3 761112
3 860004
3 808614
3 781074
3 779535
3 796635
3 841176
3 771444
3 751077
3 800703
3 857502
3 849240
3 839367
3 738423
3 799821
3 784278
3 795231
3 777465
3 839853
3 778347
3 776466
3 802269
3 802377
3 841221
3 821601
3 756126
3 788373
3 774216
3 727551
3 816633
3 765000
3 772488
3 766341
3 766287
3 773676
3 814473
3 767619
3 737955
3 836820
3 730431
3 826821
3 782424
3 761805
3 875016
3 877248
3 772371
3 812430
3 728685
3 776493
3 871533
3 828963
3 726210
3 752319
3 764352
3 781290
3 810540
3 778356
3 835965
3 769050
3 740745
3 824463
3 792702
3 796671
3 812763
3 838854
3 834372
3 771804
3 816237
3 843255
3 788049
3 848025
3 780453
3 884574
3 850212
3 814149
3 707976
3 824265
3 886572
3 812817
3 795240
3 766332
3 739368
3 859905
3 789489
3 776448
3 788625
3 803574
3 814149
3 776673
3 815931
3 825444
3 767916
3 801315
3 806904
3 757881
3 782595
3 736974
3 821142
3 816624
3 767619
3 814527
3 793755
3 776727
3 767484
3 843462
3 861219
3 767619
3 798957
3 830547
3 821646
3 804600
3 770634
3 765594
3 830061
3 786537
3 752337
3 772668
3 788319
3 735696
3 761940
3 759924
3 783765
3 787968
3 734589
3 747513
3 820458
3 803214
3 806931
3 808011
3 844614
3 800730
3 738486
3 730476
3 804618
3 816678
3 831465
3 880011
3 890379
3 747540
3 827793
3 776601
3 826767
3 759474
3 746397
3 835245
3 825381
3 792720
3 738360
3 752769
3 792702
3 853245
3 761130
3 736569
3 738486
3 796644
3 779508
3 750969
3 713673
3 735903
3 825381
3 788076
3 741600
3 792702
3 791019
3 841518
3 779661
3 769986
3 687123
3 730395
3 739089
3 788229
3 810522
3 747036
3 748494
3 766350
3 742356
3 850392
3 741582
3 710172
3 889731
3 839628
3 834858
3 885825
3 778500
3 782415
3 751095
3 745110
3 784179
3 769005
3 835137
3 772101
3 710199
3 857295
3 787464
3 808911
3 795240
3 846729
3 858276
3 872667
3 786861
3 692334
3 763830
3 807057
3 796653
3 843912
3 801216
3 781290
3 775530
3 734580
3 801342
3 832923
3 810063
3 768861
3 803250
3 714366
3 695214
3 823653
3 796635
3 778464
3 852714
3 859851
3 731763
3 769563
3 779040
3 795168
3 767439
3 770166
3 857610
3 852192
3 756576
3 835452
3 788328
3 752697
3 792729
3 784215
3 797373
3 775323
3 775818
3 791352
3 703089
3 778365
3 794664
3 813015
3 730512
3 758772
3 859887
3 782631
3 792711
3 799866
3 845361
3 720981
3 758736
3 687744
3 722655
3 814212
3 767610
3 878373
3 822339
3 699327
3 850194
3 775845
3 773046
3 697140
3 824787
3 828099
3 709848
3 773037
3 762651
3 747054
3 750528
3 786627
3 754794
3 767061
3 801351
3 744354
3 788877
3 800721
3 746262
3 796680
3 788040
3 822600
3 771768
3 795924
3 779724
3 781119
3 852093
3 826587
3 793044
3 681975
3 770031
3 807336
3 791208
3 721242
3 808272
3 837837
3 800766
3 709632
3 755343
3 725607
3 864261
3 795231
3 773037
3 800739
3 827640
3 738495
3 781614
3 754767
3 795222
3 824859
3 844173
3 803160
3 767619
3 789372
3 803232
3 861048
3 852021
3 781551
3 802980
3 770013
3 800685
3 788049
3 794547
3 801279
3 775782
3 793782
3 814581
3 770283
3 749520
3 763785
3 830511
3 787320
3 571599
3 754758
3 801270
3 801081
3 837297
3 816228
3 847377
3 769014
3 713745
3 825345
3 844236
3 683019
3 720918
3 856233
3 748053
3 720711
3 812745
3 828945
3 803934
3 778365
3 800793
3 751104
3 744030
3 752724
3 814518
3 775179
3 807354
3 829008
3 847089
3 793629
3 792027
3 839169
3 766503
3 787464
3 775341
3 706518
3 826677
3 844623
3 826776
3 837657
3 820368
3 770283
3 785502
3 789390
3 714177
3 668601
3 735165
3 815940
3 803376
3 826560
3 826533
3 770337
3 799659
3 807300
3 859347
3 761652
3 772146
3 725031
3 776007
3 765135
3 752796
3 841491
3 821358
3 767052
3 763038
3 786069
3 832923
3 787356
3 756675
3 775899
3 767601
3 767313
3 826614
3 793746
3 832581
3 776457
3 771795
3 753219
3 789318
3 820017
3 754776
3 715932
3 814554
3 764847
3 810891
3 769005
3 824742
3 744174
3 847008
3 749655
3 796644
3 780183
3 767619
3 713214
3 864243
3 835146
3 763794
3 795969
3 834552
3 745326
3 771903
3 855693
3 784701
3 809334
3 754776
3 719928
3 809145
3 839070
3 779760
3 809901
3 761598
3 772263
3 791001
3 889038
3 635310
3 766359
3 845649
3 846972
3 795222
3 824310
3 799533
3 720009
3 727047
3 775881
3 786078
3 788823
3 786186
3 739359
3 823824
3 759663
3 750546
3 825741
3 814266
3 810927
3 814599
3 838179
3 747558
3 791226
3 759915
3 725058
3 778743
3 780453
3 776745
3 794358
3 776457
3 812835
3 784728
3 703071
3 814257
3 766314
3 778779
3 715923
3 793062
3 798399
3 797391
3 837360
3 823743
3 751536
3 751797
3 683118
3 788040
3 803043
3 783999
3 753291
3 722628
3 750060
3 869949
3 788859
3 850581
3 776457
3 753282
3 842553
3 769266
3 783756
3 726318
3 847143
3 814572
3 784107
3 790902
3 776070
3 778365
3 747639
3 815832
3 769158
3 770715
3 775890
3 767655
3 788373
3 866268
3 778347
3 820440
3 788931
3 776664
3 786069
3 831744
3 738486
3 823149
3 751068
3 784431
3 842130
3 784197
3 821106
3 675504
3 756207
3 809334
3 751257
3 784674
3 813159
3 795969
3 705114
3 773172
3 764982
3 798363
3 762363
3 750537
3 729801
3 799218
3 776475
3 800568
3 796626
3 795960
3 814527
3 710757
3 823680
3 709857
3 855729
3 841509
3 758223
3 913311
3 727083
3 814230
3 826668
3 826542
3 766332
3 826515
3 807390
3 843498
3 803241
3 824805
3 823122
3 752742
3 814347
3 773055
3 734598
3 733077
3 874512
3 826785
3 723528
3 764055
3 766314
3 852030
3 749574
3 806373
3 742149
3 778635
3 800775
3 910971
3 742428
3 722673
3 738054
3 737226
3 754758
3 746271
3 825147
3 774216
3 788886
3 799560
3 759942
3 767619
3 738396
3 788949
3 827901
3 841203
3 706077
3 777420
3 798750
3 818559
3 849249
3 840546
3 763128
3 725148
3 806616
3 815409
3 765603
3 771723
3 751527
3 761643
3 761625
3 781074
3 775323
3 738360
3 802890
3 777483
3 840438
3 801063
3 806940
3 800487
3 812826
3 842004
3 879948
3 816237
3 840438
3 742086
3 770355
3 815103
3 768519
3 832950
3 809172
3 709830
3 773271
3 790947
3 741645
3 770724
3 816642
3 753939
3 751824
3 762894
3 756990
3 887328
3 840375
3 769608
3 823113
3 851193
3 811431
3 826794
3 786654
3 781083
3 791865
3 834579
3 872604
3 855648
3 739377
3 746991
3 783072
3 699354
3 781740
3 837621
3 784062
3 791838
3 789354
3 787401
3 784260
3 778356
3 812106
3 809937
3 743004
3 828090
3 801045
3 744723
3 749610
3 779643
3 841167
3 789345
3 812781
3 763758
3 757908
3 853740
3 825291
3 846234
3 857331
3 814221
3 821079
3 859905
3 813204
3 713961
3 776754
3 788958
3 776781
3 738423
3 785259
3 745956
3 738486
3 776727
3 756630
3 755361
3 779076
3 812457
3 850419
3 828513
3 790965
3 785556
3 699606
3 754776
3 829494
3 786204
3 725148
3 833508
3 793782
3 746253
3 798462
3 832689
3 833796
3 652752
3 769977
3 795240
3 822069
3 741636
3 768546
3 744156
3 801297
3 797193
3 737910
3 829674
3 821736
3 826596
3 761112
3 738909
3 718371
3 765999
3 867762
3 738009
3 880875
3 854919
3 781101
3 835965
3 797886
3 767061
3 765990
3 769095
3 834579
3 798471
3 684738
3 751545
3 799884
3 788319
3 753921
3 825291
3 841779
3 815211
3 751806
3 815409
3 776070
3 738441
3 784206
3 803520
3 663102
3 773163
3 764820
3 781560
3 723069
3 778617
3 799236
3 832986
3 912636
3 762921
3 754767
3 833472
3 746253
3 784188
3 803232
3 811440
3 754776
3 777204
3 739962
3 837090
3 829017
3 741555
3 744183
3 758970
3 775944
3 764064
3 778365
3 784269
3 803268
3 855684
3 803232
3 701559
3 739260
3 776718
3 768987
3 772092
3 744723
3 739422
3 816651
3 725031
3 841500
3 755919
3 766287
3 812133
3 845685
3 790029
3 825669
3 800685
3 755343
3 773658
3 837729
3 811827
3 696798
3 797904
3 733797
3 800685
3 792738
3 794664
3 746370
3 786870
3 814509
3 786942
3 782424
3 782073
3 802926
3 788391
3 762903
3 761022
3 745272
3 803574
3 825678
3 726363
3 776466
3 770049
3 768978
3 740133
3 781560
3 746271
3 788337
3 800667
3 817560
3 789021
3 713673
3 814257
3 833157
3 801351
3 811431
3 773037
3 781380
3 790974
3 779760
3 855936
3 811422
3 783747
3 772929
3 851850
3 812808
3 831933
3 829179
3 780030
3 849060
3 788328
3 743715
3 826650
3 819306
3 767637
3 799650
3 781065
3 825435
3 779391
3 763074
3 816660
3 859365
3 835677
3 861012
3 826092
3 822348
3 652500
3 822348
3 723492
3 847152
3 829008
3 762903
3 790956
3 790227
3 841086
3 875970
3 829566
3 747495
3 748251
3 738414
3 834363
3 810252
3 761175
3 837153
3 826308
3 732564
3 808677
3 769050
3 791838
3 788985
3 781848
3 811737
3 776664
3 773181
3 859347
3 804942
3 787995
3 715770
3 763794
3 787248
3 773163
3 772956
3 745110
3 850545
3 747522
3 866214
3 811080
3 705150
3 812853
3 777735
3 826785
3 847017
3 764973
3 795249
3 781758
3 831771
3 833481
3 790002
3 853182
3 699381
3 768843
3 767700
3 831762
3 683037
3 838107
3 826785
3 703278
3 800694
3 851958
3 779670
3 799047
3 834381
3 715302
3 829530
3 767619
3 825309
3 791802
3 786285
3 809172
3 825417
3 837720
3 772146
3 786204
3 719190
3 737973
3 804897
3 826776
3 790974
3 803853
3 766305
3 725364
3 746424
3 724347
3 808119
3 795789
3 727875
3 693882
3 803385
3 749619
3 785709
3 792702
3 732618
3 819405
3 738504
3 815220
3 793080
3 700632
3 739368
3 776736
3 819963
3 782397
3 792711
3 813177
3 811422
3 730089
3 809289
3 789651
3 821007
3 769014
3 765306
3 778491
3 768825
3 800739
3 795231
3 744021
3 782451
3 803592
3 715959
3 793701
3 696924
3 763551
3 791649
3 766350
3 796653
3 777663
3 793206
3 853119
3 786960
3 869949
3 837315
3 821079
3 793746
3 771354
3 836955
3 823986
3 859842
3 706509
3 787446
3 789030
3 847152
3 879903
3 785268
3 837594
3 814932
3 776466
3 846207
3 825183
3 820404
3 818073
3 778329
3 731664
3 778338
3 723024
3 707787
3 789336
3 749493
3 791208
3 854784
3 839376
3 792036
3 730404
3 861228
3 777645
3 846747
3 841617
3 805131
3 822321
3 852417
3 765306
3 790542
3 851967
3 788346
3 781254
3 808920
3 807345
3 776700
3 745875
3 811134
3 769572
3 782451
3 821223
3 825300
3 782433
3 768582
3 790065
3 785547
3 832446
3 822672
3 789030
3 722637
3 850239
3 754056
3 805500
3 776718
3 734580
3 754992
3 685656
3 751095
3 809217
3 826560
3 737955
3 833652
3 776718
3 744030
3 759906
3 776727
3 782595
3 788373
3 696276
3 814554
3 767367
3 720549
3 807975
3 785529
3 776070
3 781065
3 747468
3 831060
3 790065
3 815904
3 776574
3 791703
3 767619
3 730368
3 872658
3 790938
3 716409
3 763173
3 814266
3 809136
3 763227
3 766296
3 772830
3 805122
3 699084
3 790587
3 841509
3 814563
3 884574
3 764982
3 728685
3 752760
3 752391
3 776439
3 738360
3 689868
3 852408
3 813132
3 726309
3 885339
3 814203
3 712629
3 768249
3 754758
3 789345
3 766314
3 786114
3 792711
3 711999
3 790092
3 737001
3 761643
3 821241
3 811818
3 795960
3 757836
3 738468
3 807363
3 761103
3 682713
3 821700
3 734589
3 761463
3 821097
3 803214
3 846729
3 814518
3 790965
3 781335
3 717282
3 795960
3 789831
3 774603
3 788769
3 761886
3 851166
3 791676
3 826209
3 791037
3 805779
3 712242
3 758259
3 818568
3 704673
3 767610
3 766305
3 761148
3 750978
3 894501
3 778599
3 822465
3 751068
3 773586
3 792711
3 795933
3 812295
3 755955
3 772713
3 791001
3 795267
3 864261
3 844641
3 796617
3 753948
3 761148
3 706041
3 837711
3 827496
3 726183
3 789822
3 745290
3 752562
3 797301
3 838773
3 761625
3 864270
3 733284
3 800685
3 852678
3 834237
3 778788
3 814239
3 766314
3 696735
3 793143
3 781299
3 853200
3 796689
3 740178
3 859833
3 787122
3 828810
3 684684
3 764001
3 796635
3 852894
3 772650
3 806895
3 773208
3 880983
3 790101
3 860544
3 813186
3 820386
3 689697
3 833544
3 837351
3 822366
3 826605
3 767097
3 842130
3 739953
3 849024
3 778356
3 789822
3 844803
3 782811
3 815409
3 772659
3 721287
3 818082
3 734589
3 798714
3 784188
3 776538
3 781101
3 771696
3 800550
3 778599
3 732429
3 718308
3 788067
3 775332
3 866223
3 767610
3 761103
3 766341
3 765144
3 812736
3 773064
3 699282
3 797895
3 826560
3 708318
3 820395
3 718317
3 849033
3 769518
3 804618
3 780444
3 788274
3 814149
3 683037
3 851967
3 778788
3 847611
3 847098
3 773073
3 793746
3 749529
3 795951
3 729369
3 799353
3 763812
3 871560
3 760995
3 790056
3 714015
3 673011
3 775827
3 820395
3 738369
3 770157
3 788805
3 830529
3 746298
3 763830
3 788346
3 769059
3 828972
3 773064
3 819738
3 747531
3 752706
3 747333
3 779661
3 761472
3 769590
3 784206
3 820386
3 807345
3 767610
3 790965
3 780642
3 801054
3 796680
3 788049
3 763812
3 832941
3 753003
3 740412
3 777780
3 800802
3 792666
3 788067
3 688887
3 769284
3 779049
3 754083
3 762372
3 711261
3 778374
3 832590
3 832734
3 877284
3 727335
3 844794
3 796680
3 784080
3 801351
3 821691
3 788292
3 734589
3 742131
3 769590
3 811485
3 749601
3 791001
3 860859
3 830493
3 800532
3 835686
3 762912
3 800667
3 778329
3 832977
3 754092
3 826506
3 802854
3 769977
3 803016
3 770004
3 793719
3 791838
3 804969
3 741564
3 772677
3 847593
3 727335
3 861759
3 769599
3 781101
3 800730
3 788058
3 759915
3 814266
3 857610
3 812817
3 792765
3 776709
3 822600
3 803250
3 832590
3 790956
3 757503
3 795186
3 782424
3 806697
3 767259
3 812106
3 788355
3 790965
3 778437
3 790983
3 792720
3 852138
3 816714
3 841725
3 817029
3 816678
3 741555
3 699354
3 814536
3 814797
3 877113
3 850194
3 768348
3 815841
3 834273
3 802854
3 726201
3 772893
3 687150
3 818379
3 836937
3 798444
3 803250
3 753948
3 768798
3 790875
3 850392
3 738405
3 787401
3 742185
3 866241
3 725373
3 733473
3 778779
3 792045
3 829017
3 767619
3 738369
3 813159
3 731718
3 762903
3 775899
3 816714
3 796671
3 715932
3 803232
3 804123
3 807426
3 696051
3 848853
3 824832
3 715464
3 776745
3 863640
3 800622
3 821583
3 788328
3 834543
3 814572
3 849087
3 843750
3 773667
3 781812
3 796671
3 846828
3 748080
3 867708
3 657702
3 826803
3 848385
3 814554
3 764775
3 724590
3 771786
3 791181
3 681750
3 835245
3 773154
3 753921
3 741636
3 788778
3 756612
3 773073
3 777474
3 794844
3 769275
3 776736
3 793746
3 871794
3 811413
3 747315
3 757881
3 652059
3 749565
3 720756
3 820449
3 800703
3 766305
3 703017
3 788391
3 767619
3 790236
3 753273
3 763749
3 814527
3 786915
3 859482
3 882810
3 730476
3 747531
3 827640
3 733176
3 754767
3 886176
3 833499
3 799866
3 771318
3 766332
3 754776
3 727002
3 766323
3 892269
3 781857
3 739647
3 773442
3 847035
3 826758
3 728496
3 814518
3 774234
3 776466
3 838683
3 749637
3 814230
3 820620
3 808749
3 814536
3 802899
3 822168
3 796617
3 825381
3 729288
3 847143
3 847161
3 787428
3 795249
3 854172
3 832590
3 832536
3 865620
3 764856
3 809154
3 765594
3 812781
3 807993
3 793899
3 753912
3 871227
3 812457
3 635328
3 803232
3 837324
3 765738
3 687186
3 779391
3 667233
3 789354
3 776007
3 788823
3 767619
3 792702
3 731664
3 740484
3 803232
3 781263
3 809190
3 795168
3 849618
3 774621
3 821034
3 817209
3 850347
3 792738
3 770076
3 766332
3 772398
3 810873
3 761463
3 685377
3 747513
3 802872
3 846729
3 767340
3 766332
3 778023
3 720918
3 797850
3 726318
3 789165
3 706302
3 824706
3 763605
3 769617
3 771723
3 832122
3 800784
3 816723
3 837666
3 767655
3 776709
3 766278
3 859482
3 772074
3 854082
3 754776
3 800694
3 775773
3 754632
3 809766
3 800766
3 743985
3 816624
3 752994
3 724437
3 785556
3 768996
3 755631
3 814725
3 852111
3 773649
3 859473
3 779598
3 800685
3 800487
3 791973
3 821691
3 857340
3 887697
3 795258
3 809190
3 733608
3 831402
3 795951
3 795204
3 813087
3 789291
3 831564
3 747000
3 835371
3 717183
3 792063
3 764829
3 762858
3 715275
3 795942
3 752742
3 783036
3 867744
3 788850
3 788328
3 845343
3 790245
3 776727
3 757908
3 789831
3 741582
3 678933
3 777672
3 852723
3 814590
3 845046
3 749133
3 794952
3 767592
3 837387
3 710802
3 782406
3 763119
3 778698
3 827235
3 763605
3 740205
3 775845
3 740565
3 789849
3 754803
3 728667
3 798399
3 800793
3 800658
3 853245
3 784071
3 781560
3 728694
3 767601
3 738873
3 779049
3 835983
3 841734
3 637173
3 795114
3 795960
3 762912
3 762804
3 830484
3 832716
3 741591
3 712503
3 730476
3 771759
3 854667
3 669888
3 800541
3 787959
3 727317
3 747369
3 715959
3 754767
3 861111
3 788886
3 847035
3 859491
3 619623
3 741573
3 816597
3 726156
3 795204
3 813213
3 874053
3 817767
3 764001
3 790956
3 769266
3 786951
3 766458
3 730404
3 778338
3 812763
3 802872
3 826758
3 800496
3 859977
3 720198
3 855099
3 773037
3 851184
3 732465
3 850158
3 778356
3 865260
3 846981
3 737217
3 747522
3 800721
3 800613
3 778374
3 800748
3 800712
3 795240
3 776709
3 703260
3 769599
3 814257
3 754569
3 837333
3 796626
3 796014
3 786852
3 816093
3 820377
3 788949
3 788643
3 764307
3 763785
3 751311
3 811422
3 781821
3 866277
3 681354
3 859554
3 776709
3 776718
3 855684
3 743634
3 790974
3 737964
3 790884
3 841500
3 717147
3 767934
3 759906
3 707823
3 875538
3 788067
3 800541
3 784251
3 844218
3 710820
3 710793
3 812835
3 800721
3 750348
3 827370
3 778023
3 836784
3 840456
3 752778
3 873945
3 776583
3 775827
3 776745
3 784080
3 822321
3 778365
3 833769
3 811422
3 799875
3 759942
3 830997
3 847161
3 862281
3 788292
3 771741
3 766350
3 793773
3 796644
3 752553
3 805716
3 821340
3 814113
3 818046
3 763776
3 768564
3 781092
3 812988
3 782946
3 752382
3 834597
3 833319
3 726318
3 790992
3 855621
3 814536
3 729270
3 776772
3 777663
3 795825
3 782595
3 776592
3 816606
3 774450
3 803502
3 805824
3 844974
3 697347
3 823437
3 815823
3 782397
3 829530
3 807399
3 777492
3 780453
3 893268
3 810504
3 840564
3 754776
3 813195
3 785268
3 776925
3 746694
3 776772
3 728649
3 773145
3 834057
3 849609
3 786294
3 808020
3 784071
3 751077
3 770157
3 788292
3 857394
3 757899
3 852228
3 778329
3 767646
3 785538
3 715698
3 825201
3 764991
3 755847
3 764820
3 775521
3 795249
3 766323
3 806598
3 654606
3 800712
3 683064
3 769041
3 712908
3 795222
3 808686
3 738441
3 786231
3 736506
3 690696
3 766305
3 811422
3 778779
3 816606
3 853245
3 762894
3 845199
3 725364
3 777636
3 778338
3 776754
3 697509
3 793746
3 719901
3 738414
3 771777
3 867951
3 838845
3 850563
3 760383
3 796032
3 767610
3 774369
3 795960
3 800721
3 775854
3 829017
3 776457
3 768996
3 767646
3 781506
3 826767
3 775899
3 821619
3 761652
3 828954
3 781686
3 841491
3 797877
3 826776
3 775854
3 771777
3 845352
3 702333
3 770301
3 792693
3 819468
3 793017
3 862731
3 750978
3 774171
3 869904
3 832518
3 730611
3 789165
3 751860
3 776772
3 859545
3 826785
3 763785
3 734580
3 769599
3 796068
3 670482
3 829881
3 787446
3 809343
3 814527
3 786987
3 760311
3 781092
3 747045
3 846747
3 745965
3 779508
3 812880
3 816588
3 797220
3 754767
3 808020
3 795780
3 830232
3 789849
3 795501
3 867699
3 854280
3 797544
3 788247
3 795249
3 786231
3 786924
3 817254
3 791334
3 830520
3 799551
3 832545
3 738882
3 767619
3 738504
3 884511
3 803268
3 776043
3 814581
3 706500
3 773145
3 737658
3 843318
3 837396
3 803241
3 790578
3 757863
3 779040
3 769266
3 826578
3 776295
3 770175
3 686556
3 803556
3 815445
3 800577
3 778338
3 795240
3 741564
3 823977
3 856350
3 750564
3 849087
3 792036
3 769617
3 753246
3 867708
3 832185
3 816381
3 790263
3 861030
3 765144
3 713673
3 752751
3 830925
3 760347
3 720936
3 778473
3 812763
3 869679
3 839565
3 705213
3 741573
3 791217
3 771291
3 824859
3 841734
3 799866
3 711270
3 881433
3 802467
3 734598
3 754830
3 792729
3 744012
3 869670
3 774144
3 838152
3 762705
3 813231
3 737955
3 762390
3 765738
3 769392
3 815940
3 800478
3 663111
3 749655
3 819765
3 802872
3 799533
3 869940
3 738495
3 837270
3 687186
3 766332
3 815238
3 767610
3 826569
3 817794
3 755784
3 747639
3 776709
3 734580
3 764919
3 879759
3 793692
3 824292
3 767979
3 747513
3 782163
3 806868
3 859365
3 806904
3 813150
3 834363
3 798345
3 794853
3 772722
3 779049
3 739440
3 819774
3 789849
3 776601
3 810774
3 871731
3 826497
3 700695
3 832590
3 761013
3 796293
3 786933
3 813708
3 741600
3 820404
3 797373
3 750942
3 812637
3 749538
3 770670
3 747558
3 752706
3 769437
3 807975
3 739332
3 830502
3 809172
3 751086
3 808623
3 816219
3 761112
3 749898
3 859491
3 725238
3 848439
3 885681
3 810738
3 706680
3 753309
3 823680
3 760347
3 744156
3 834255
3 841311
3 766341
3 791703
3 787977
3 778347
3 812790
3 769536
3 764991
3 767628
3 785430
3 791856
3 738477
3 801378
3 765009
3 752391
3 738468
3 792693
3 766305
3 776043
3 790992
3 770184
3 808002
3 793071
3 804168
3 789147
3 846981
3 752292
3 808713
3 886914
3 760734
3 725049
3 760338
3 834849
3 777573
3 708147
3 832455
3 795465
3 807345
3 741591
3 766350
3 784206
3 788391
3 745128
3 793746
3 770184
3 769248
3 847098
3 768312
3 734076
3 829935
3 847098
3 771804
3 762939
3 760302
3 792045
3 837360
3 775998
3 788706
3 795213
3 837666
3 733194
3 746262
3 756180
3 803214
3 734553
3 834381
3 784080
3 729396
3 821628
3 801342
3 775593
3 809307
3 768600
3 781749
3 788697
3 810918
3 824094
3 785799
3 773010
3 762525
3 726237
3 727875
3 840663
3 736488
3 754749
3 851598
3 814284
3 760302
3 814590
3 754839
3 826605
3 775863
3 718308
3 808812
3 743958
3 843930
3 767286
3 793746
3 784188
3 878310
3 706545
3 864702
3 726318
3 784206
3 781740
3 811476
3 774423
3 772704
3 786240
3 768753
3 812826
3 733428
3 834831
3 772866
3 801288
3 800712
3 807993
3 711981
3 773163
3 804258
3 759942
3 862686
3 776988
3 767997
3 771795
3 763803
3 846702
3 778356
3 773163
3 845388
3 847584
3 853128
3 791001
3 814527
3 725004
3 800532
3 775305
3 839187
3 812817
3 775467
3 761112
3 798732
3 793791
3 847143
3 821943
3 832977
3 762606
3 750555
3 753282
3 776268
3 741195
3 803241
3 740106
3 811818
3 712035
3 752985
3 752211
3 795249
3 829926
3 838638
3 828909
3 715500
3 769446
3 803259
3 770049
3 791001
3 776727
3 849087
3 738495
3 728694
3 812115
3 773037
3 786672
3 727848
3 718317
3 874017
3 747981
3 880155
3 784224
3 853308
3 811431
3 792063
3 739314
3 793206
3 775791
3 735660
3 667305
3 766278
3 859365
3 768393
3 837153
3 812826
3 814203
3 803592
3 837306
3 781848
3 788328
3 778743
3 749610
3 737802
3 741636
3 788031
3 863280
3 776727
3 723636
3 790542
3 803583
3 800676
3 848484
3 832590
3 738495
3 787806
3 766296
3 788850
3 839196
3 764847
3 803223
3 774198
3 771732
3 789840
3 727326
3 859932
3 781326
3 738090
3 749637
3 781434
3 736974
3 781092
3 788031
3 769446
3 770094
3 825696
3 726327
3 722646
3 799569
3 750690
3 834363
3 798417
3 800685
3 767340
3 752778
3 809145
3 790956
3 763929
3 737226
3 675387
3 762867
3 738495
3 781263
3 820368
3 826560
3 863010
3 857358
3 781101
3 781677
3 860391
3 803925
3 750177
3 820935
3 790974
3 841725
3 798444
3 854982
3 743634
3 726327
3 777222
3 791010
3 790938
3 808659
3 762678
3 826371
3 782433
3 788058
3 805824
3 784134
3 793098
3 744165
3 838215
3 767439
3 773604
3 811458
3 780417
3 848997
3 647406
3 841500
3 831510
3 753282
3 787482
3 800739
3 772047
3 784719
3 825300
3 808119
3 720837
3 832554
3 761130
3 814536
3 788274
3 782424
3 782496
3 825030
3 796698
3 798471
3 732366
3 783792
3 803385
3 850410
3 788436
3 793089
3 788868
3 782451
3 800739
3 788832
3 775827
3 774207
3 772425
3 776718
3 648891
3 690705
3 841482
3 859986
3 775512
3 742086
3 796680
3 859482
3 788292
3 800739
3 763614
3 812808
3 835677
3 788949
3 846792
3 846999
3 829026
3 782415
3 765009
3 778347
3 790947
3 795213
3 803268
3 823959
3 729216
3 793746
3 816633
3 846999
3 775008
3 634158
3 714159
3 776709
3 776763
3 746631
3 867087
3 746262
3 834417
3 849060
3 878571
3 809136
3 708003
3 738378
3 732402
3 847431
3 829530
3 872739
3 786852
3 853200
3 790902
3 781281
3 741609
3 758961
3 810963
3 774216
3 792558
3 877212
3 842166
3 776763
3 771723
3 669843
3 788850
3 824850
3 848394
3 834876
3 853209
3 755946
3 776655
3 747504
3 825651
3 669366
3 761148
3 705186
3 812907
3 913626
3 833805
3 864927
3 796662
3 765135
3 832581
3 738486
3 815805
3 775359
3 827262
3 648891
3 785520
3 887445
3 784197
3 814563
3 779526
3 864207
3 793098
3 776466
3 743661
3 801351
3 790101
3 808002
3 861210
3 765099
3 794277
3 788364
3 791658
3 812817
3 763839
3 755937
3 761454
3 793746
3 807336
3 767619
3 738423
3 810603
3 702882
3 792747
3 789354
3 835182
3 809289
3 788382
3 773316
3 790956
3 796662
3 828936
3 839367
3 810864
3 731241
3 738387
3 778383
3 747018
3 739890
3 794277
3 823320
3 692091
3 773037
3 747045
3 827199
3 787599
3 867573
3 823131
3 781083
3 857322
3 803646
3 744642
3 833004
3 795789
3 784152
3 773082
3 857340
3 856134
3 857286
3 631449
3 788886
3 830745
3 815913
3 760752
3 790974
3 746271
3 795915
3 746703
3 825381
3 766323
3 809190
3 767646
3 808011
3 767358
