3 967752
3 991431
3 927819
3 981000
3 981558
3 988659
3 912726
3 1013175
3 947943
3 988092
3 1023480
3 979425
3 977904
3 1007892
3 1005255
3 986571
3 921438
3 984474
3 1021851
3 981621
3 967500
3 975699
3 1010007
3 961893
3 1023876
3 1024596
3 1012527
3 993447
3 1019097
3 1007541
3 944181
3 970119
3 945783
3 952479
3 972846
3 954063
3 1014849
3 984330
3 993312
3 1029168
3 1001160
3 1013085
3 978669
3 973890
3 991404
3 993267
3 999936
3 1005732
3 990477
3 970749
3 1000404
3 1041804
3 961515
3 1005318
3 991332
3 1033227
3 933840
3 965259
3 1029321
3 1034172
3 994752
3 990180
3 954027
3 919044
3 996219
3 976770
3 1024209
3 968157
3 936774
3 1003149
3 991008
3 952299
3 974538
3 972189
3 972756
3 1001880
3 1030284
3 992826
3 1032462
3 989262
3 995481
3 962109
3 979641
3 977868
3 977823
3 1043712
3 977697
3 1013184
3 975177
3 994689
3 989730
3 918306
3 951570
3 1031049
3 929322
3 961569
3 1009260
3 967797
3 1020555
3 972666
3 900468
3 973647
3 936648
3 1032579
3 992358
3 970614
3 937863
3 990180
3 912573
3 932904
3 1002951
3 962838
3 991917
3 1027152
3 1017693
3 974826
3 979704
3 951264
3 988794
3 991188
3 1034433
3 993852
3 1023678
3 970866
3 1008945
3 903132
3 1042776
3 994959
3 1018413
3 1002492
3 1000107
3 984798
3 1011852
3 989811
3 1014678
3 1006479
3 952488
3 985212
3 995868
3 958851
3 1003239
3 921969
3 979227
3 950382
3 987831
3 984879
3 987435
3 986040
3 957735
3 980496
3 1025937
3 974520
3 986490
3 977247
3 963000
3 929709
3 947484
3 1000287
3 990612
3 992925
3 965502
3 912780
3 975456
3 985464
3 1004679
3 990018
3 1004427
3 970398
3 985401
3 982053
3 1010349
3 1000683
3 983421
3 1004445
3 1019133
3 985050
3 953523
3 1062927
3 993141
3 999225
3 993564
3 986310
3 1039896
3 974223
3 972504
3 961731
3 1003455
3 992313
3 963585
3 1012563
3 983430
3 996012
3 1001628
3 999423
3 955179
3 995571
3 992484
3 991260
3 998523
3 994644
3 1000548
3 1029114
3 979281
3 1005129
3 966096
3 982845
3 968535
3 950787
3 991656
3 986670
3 1027512
3 949059
3 1012671
3 938799
3 979857
3 942606
3 967338
3 965862
3 1016271
3 1024812
3 993879
3 963702
3 1004805
3 970515
3 1008432
3 996966
3 1023210
3 917550
3 1005480
3 1027836
3 989226
3 1018449
3 983484
3 1018395
3 955917
3 996498
3 1004211
3 1002870
3 1004112
3 968778
3 1003851
3 979137
3 982305
3 982512
3 1047996
3 1008756
3 950400
3 991323
3 907020
3 991476
3 1051722
3 962046
3 991242
3 956763
3 952893
3 985563
3 975186
3 978849
3 1067013
3 1024569
3 998883
3 980424
3 985158
3 975636
3 981261
3 962199
3 994635
3 1030986
3 948483
3 977931
3 1006371
3 1006767
3 999441
3 957123
3 967671
3 977166
3 967482
3 986229
3 992709
3 916965
3 999432
3 961578
3 1027962
3 999540
3 989658
3 971559
3 971865
3 994977
3 1016460
3 981531
3 908955
3 974844
3 1015767
3 998442
3 980208
3 977400
3 993501
3 963108
3 944829
3 939087
3 971136
3 927270
3 997299
3 988524
3 943614
3 943974
3 988938
3 948834
3 1011384
3 1005066
3 972585
3 985995
3 933381
3 995472
3 992070
3 933048
3 991395
3 948285
3 987975
3 950490
3 1015704
3 956340
3 966816
3 983250
3 1037610
3 996390
3 963072
3 1013526
3 1054836
3 1007820
3 1003860
3 1020825
3 1001322
3 987291
3 972342
3 977112
3 965673
3 919926
3 1024272
3 967869
3 989991
3 970245
3 1012536
3 993312
3 1054044
3 979695
3 965970
3 973431
3 915156
3 1021221
3 941913
3 998388
3 967356
3 993330
3 974817
3 1001565
3 986625
3 972252
3 983286
3 969012
3 981720
3 1006173
3 995175
3 1006524
3 919818
3 1022283
3 977742
3 1025847
3 944001
3 1008504
3 965475
3 1043280
3 929241
3 992511
3 934569
3 1026369
3 956160
3 974376
3 999639
3 1003338
3 1007406
3 947421
3 972378
3 1030950
3 975798
3 994023
3 953316
3 959058
3 1026243
3 975834
3 980262
3 976869
3 969300
3 936000
3 1003464
3 954504
3 1016073
3 1007109
3 1007478
3 1026081
3 981225
3 962937
3 946566
3 989334
3 1001484
3 977553
3 977166
3 1015344
3 918135
3 986409
3 985671
3 980928
3 944595
3 955341
3 1021968
3 989433
3 1015938
3 989496
3 1020447
3 1035864
3 953136
3 970866
3 990675
3 998478
3 1030410
3 942093
3 982836
3 977445
3 960012
3 1000638
3 947772
3 1037331
3 967185
3 936027
3 980829
3 1010169
3 1015686
3 985626
3 1021068
3 919674
3 999963
3 1025928
3 1027395
3 973530
3 972135
3 985743
3 966807
3 965097
3 953298
3 985725
3 970047
3 952155
3 1002078
3 963252
3 952074
3 1022337
3 972126
3 1014381
3 1003536
3 959463
3 981387
3 1021221
3 978309
3 1007460
3 927468
3 922923
3 1007217
3 1026873
3 912060
3 1005903
3 1007127
3 1018692
3 996471
3 973161
3 901557
3 990909
3 955278
3 990792
3 989928
3 994779
3 974709
3 967005
3 1010169
3 1013823
3 998487
3 1024389
3 1011411
3 943992
3 1030266
3 981810
3 1000233
3 1031211
3 1010142
3 1005300
3 1002663
3 999009
3 947466
3 993051
3 994752
3 995346
3 906066
3 961821
3 1003608
3 999963
3 915957
3 989757
3 992988
3 992988
3 1003590
3 1038339
3 998784
3 933102
3 994212
3 1030662
3 1021518
3 1000278
3 956151
3 984924
3 953343
3 1003824
3 994860
3 997083
3 989073
3 943290
3 946602
3 972963
3 1041030
3 984411
3 993933
3 986085
3 953559
3 1042191
3 992889
3 1029591
3 898254
3 993276
3 968715
3 986058
3 1055304
3 919647
3 993105
3 1014246
3 965178
3 991170
3 1014642
3 1017054
3 1029879
3 902610
3 981441
3 990855
3 976797
3 951219
3 972117
3 1012509
3 993420
3 978057
3 990054
3 1010241
3 953604
3 944514
3 982728
3 1052847
3 1030986
3 1021608
3 1037277
3 945225
3 889281
3 937125
3 942066
3 999891
3 969498
3 1021131
3 970830
3 1006398
3 993780
3 998001
3 987291
3 918495
3 990126
3 941103
3 877797
3 946206
3 902880
3 987246
3 986310
3 1010583
3 997119
3 1012365
3 1033470
3 963504
3 1006758
3 1001871
3 987984
3 972918
3 1010970
3 1028016
3 982053
3 988155
3 1029924
3 988722
3 989811
3 1025478
3 1000116
3 970938
3 970227
3 994878
3 971811
3 983196
3 907056
3 974214
3 1005381
3 1016613
3 1016631
3 1031130
3 970947
3 981495
3 944091
3 984735
3 953100
3 989271
3 999693
3 999468
3 975816
3 1030761
3 978867
3 994266
3 974124
3 1014075
3 1027161
3 1001349
3 996111
3 909315
3 1013580
3 980856
3 986463
3 961650
3 1042983
3 980901
3 934461
3 939501
3 905814
3 980802
3 980388
3 985086
3 954270
3 1014003
3 979857
3 896634
3 977373
3 984699
3 1005948
3 1008216
3 982764
3 1001754
3 982350
3 982242
3 923715
3 1002996
3 964683
3 972423
3 1000629
3 936891
3 964296
3 975798
3 1025406
3 1001889
3 1015605
3 972342
3 1014597
3 941904
3 964530
3 1041462
3 969903
3 949194
3 987498
3 1018467
3 1001781
3 965295
3 982512
3 1048041
3 1016271
3 1064565
3 995778
3 965862
3 990018
3 872586
3 936684
3 983106
3 940545
3 1017765
3 1012986
3 1022922
3 1051929
3 975339
3 1013913
3 1041111
3 957348
3 951048
3 955944
3 1029519
3 999432
3 949032
3 915759
3 960669
3 917748
3 1029474
3 925227
3 940662
3 1017621
3 1018863
3 976059
3 963351
3 992718
3 994203
3 981360
3 978507
3 1044738
3 952713
3 989541
3 988803
3 966024
3 981657
3 995715
3 990009
3 994518
3 1024524
3 986769
3 969624
3 1008414
3 951471
3 984708
3 999666
3 943254
3 988155
3 958635
3 926802
3 889407
3 945639
3 1000674
3 939753
3 997407
3 977850
3 917703
3 1015578
3 1011753
3 1036899
3 979416
3 952065
3 980523
3 973233
3 969795
3 982926
3 958662
3 1040805
3 913599
3 1017702
3 1011708
3 987498
3 950148
3 996570
3 1004796
3 1014930
3 999342
3 929583
3 998937
3 1009305
3 979704
3 999378
3 969066
3 994833
3 1027134
3 991296
3 1008423
3 991098
3 990909
3 969399
3 982827
3 981639
3 961911
3 991386
3 947547
3 979605
3 992169
3 925758
3 988326
3 1013067
3 904482
3 1013490
3 949914
3 1055025
3 975726
3 1006119
3 990738
3 999081
3 991026
3 1007892
3 1033155
3 996453
3 987660
3 988875
3 987030
3 1007865
3 978282
3 1009377
3 972306
3 1003239
3 1033920
3 996966
3 1026747
3 1009197
3 979290
3 1008333
3 1054161
3 1025109
3 1009080
3 1036854
3 1009674
3 980514
3 943686
3 955719
3 975744
3 987795
3 993411
3 985743
3 991539
3 953424
3 928800
3 996588
3 985293
3 982170
3 1000062
3 1020258
3 991881
3 929610
3 950706
3 895122
3 1027530
3 991242
3 993555
3 972459
3 993312
3 989577
3 963135
3 913500
3 910377
3 977778
3 958230
3 992070
3 1018404
3 983421
3 992475
3 1028016
3 1012248
3 948798
3 949860
3 1001241
3 1007856
3 1010394
3 922662
3 1024533
3 952344
3 987057
3 991908
3 931104
3 991413
3 1009566
3 1008954
3 985689
3 990045
3 1013193
3 958824
3 1022310
3 993303
3 1015281
3 977994
3 1009107
3 1024227
3 999405
3 1023075
3 969318
3 983601
3 993105
3 974268
3 991422
3 999225
3 1001574
3 1016757
3 992223
3 993042
3 995913
3 966177
3 1009503
3 980280
3 1007730
3 962010
3 1001232
3 958104
3 1003680
3 990603
3 984294
3 997785
3 977895
3 1026090
3 1023732
3 908226
3 979380
3 996246
3 1019034
3 918738
3 1015578
3 1033488
3 984798
3 1011618
3 1004733
3 1022805
3 1031400
3 967752
3 875664
3 988578
3 1009341
3 1022031
3 1011177
3 1042218
3 1000944
3 1045854
3 969966
3 996786
3 972729
3 1019520
3 967590
3 1066158
3 915525
3 999693
3 994689
3 942723
3 973935
3 916281
3 1011249
3 1000836
3 1019538
3 1015875
3 1000440
3 999495
3 948393
3 965421
3 986247
3 982818
3 988200
3 1035135
3 1025289
3 1025163
3 970974
3 966006
3 961074
3 955323
3 979119
3 910935
3 1003896
3 977526
3 989424
3 1001115
3 1009485
3 1009674
3 956421
3 1005867
3 1010592
3 1022382
3 977994
3 977625
3 990702
3 1029051
3 981396
3 1019115
3 972234
3 961236
3 977229
3 1002681
3 911430
3 996651
3 1002609
3 990990
3 917757
3 1030068
3 967239
3 967923
3 1009890
3 916146
3 1033137
3 890235
3 940617
3 974772
3 969219
3 989388
3 977985
3 995769
3 968211
3 944280
3 972855
3 1017297
3 997083
3 937467
3 954522
3 977013
3 993465
3 992430
3 977733
3 931338
3 933696
3 948339
3 1009593
3 970470
3 976824
3 996768
3 898560
3 1016676
3 986265
3 996867
3 978489
3 979578
3 990441
3 975330
3 997839
3 964215
3 1036548
3 1001493
3 984600
3 999846
3 975573
3 992646
3 967482
3 989271
3 888453
3 969804
3 1033992
3 990756
3 972135
3 1014489
3 994455
3 983844
3 998514
3 980397
3 966735
3 1035000
3 1024227
3 904905
3 966753
3 997380
3 1006083
3 1027107
3 941859
3 985140
3 1019709
3 998901
3 961920
3 1006119
3 1002114
3 995670
3 926865
3 896724
3 1022652
3 919197
3 941688
3 988821
3 976455
3 1008792
3 988407
3 1005309
3 1016316
3 954045
3 955125
3 995454
3 1035270
3 967707
3 976014
3 1007541
3 986832
3 1001853
3 907758
3 963108
3 1035981
3 991935
3 972810
3 971532
3 1010574
3 1008144
3 1018287
3 1024749
3 969993
3 971073
3 978417
3 971730
3 984411
3 1005921
3 940140
3 961785
3 976671
3 978804
3 1009251
3 999846
3 973881
3 1016856
3 982989
3 1007235
3 884475
3 996525
3 983565
3 1004418
3 979848
3 1003698
3 969993
3 961416
3 940950
3 939285
3 913059
3 968616
3 981990
3 1022454
3 946764
3 975015
3 989685
3 998424
3 1011429
3 972792
3 980325
3 979542
3 1003725
3 1000071
3 985320
3 1013877
3 974817
3 989865
3 1000602
3 962280
3 975654
3 965142
3 1012878
3 954405
3 979839
3 1003590
3 994572
3 998856
3 1017414
3 963108
3 968049
3 857601
3 1003599
3 990621
3 988848
3 931518
3 1011195
3 978957
3 969885
3 963252
3 967680
3 943686
3 937566
3 959616
3 1005120
3 1011294
3 980694
3 1002096
3 999405
3 994410
3 991458
3 1012887
3 1017414
3 934281
3 927909
3 972180
3 1009818
3 956043
3 1035252
3 999855
3 1014462
3 1004049
3 1014957
3 996291
3 970353
3 1004913
3 915651
3 992133
3 1032624
3 963153
3 1011366
3 1001232
3 1007811
3 976941
3 986391
3 987678
3 988488
3 997776
3 954972
3 945882
3 963684
3 951039
3 970128
3 976095
3 984240
3 959382
3 999918
3 1004868
3 1022688
3 993411
3 1005156
3 1002969
3 994734
3 986220
3 991638
3 950841
3 1007910
3 1001295
3 987471
3 974817
3 982368
3 1015713
3 987957
3 1000647
3 949869
3 994788
3 1014291
3 1019529
3 926343
3 1000413
3 952182
3 957546
3 936360
3 1001142
3 1007901
3 1035036
3 960678
3 897795
3 925119
3 943704
3 970641
3 990801
3 998154
3 992070
3 941103
3 943119
3 952254
3 987219
3 955143
3 893601
3 1027143
3 955746
3 992862
3 994662
3 949698
3 1011798
3 952587
3 1011510
3 943533
3 952758
3 993312
3 915939
3 966825
3 1034964
3 921204
3 1045692
3 982674
3 992340
3 997002
3 969237
3 983142
3 997650
3 1006020
3 1016892
3 1014372
3 1003257
3 935703
3 980325
3 1002177
3 934191
3 965061
3 1001871
3 990378
3 981846
3 993132
3 943596
3 963423
3 999486
3 961182
3 999711
3 1010313
3 991260
3 1019538
3 1011717
3 974340
3 1044405
3 1024686
3 988821
3 992709
3 977598
3 1055718
3 964170
3 959868
3 975123
3 945972
3 994770
3 979677
3 1050984
3 927126
3 956817
3 985014
3 938079
3 1019655
3 1029447
3 995319
3 975303
3 944388
3 990027
3 993627
3 1015578
3 906291
3 1037556
3 951903
3 975915
3 999702
3 967995
3 1060821
3 1015425
3 979704
3 1032381
3 944055
3 1018179
3 991971
3 1022472
3 995157
3 1027485
3 999810
3 984420
3 914445
3 968004
3 971631
3 979371
3 982674
3 951507
3 1001943
3 1016388
3 1017567
3 947538
3 1022886
3 939312
3 974061
3 995040
3 1001043
3 1030959
3 995472
3 985734
3 998685
3 1003347
3 1011015
3 936081
3 962901
3 1038231
3 978246
3 975654
3 1007739
3 1023048
3 1013418
3 1025739
3 965016
3 1001646
3 993609
3 988146
3 1036764
3 1001160
3 1038987
3 965889
3 980928
3 1009359
3 984483
3 1020051
3 1025541
3 988740
3 975771
3 988857
3 924219
3 953640
3 971100
3 1002735
3 997605
3 956763
3 987777
3 975915
3 1028916
3 1015560
3 957591
3 999108
3 970884
3 984699
3 965151
3 985662
3 1017936
3 992268
3 1006785
3 1024398
3 995427
3 993303
3 955701
3 1000206
3 953982
3 957366
3 983592
3 1005066
3 1007838
3 940482
3 991719
3 975222
3 975168
3 1023003
3 983781
3 1005588
3 977670
3 1014282
3 967455
3 994149
3 983826
3 1001331
3 967752
3 987219
3 1006614
3 1015992
3 1015308
3 943308
3 1052217
3 997047
3 1036431
3 958806
3 994257
3 943776
3 993132
3 1017567
3 990270
3 1028043
3 976824
3 975447
3 948978
3 970425
3 952740
3 983376
3 1001556
3 1028889
3 977958
3 1011420
3 924318
3 905661
3 999747
3 935946
3 1051722
3 986553
3 971820
3 1013607
3 945234
3 1008117
3 956313
3 964512
3 965349
3 979866
3 1003671
3 906921
3 968598
3 966375
3 1021932
3 1012239
3 953055
3 1026621
3 1046736
3 938304
3 988191
3 987966
3 989595
3 983484
3 981702
3 922815
3 979767
3 1009872
3 1010556
3 975159
3 959139
3 996210
3 1012644
3 1000089
3 991017
3 970281
3 964512
3 969993
3 999180
3 942984
3 981513
3 1006956
3 1021590
3 1011330
3 970812
3 998775
3 929799
3 968391
3 991809
3 1013607
3 982521
3 917019
3 931572
3 994104
3 912375
3 987930
3 1006227
3 1038159
3 930195
3 1015767
3 952992
3 1001466
3 986040
3 980073
3 976446
3 1010151
3 920394
3 951840
3 1021968
3 957852
3 951129
3 997839
3 997407
3 1045440
3 966699
3 1006128
3 1003383
3 986373
3 983736
3 956583
3 1021149
3 991620
3 1037826
3 1062540
3 950742
3 980622
3 979164
3 988659
3 927378
3 1021383
3 964494
3 987435
3 1026585
3 1032660
3 931437
3 970506
3 995508
3 1026450
3 946143
3 1036800
3 1047321
3 998460
3 993060
3 1019682
3 1015236
3 991836
3 1007550
3 1024659
3 995373
3 996822
3 984015
3 1034496
3 932733
3 1003599
3 954369
3 982341
3 979551
3 922887
3 1008234
3 929952
3 978048
3 994140
3 964629
3 952101
3 925479
3 1002384
3 974682
3 891432
3 1002735
3 1022427
3 938097
3 1006758
3 1020339
3 1011951
3 985275
3 929340
3 982548
3 985482
3 963702
3 979785
3 986004
3 1034136
3 1002483
3 1006722
3 950886
3 983943
3 981180
3 938574
3 1001943
3 950004
3 963090
3 910278
3 978651
3 949338
3 1029888
3 1013616
3 969057
3 1008441
3 997470
3 1018341
3 936198
3 1006308
3 978669
3 974511
3 1010241
3 970686
3 937521
3 960480
3 936990
3 974745
3 982962
3 982305
3 982062
3 988173
3 945864
3 996714
3 978219
3 1004994
3 939222
3 968337
3 993501
3 1025136
3 976203
3 1007271
3 982170
3 994887
3 940401
3 1018044
3 1005165
3 955566
3 1007460
3 1038735
3 1001358
3 997326
3 975294
3 994860
3 1010115
3 1007586
3 1012977
3 990432
3 986985
3 960966
3 950292
3 981702
3 931581
3 1030086
3 1003536
3 1005093
3 1031157
3 999369
3 978354
3 1003797
3 986508
3 990459
3 969390
3 986238
3 984393
3 952479
3 943560
3 992079
3 1024965
3 997380
3 1019475
3 1025154
3 1012698
3 1008468
3 968355
3 1014903
3 995499
3 1005939
3 986589
3 1003896
3 931329
3 990423
3 965295
3 1037196
3 962928
3 987300
3 1045449
3 986040
3 988299
3 999126
3 983637
3 1012905
3 949860
3 987363
3 992772
3 942201
3 988344
3 1000872
3 948303
3 995391
3 972261
3 948429
3 1040940
3 986877
3 988353
3 946881
3 989082
3 1022697
3 1006776
3 999531
3 1006821
3 968571
3 1024794
3 1012068
3 983286
3 1030185
3 1030752
3 1000188
3 937017
3 1006155
3 942327
3 1004211
3 986229
3 990513
3 979668
3 1009935
3 978138
3 992403
3 1013877
3 959337
3 978003
3 955116
3 988209
3 981522
3 981468
3 971343
3 1002726
3 1009647
3 1000692
3 891972
3 936081
3 957294
3 1040904
3 999324
3 901269
3 993906
3 992907
3 985473
3 974556
3 951246
3 994878
3 1013922
3 981378
3 958356
3 1014507
3 1007262
3 988497
3 977652
3 964188
3 997776
3 854055
3 973224
3 985113
3 985248
3 982530
3 1019133
3 911304
3 959823
3 982728
3 992007
3 1030356
3 1027863
3 975528
3 964197
3 1038663
3 1030770
3 975339
3 1043019
3 979866
3 989109
3 985194
3 966447
3 992556
3 999423
3 855063
3 953001
3 947187
3 948411
3 945738
3 975393
3 958203
3 977895
3 967050
3 990918
3 963675
3 1029546
3 975726
3 976095
3 961947
3 1017927
3 919962
3 962154
3 952002
3 1024830
3 1008792
3 1004661
3 1040049
3 1004184
3 992268
3 993852
3 1025217
3 980028
3 969786
3 1009314
3 1017882
3 968589
3 1001178
3 991332
3 969129
3 1013238
3 982071
3 1020717
3 919719
3 991674
3 1003419
3 994446
3 1000440
3 994023
3 1017162
3 993978
3 931122
3 994581
3 991926
3 947160
3 1000071
3 1019907
3 949959
3 1022256
3 992916
3 1026153
3 973395
3 959436
3 994860
3 1012509
3 983781
3 972261
3 976923
3 849429
3 939303
3 982224
3 961830
3 1018548
3 999549
3 929952
3 961704
3 940644
3 984987
3 995823
3 1001178
3 1007073
3 980451
3 1010214
3 1007991
3 959391
3 951795
3 1025838
3 1020078
3 999072
3 974538
3 980388
3 965268
3 977733
3 933021
3 970470
3 986580
3 953955
3 996966
3 971739
3 993321
3 943992
3 1007091
3 986103
3 1002573
3 993942
3 999801
3 983637
3 1018890
3 959796
3 1034082
3 981036
3 971298
3 1013931
3 958941
3 982089
3 985977
3 1000098
3 942192
3 1027656
3 1000080
3 932490
3 1002096
3 970911
3 925389
3 995508
3 1015101
3 1009017
3 970164
3 1060803
3 1005039
3 1007847
3 964575
3 947619
3 1031589
3 989109
3 999000
3 971055
3 996282
3 1017927
3 1014831
3 994995
3 1005498
3 918774
3 961524
3 981279
3 946719
3 988380
3 999279
3 1004427
3 934695
3 919944
3 934452
3 1000449
3 1019502
3 972414
3 979767
3 1026711
3 1031706
3 967635
3 1020483
3 996228
3 979290
3 1018476
3 1009107
3 959841
3 1005588
3 997182
3 1009899
3 971919
3 994842
3 970533
3 1009377
3 993915
3 991224
3 936522
3 1026162
3 988731
3 1010259
3 1003815
3 994617
3 970812
3 970632
3 933021
3 985077
3 980334
3 971406
3 1023228
3 1000269
3 956889
3 1001403
3 963927
3 984447
3 1059219
3 1018908
3 919062
3 988596
3 999162
3 1001340
3 999450
3 1023507
3 973755
3 1005030
3 969246
3 995634
3 990171
3 964422
3 995409
3 995058
3 979146
3 992655
3 941958
3 946449
3 1004337
3 925002
3 1010997
3 952650
3 994725
3 951246
3 1050237
3 973314
3 1019151
3 966267
3 1003239
3 1018143
3 994518
3 962370
3 984816
3 998370
3 1031382
3 933165
3 1006245
3 1014192
3 993123
3 981081
3 983241
3 997596
3 989235
3 1021572
3 975267
3 1001889
3 987219
3 1053585
3 1032354
3 983232
3 974943
3 894429
3 1003815
3 965493
3 970308
3 957429
3 1008630
3 1045062
3 932733
3 979614
3 1025577
3 998316
3 946575
3 964539
3 975141
3 977013
3 993825
3 955098
3 1001529
3 987705
3 976914
3 987300
3 926685
3 1037484
3 979893
3 949752
3 948861
3 912519
3 1038096
3 976104
3 993834
3 993834
3 1023552
3 1016730
3 1007424
3 980019
3 966654
3 883962
3 1018602
3 988704
3 974205
3 958527
3 962019
3 982728
3 992079
3 899514
3 993015
3 1004877
3 990252
3 981324
3 1014552
3 903735
3 1005516
3 1033551
3 975069
3 975510
3 941643
3 958194
3 1002663
3 915543
3 1009449
3 1009386
3 1018179
3 991629
3 1015452
3 1036503
3 976284
3 982845
3 942066
3 1000773
3 976077
3 999747
3 968103
3 971091
3 987516
3 952506
3 1002591
3 1048140
3 974997
3 1016037
3 971766
3 1007298
3 1029636
3 973278
3 956664
3 1014552
3 982008
3 936522
3 1011069
3 1015425
3 1002222
3 1000215
3 1002564
3 1009656
3 985545
3 987777
3 990252
3 980010
3 953559
3 945945
3 950661
3 943920
3 993105
3 918540
3 1031589
3 1019205
3 998739
3 971892
3 824139
3 1024236
3 1006452
3 993663
3 1006155
3 960201
3 1001475
3 982296
3 981900
3 960363
3 1044693
3 976464
3 992340
3 986148
3 969579
3 1032552
3 1008810
3 1006128
3 970794
3 975600
3 964611
3 980343
3 985500
3 991701
3 971496
3 999459
3 991701
3 988191
3 959166
3 982728
3 1025334
3 1022094
3 979317
3 976797
3 979731
3 1012734
3 1010871
3 1021122
3 915228
3 1015731
3 995625
3 992286
3 938376
3 1015533
3 925263
3 966960
3 962685
3 982341
3 960246
3 928854
3 974268
3 964953
3 970308
3 1001754
3 995328
3 982656
3 945324
3 1007307
3 998505
3 991791
3 1018647
3 1035576
3 978417
3 919278
3 992304
3 1001295
3 1039248
3 980352
3 1006722
3 972909
3 1000602
3 1036278
3 960705
3 980991
3 1018179
3 966060
3 996219
3 983133
3 914985
3 997497
3 1006857
3 936144
3 984969
3 947160
3 1037781
3 928053
3 1033209
3 997686
3 956304
3 1028853
3 961101
3 980937
3 972756
3 1014912
3 986778
3 972972
3 972999
3 1020942
3 1033794
3 986445
3 1036395
3 985455
3 1020051
3 953478
3 910152
3 996822
3 987939
3 979092
3 977103
3 898047
3 990747
3 1003680
3 934587
3 942840
3 996831
3 969795
3 918585
3 1003257
3 1004310
3 995049
3 1001223
3 1009008
3 1012437
3 943371
3 941616
3 1030464
3 917622
3 1003122
3 997218
3 959382
3 993861
3 929853
3 986814
3 988758
3 1014957
3 926910
3 975231
3 990099
3 980388
3 951516
3 995472
3 977580
3 984510
3 968211
3 992223
3 956205
3 1022247
3 987111
3 988065
3 980856
3 987300
3 952119
3 961965
3 984006
3 905436
3 988254
3 1012950
3 1001979
3 960975
3 1016694
3 986256
3 954837
3 955593
3 974241
3 963945
3 1011807
3 971397
3 972333
3 874305
3 974349
3 983214
3 973656
3 1012266
3 982935
3 969201
3 911781
3 1016631
3 1042812
3 973197
3 966042
3 1019907
3 948501
3 948807
3 934245
3 954567
3 958617
3 1005570
3 993816
3 1032561
3 984834
3 978903
3 956943
3 962370
3 972612
3 895914
3 954621
3 1002033
3 955008
3 966960
3 1009440
3 952308
3 962235
3 980505
3 990693
3 975006
3 948411
3 907029
3 1003212
3 987372
3 940590
3 977994
3 986121
3 1027998
3 1024146
3 977409
3 1012113
3 1027971
3 989091
3 989775
3 1003626
3 997128
3 969507
3 1018746
3 1005813
3 941355
3 949896
3 958131
3 988011
3 997479
3 1007289
3 995229
3 964818
3 975033
3 1001439
3 1004589
3 1025595
3 970920
3 934551
3 1026252
3 984708
3 975834
3 1012329
3 944757
3 999315
3 994491
3 989901
3 975816
3 1048716
3 1009458
3 999063
3 889659
3 1000269
3 1004760
3 998523
3 1012284
3 992565
3 1010385
3 1001412
3 1039464
3 938421
3 979704
3 1017477
3 998757
3 1049481
3 1020762
3 951309
3 1018584
3 948807
3 980703
3 999243
3 999837
3 1011015
3 941823
3 1000818
3 983025
3 973917
3 993609
3 983196
3 986733
3 945432
3 999072
3 922257
3 1001430
3 998532
3 891972
3 957213
3 984501
3 1004697
3 980262
3 943803
3 1001502
3 964863
3 1012824
3 1029330
3 962514
3 966420
3 984033
3 915777
3 987624
3 975708
3 975753
3 984861
3 971136
3 965439
3 984159
3 1023417
3 1008495
3 1007973
3 844605
3 1006911
3 1041408
3 1017999
3 970857
3 991323
3 1006857
3 1035891
3 1012005
3 984087
3 944406
3 988767
3 909045
3 990702
3 959535
3 990216
3 1012923
3 1004373
3 998217
3 1004175
3 941607
3 949932
3 937728
3 963558
3 921960
3 970425
3 965727
3 1026090
3 974745
3 933921
3 941886
3 981828
3 915633
3 1009431
3 989955
3 1005975
3 977544
3 962280
3 1011501
3 951498
3 1000287
3 994941
3 980937
3 1017045
3 1028610
3 932967
3 990963
3 993744
3 977067
3 1024056
3 1052703
3 1035270
3 996516
3 1022373
3 1011852
3 997083
3 1035459
3 989856
3 1032966
3 1009251
3 977184
3 991008
3 1013940
3 1008000
3 1006497
3 957798
3 972333
3 948465
3 990693
3 1006857
3 1014624
3 886428
3 990459
3 970470
3 974475
3 970893
3 996975
3 981477
3 981612
3 979893
3 1013013
3 944370
3 947745
3 989469
3 1035243
3 979236
3 925299
3 1000944
3 1001304
3 993393
3 993924
3 963783
3 971352
3 950760
3 1024974
3 948564
3 962964
3 974367
3 991890
3 965331
3 977004
3 966960
3 1042011
3 987309
3 1013931
3 979263
3 1047717
3 998172
3 981135
3 996381
3 988425
3 990819
3 940581
3 965034
3 960066
3 996156
3 984123
3 960075
3 967077
3 934812
3 960075
3 933183
3 967122
3 962946
3 996588
3 988371
3 941319
3 971892
3 1017486
3 995886
3 953766
3 1002195
3 960498
3 1013112
3 1001196
3 999252
3 968490
3 947862
3 980685
3 1000836
3 999090
3 1010781
3 998280
3 991701
3 1007028
3 987138
3 968526
3 957546
3 980415
3 939231
3 995454
3 1016784
3 1017549
3 940671
3 962460
3 1012005
3 1011600
3 965151
3 1039950
3 1005723
3 1006641
3 896769
3 964899
3 1012365
3 1017999
3 991656
3 994230
3 996129
3 945378
3 980028
3 984825
3 999198
3 1060011
3 903807
3 1017486
3 923094
3 991791
3 982998
3 983727
3 998415
3 935424
3 959211
3 981261
3 998514
3 963918
3 959841
3 994410
3 1002636
3 1011384
3 988191
3 995085
3 927540
3 994446
3 928746
3 1010331
3 936891
3 996534
3 984843
3 987993
3 978021
3 978615
3 965484
3 988794
3 1002951
3 972459
3 997353
3 1041435
3 1006398
3 961938
3 970380
3 994581
3 1008576
3 991269
3 984276
3 989181
3 1016820
3 1029429
3 990387
3 950724
3 996732
3 1006020
3 946512
3 907074
3 980793
3 996912
3 1035513
3 953586
3 1012815
3 1011249
3 958554
3 949104
3 983241
3 1014210
3 996795
3 960345
3 997362
3 981261
3 994311
3 1016901
3 965601
3 1006848
3 1022067
3 980433
3 969489
3 1026927
3 933480
3 974043
3 976320
3 942588
3 1021509
3 955737
3 944730
3 979218
3 1021428
3 940860
3 992304
3 992304
3 1023399
3 963774
3 956439
3 1007262
3 977859
3 923382
3 932148
3 984339
3 944622
3 930078
3 1036629
3 1017162
3 989244
3 962424
3 985878
3 941022
3 952290
3 993276
3 1034946
3 962010
3 950085
3 1033317
3 911511
3 987579
3 955368
3 1016019
3 1032831
3 934596
3 999432
3 988092
3 956979
3 1016001
3 989091
3 953541
3 1000179
3 1012149
3 1012662
3 988893
3 938592
3 992241
3 994905
3 1039329
3 990720
3 999954
3 985716
3 919548
3 1035495
3 979146
3 975186
3 977301
3 994212
3 995292
3 1079226
3 1041273
3 926847
3 998685
3 946611
3 999216
3 968859
3 953226
3 984240
3 1021212
3 951363
3 987993
3 951570
3 962307
3 1033452
3 986472
3 998856
3 975492
3 985302
3 1037700
3 976968
3 991368
3 1010313
3 1005219
3 967608
3 994833
3 978975
3 989361
3 936918
3 1039563
3 969390
3 934200
3 897363
3 988182
3 1005984
3 990351
3 1005408
3 968031
3 954414
3 974997
3 921429
3 1029150
3 978705
3 910629
3 968292
3 998226
3 951966
3 1017630
3 998325
3 924669
3 1001412
3 950445
3 995625
3 892350
3 1002546
3 967932
3 990486
3 1007577
3 934407
3 824985
3 985761
3 934578
3 975726
3 1023039
3 1039644
3 983151
3 1014498
3 986715
3 984951
3 999252
3 974835
3 921024
3 981396
3 987615
3 988209
3 905697
3 1030437
3 992016
3 941409
3 945756
3 1027170
3 983493
3 949212
3 1021545
3 1006065
3 968103
3 1006164
3 964422
3 1039059
3 979371
3 973890
3 981513
3 985122
3 1009530
3 1008180
3 1000926
3 970902
3 1013913
3 952353
3 982341
3 1027107
3 1011069
3 992529
3 983520
3 999828
3 999189
3 1000908
3 969300
3 1020411
3 983889
3 1026873
3 980244
3 955449
3 1002969
3 1021518
3 928845
3 1006281
3 1018575
3 1006020
3 1006209
3 1001178
3 962604
3 929736
3 999288
3 996876
3 978183
3 974214
3 886365
3 966042
3 975690
3 957564
3 968949
3 880461
3 1014831
3 986517
3 980424
3 906075
3 998721
3 978777
3 1017585
3 984339
3 1033641
3 979902
3 956385
3 1002924
3 967077
3 1000791
3 958716
3 992466
3 982476
3 1021797
3 1044369
3 892395
3 987543
3 941427
3 942867
3 897975
3 1036449
3 1002258
3 998478
3 943785
3 978129
3 953253
3 995985
3 976932
3 986427
3 960687
3 1001187
3 960138
3 875979
3 975411
3 993456
3 1007784
3 1076499
3 943029
3 1002780
3 964737
3 1007928
3 997533
3 959130
3 1003122
3 973161
3 912303
3 1005345
3 990702
3 1028637
3 995832
3 996444
3 929979
3 982026
3 917775
3 1002537
3 957033
3 1017081
3 948762
3 968508
3 983277
3 1034262
3 1016892
3 996525
3 1027359
3 959886
3 999549
3 950499
3 969435
3 1015587
3 945450
3 1005183
3 1026288
3 980064
3 1000359
3 1023705
3 1012248
3 986328
3 972189
3 1024677
3 912285
3 999567
3 921087
3 1048941
3 1043118
3 988821
3 985806
3 993987
3 996687
3 972891
3 1015461
3 1025478
3 999045
3 1028250
3 994842
3 1008522
3 1000521
3 997263
3 974403
3 1016298
3 1010223
3 992880
3 976635
3 982116
3 990981
3 937818
3 984708
3 1022166
3 999144
3 1024434
3 1017396
3 993537
3 1004463
3 974628
3 931410
3 985347
3 1039230
3 1004769
3 941949
3 891657
3 951885
3 1002681
3 1012716
3 1000017
3 996939
3 1068822
3 1027926
3 955872
3 959949
3 928044
3 917334
3 936972
3 970434
3 981252
3 973719
3 973125
3 998460
3 973314
3 1012824
3 945684
3 984897
3 998766
3 1000233
3 996066
3 995040
3 1032489
3 842787
3 965070
3 996354
3 942462
3 1010790
3 1003878
3 971685
3 1010826
3 913428
3 976896
3 1028250
3 1020051
3 952821
3 946305
3 973332
3 1019241
3 974061
3 1024641
3 982629
3 956196
3 1029645
3 997812
3 1044810
3 989307
3 980739
3 981486
3 1043541
3 1035180
3 986337
3 985878
3 1010790
3 977355
3 996210
3 963702
3 992160
3 981819
3 1016586
3 980928
3 972495
3 960768
3 950220
3 994833
3 1007433
3 998685
3 940023
3 985833
3 968238
3 1015218
3 972477
3 986337
3 1037790
3 997326
3 976131
3 998613
3 990126
3 938763
3 988866
3 1028394
3 976095
3 1013985
3 1004337
3 973242
3 974160
3 1002411
3 1002285
3 967104
3 992709
3 987246
3 1003707
3 973800
3 992934
3 998658
3 983475
3 975357
3 969102
3 977040
3 940806
3 1005309
3 1007190
3 917127
3 996552
3 956736
3 993636
3 1038672
3 998325
3 927234
3 946215
3 998631
3 985023
3 979893
3 978246
3 1009764
3 1011285
3 1018161
3 989460
3 1019853
3 964953
3 973107
3 988146
3 934236
3 1009683
3 1028844
3 957429
3 1070100
3 992610
3 993645
3 1039779
3 965925
3 1012176
3 1007856
3 950328
3 980442
3 1049067
3 987183
3 991566
3 1010061
3 908001
3 1011078
3 978516
3 950589
3 964683
3 1013220
3 998505
3 1007586
3 987390
3 1013886
3 1021320
3 949725
3 991557
3 965889
3 934344
3 1004472
3 969975
3 982044
3 993276
3 949032
3 969093
3 950706
3 1027512
3 1012095
3 1041237
3 989199
3 1005876
3 1000044
3 964539
3 993762
3 1007145
3 893529
3 986220
3 964260
3 1006155
3 1006218
3 936765
3 1018098
3 953361
3 945225
3 997029
3 927333
3 1009584
3 986184
3 990135
3 985167
3 980793
3 1033830
3 1003284
3 957312
3 958581
3 937458
3 1004832
3 1008018
3 1005579
3 987750
3 983799
3 1041381
3 989703
3 1019898
3 1008567
3 989820
3 1022328
3 957645
3 990594
3 981864
3 956511
3 1019412
3 974061
3 964125
3 951624
3 949788
3 1017765
3 939717
3 981468
3 1020834
3 981936
3 998928
3 967671
3 987111
3 1035729
3 944982
3 953118
3 988695
3 1004580
3 961353
3 974763
3 981054
3 978030
3 1010277
3 970812
3 1004148
3 1031022
3 975555
3 1012374
3 969210
3 982557
3 951129
3 944469
3 989244
3 984438
3 991692
3 935712
3 1010295
3 988605
3 969192
3 1004175
3 975996
3 1017099
3 938907
3 989973
3 997362
3 964539
3 956241
3 975411
3 961308
3 991476
3 989802
3 978660
3 1002330
3 1005273
3 947934
3 964863
3 978840
3 967491
3 1009845
3 957186
3 998298
3 955800
3 957510
3 995175
3 944163
3 980334
3 1003176
3 985761
3 970137
3 992493
3 1040031
3 921105
3 973773
3 1005444
3 929250
3 989784
3 952443
3 998640
3 981099
3 1035072
3 984087
3 975861
3 1006047
3 1013571
3 997407
3 898110
3 971253
3 970866
3 1020519
3 1052370
3 925596
3 1015803
3 862605
3 992727
3 998127
3 990252
3 1023984
3 1003527
3 977832
3 998172
3 953478
3 1019628
3 1027170
3 955899
3 990504
3 960480
3 958329
3 968571
3 1001034
3 954801
3 995481
3 1009206
3 1019034
3 951732
3 930834
3 976770
3 951597
3 1021185
3 992385
3 990639
3 1015047
3 1011897
3 974439
3 959049
3 1050795
3 991188
3 1037286
3 989856
3 1002276
3 928296
3 1015704
3 1034388
3 995463
3 972936
3 976824
3 989082
3 997857
3 991467
3 1022670
3 953757
3 981225
3 1004751
3 956070
3 984411
3 1009251
3 908127
3 1035603
3 1018494
3 1011870
3 1004436
3 974205
3 896472
3 1007730
3 991701
3 1014696
3 1003734
3 998532
3 979578
3 968751
3 951210
3 973845
3 925785
3 1045764
3 994185
3 942687
3 986499
3 1017486
3 1000359
3 1009530
3 960750
3 1001502
3 990000
3 979785
3 988992
3 942345
3 1009764
3 961173
3 1019205
3 995517
3 981873
3 1026441
3 998622
3 922392
3 923112
3 994311
3 996507
3 1018593
3 1007613
3 999990
3 1031058
3 913320
3 908442
3 965493
3 992205
3 1008513
3 1021716
3 931941
3 1021491
3 1021311
3 995472
3 986121
3 950004
3 1003815
3 853893
3 985788
3 965223
3 984978
3 1037484
3 978885
3 933984
3 1038294
3 1010754
3 950409
3 925407
3 925920
3 984483
3 990900
3 996669
3 950094
3 994122
3 995634
3 1005516
3 1029492
3 1005957
3 946431
3 1008909
3 997461
3 959040
3 1001682
3 1001925
3 976887
3 989352
3 993654
3 987435
3 927702
3 1007568
3 932085
3 926748
3 1002879
3 971559
3 1012707
3 995841
3 1012590
3 1002123
3 975402
3 1039455
3 1015164
3 932733
3 908712
3 1013553
3 1014390
3 1009440
3 1041345
3 1017099
3 949005
3 987102
3 976104
3 1029168
3 976050
3 997992
3 982773
3 972315
3 1031139
3 974205
3 1005903
3 970695
3 920745
3 917694
3 1000449
3 998487
3 986364
3 989352
3 1002177
3 1036467
3 1027980
3 976977
3 1039041
3 956691
3 1000062
3 1001133
3 1004643
3 959481
3 1021275
3 995787
3 947277
3 1007676
3 964872
3 1020852
3 998874
3 991422
3 982638
3 951408
3 929340
3 1023732
3 942318
3 913590
3 1003662
3 966852
3 993789
3 946827
3 992808
3 926577
3 979146
3 1013085
3 958842
3 977823
3 991440
3 1031310
3 910674
3 1027458
3 1036503
3 1024497
3 996633
3 959391
3 896328
3 979236
3 993177
3 983916
3 1041120
3 981216
3 992241
3 980082
3 1005381
3 1000494
3 977526
3 961434
3 997317
3 985653
3 989217
3 996336
3 1022796
3 984843
3 932742
3 1005939
3 984060
3 997542
3 1006137
3 1016865
3 985284
3 896436
3 925641
3 986148
3 974430
3 978624
3 996822
3 975888
3 1039536
3 1003311
3 971694
3 992142
3 985545
3 1009971
3 1014579
3 1002645
3 1045665
3 1013643
3 1002942
3 925749
3 1022004
3 964467
3 1008954
3 986580
3 961038
3 999783
3 994869
3 992079
3 1018827
3 986490
3 940572
3 954423
3 984240
3 1007577
3 1010502
3 1020708
3 977013
3 932427
3 1023246
3 982683
3 980055
3 976032
3 972171
3 1016523
3 985419
3 920232
3 996273
3 972333
3 992115
3 1020483
3 978813
3 1035666
3 933066
3 1018224
3 1033380
3 965736
3 988182
3 927243
3 934245
3 973413
3 1009386
3 971460
3 989901
3 974340
3 985581
3 1031652
3 1022868
3 940770
3 995274
3 945594
3 992952
3 1028979
3 1007865
3 960372
3 972702
3 941337
3 1006173
3 959787
3 953442
3 974376
3 970776
3 997560
3 991638
3 993159
3 998631
3 1027107
3 1015254
3 952497
3 1025514
3 1025739
3 1010709
3 984132
3 1018854
3 951138
3 1009692
3 1036791
3 979119
3 1037799
3 987048
3 1054935
3 985257
3 1028628
3 967050
3 1004112
3 1029654
3 990774
3 1000197
3 998865
3 987732
3 1012977
3 983772
3 1023156
3 984861
3 1014651
3 1041255
3 1019178
3 992853
3 981351
3 993816
3 1002690
3 1005588
3 976221
3 927729
3 997020
3 1034757
3 1028970
3 933696
3 992160
3 1007388
3 962073
3 988560
3 976500
3 959238
3 977436
3 968193
3 990495
3 996444
3 985059
3 1002825
3 933957
3 982809
3 1021329
3 971541
3 920790
3 1012824
3 1031391
3 1066275
3 987273
3 1049949
3 994482
3 1004301
3 997974
3 1008522
3 975060
3 1014858
3 1022121
3 1017747
3 1009539
3 1039671
3 972540
3 992628
3 1008117
3 1033272
3 999351
3 986274
3 926640
3 954648
3 1045269
3 957753
3 977715
3 961218
3 968949
3 994374
3 973287
3 985401
3 930807
3 936009
3 1001079
3 1004526
3 1027341
3 1027440
3 998073
3 980658
3 981045
3 1009521
3 963333
3 1001520
3 899964
3 909360
3 994068
3 973512
3 998424
3 994185
3 998964
3 992043
3 917127
3 996606
3 1029249
3 942228
3 1011888
3 998388
3 986454
3 1022940
3 1007595
3 1030203
3 999720
3 952506
3 953073
3 994527
3 1012068
3 1022427
3 954918
3 912726
3 1027683
3 941895
3 984600
3 1021410
3 991809
3 986742
3 1029429
3 969291
3 973926
3 984708
3 1029978
3 979704
3 1022481
3 1019835
3 949536
3 945666
3 1005525
3 991845
3 1022346
3 973035
3 1006488
3 1013175
3 968913
3 870120
3 972927
3 1021779
3 961137
3 984834
3 1007082
3 971505
3 1018485
3 992268
3 955656
3 974916
3 946674
3 987012
3 958455
3 969966
3 1013886
3 980874
3 1000602
3 993780
3 1000818
3 995085
3 1012905
3 961767
3 966915
3 1006452
3 1020483
3 987075
3 937998
3 982161
3 999936
3 957645
3 967761
3 981252
3 998766
3 981468
3 1000341
3 1037376
3 962370
3 976014
3 961695
3 990738
3 937665
3 931104
3 1021707
3 984078
3 999297
3 1004265
3 1011078
3 910476
3 1002726
3 966618
3 997632
3 991044
3 977679
3 995364
3 1009242
3 921438
3 1008630
3 979380
3 965673
3 945099
3 943893
3 1011078
3 952236
3 1000449
3 902898
3 1029204
3 992439
3 989775
3 1010925
3 1023804
3 1034388
3 933444
3 989109
3 871416
3 996030
3 986814
3 936729
3 990162
3 936063
3 1012014
3 1026873
3 992160
3 976221
3 969858
3 1033740
3 1007775
3 1013454
3 873756
3 974187
3 967311
3 1003725
3 1039005
3 983556
3 972423
3 1021428
3 992592
3 989028
3 995616
3 972450
3 1011546
3 979578
3 999855
3 978282
3 965709
3 988101
3 991350
3 975996
3 997875
3 923742
3 975177
3 999432
3 955566
3 999864
3 981954
3 991233
3 896535
3 1027962
3 1032822
3 992160
3 973611
3 982485
3 960543
3 972333
3 993546
3 1005732
3 896499
3 1022445
3 981639
3 904833
3 1025964
3 1025550
3 1006101
3 1002375
3 934209
3 994815
3 1027449
3 940320
3 1005921
3 952119
3 1010682
3 948888
3 915435
3 939114
3 987327
3 1041633
3 981315
3 1008810
3 988506
3 1035027
3 1012068
3 1006047
3 921222
3 975924
3 997245
3 995796
3 954810
3 961884
3 1023300
3 959472
3 954279
3 1021113
3 998280
3 1006560
3 939789
3 992412
3 956421
3 906633
3 991944
3 993249
3 1009620
3 954666
3 987768
3 973935
3 990558
3 962838
3 1024776
3 960732
3 979965
3 1029141
3 1027557
3 1024038
3 997632
3 1008522
3 972144
3 1023237
3 1048104
3 995589
3 962667
3 981090
3 1037070
3 982422
3 955719
3 1054944
3 1005156
3 1029294
3 998577
3 962973
3 1008126
3 976941
3 1032444
3 968103
3 1072962
3 1017684
3 988857
3 1022526
3 1011420
3 974655
3 978228
3 997560
3 1016604
3 988857
3 937971
3 1019799
3 979155
3 958140
3 1001790
3 1019268
3 939096
3 994617
3 1046781
3 1006641
3 1006074
3 916398
3 1011492
3 1026936
3 974403
3 987210
3 1025424
3 945900
3 985923
3 992565
3 965529
3 991845
3 987435
3 910269
3 1005390
3 937791
3 979920
3 1013184
3 970074
3 993465
3 1010646
3 999180
3 982953
3 978552
3 958662
3 897372
3 916974
3 1024911
3 981495
3 1001520
3 977571
3 999711
3 993168
3 971208
3 983763
3 979209
3 941949
3 974340
3 1009683
3 1008189
3 995814
3 997281
3 944559
3 1007892
3 979002
3 1027314
3 984699
3 1001763
3 1008351
3 982845
3 948861
3 945846
3 1037727
3 993411
3 1013643
3 981405
3 989721
3 1013679
3 982422
3 933273
3 1046466
3 978678
3 992934
3 973440
3 1004832
3 949095
3 1023804
3 1054467
3 1010430
3 960021
3 925929
3 965007
3 979740
3 973314
3 902088
3 996300
3 979479
3 1012527
3 928206
3 1001889
3 956304
3 983079
3 934227
3 952965
3 999792
3 978165
3 1011816
3 974313
3 939411
3 948789
3 1018746
3 951948
3 1017378
3 992205
3 944604
3 1032885
3 1011150
3 1031382
3 948357
3 944352
3 930249
3 971559
3 992106
3 953163
3 1013445
3 996660
3 941247
3 1022211
3 993528
3 1016928
3 1024587
3 1006659
3 990783
3 1020114
3 955233
3 982062
3 959589
3 1016577
3 1016145
3 931599
3 961443
3 984690
3 1016271
3 953568
3 954657
3 979929
3 881631
3 947736
3 960912
3 1022310
3 966384
3 1023228
3 966753
3 940923
3 932967
3 940932
3 946719
3 994959
3 940482
3 970281
3 966879
3 964953
3 936153
3 1007082
3 927783
3 1000431
3 990018
3 945279
3 1005516
3 979398
3 993663
3 999927
3 982791
3 954063
3 1049895
3 1008981
3 985356
3 1023885
3 1008657
3 991422
3 1018287
3 973170
3 1012707
3 988065
3 1012446
3 965313
3 998559
3 965664
3 967473
3 988362
3 1018458
3 992934
3 1005129
3 998721
3 1020996
3 1023921
3 983466
3 970056
3 1032147
3 973134
3 1016928
3 970974
3 1010196
3 984744
3 973998
3 978885
3 953676
3 992061
3 990153
3 1002006
3 1003599
3 1019313
3 983610
3 925560
3 1018530
3 964368
3 971919
3 1021248
3 981522
3 1006209
3 966861
3 1015236
3 955620
3 993951
3 986022
3 978336
3 932139
3 978966
3 1004535
3 985293
3 1042911
3 1019997
3 981981
3 1008783
3 1009440
3 993807
3 1023075
3 995373
3 979281
3 987147
3 970488
3 1001907
3 1000962
3 966843
3 961623
3 953613
3 1007640
3 1002285
3 952812
3 958923
3 1038096
3 973476
3 982755
3 1006488
3 1014309
3 999693
3 990153
3 1004886
3 927279
3 992187
3 1029015
3 952659
3 970749
3 980865
3 999900
3 943974
3 915894
3 943785
3 943110
3 993942
3 983475
3 927810
3 1036602
3 962712
3 990171
3 955980
3 933120
3 977409
3 990423
3 1006227
3 961803
3 922455
3 1050021
3 1012230
3 985842
3 1001799
3 987444
3 974412
3 1013148
3 1038735
3 934713
3 1002240
3 990495
3 991710
3 995760
3 919260
3 1032687
3 1024371
3 982404
3 1005471
3 992007
3 979992
3 988407
3 1037493
3 1000881
3 1014147
3 984348
3 980802
3 977436
3 1011141
3 976176
3 1010385
3 983700
3 1001394
3 921249
3 988074
3 989649
3 941886
3 977625
3 1013733
3 996309
3 991530
3 975519
3 1010340
3 995553
3 982170
3 928080
3 1014750
3 996309
3 984159
3 946512
3 977850
3 960813
3 965880
3 1009521
3 998559
3 954441
3 900135
3 993006
3 1004625
3 1008702
3 966780
3 990135
3 1007334
3 973665
3 1008558
3 969246
3 973863
3 992232
3 883080
3 983007
3 979722
3 973377
3 933471
3 1034622
3 981486
3 965709
3 1002861
3 975321
3 1014273
3 1020042
3 957618
3 972747
3 962613
3 996363
3 946242
3 991980
3 1009161
3 945846
3 946233
3 914499
3 977184
3 976032
3 967437
3 985068
3 989613
3 1041327
3 1010691
3 963378
3 1001826
3 1017126
3 960813
3 980982
3 989919
3 973476
3 985473
3 1002609
3 971424
3 960696
3 968994
3 1029357
3 1016676
3 1011537
3 942192
3 976869
3 977886
3 961416
3 1009953
3 980460
3 978237
3 1003806
3 1003671
3 974340
3 963765
3 1028052
3 1008342
3 1012995
3 1000827
3 1001925
3 970875
3 931698
3 943839
3 951768
3 939708
3 1038645
3 909882
3 925110
3 998505
3 941985
3 976491
3 978714
3 1003590
3 960246
3 1013787
3 926847
3 962073
3 972765
3 917766
3 906480
3 891279
3 989280
3 1035234
3 990450
3 999270
3 1029636
3 970596
3 945063
3 937908
3 929601
3 996993
3 963261
3 957861
3 997614
3 983835
3 998631
3 999333
3 961146
3 981063
3 974142
3 979353
3 954486
3 954270
3 970110
3 1021257
3 932688
3 953379
3 978048
3 983700
3 917424
3 940095
3 931950
3 932544
3 925533
3 980136
3 959229
3 972432
3 949716
3 972882
3 989460
3 977544
3 986382
3 968472
3 1005714
3 1000017
3 960831
3 1010862
3 987597
3 985824
3 985347
3 1027710
3 994104
3 1020159
3 935181
3 965592
3 975681
3 1009908
3 1001142
3 1029132
3 989613
3 1012914
3 1000917
3 944478
3 931779
3 965943
3 946989
3 999468
3 988803
3 965367
3 985212
3 1009584
3 975870
3 984087
3 985104
3 999171
3 977013
3 1050921
3 1042380
3 997020
3 949572
3 981270
3 920430
3 972162
3 1007010
3 1039320
3 1000521
3 1012698
3 920952
3 973080
3 1029924
3 984276
3 1019916
3 1015857
3 957258
3 972477
3 1000980
3 994572
3 1012059
3 995013
3 1009215
3 988137
3 1024380
3 947943
3 941499
3 940644
3 947799
3 980064
3 941823
3 934884
3 977265
3 1014858
3 956574
3 985707
3 950193
3 1022580
3 996372
3 1038015
3 1002348
3 1057527
3 1021131
3 869202
3 974763
3 965574
3 993564
3 1021806
3 997182
3 991638
3 971640
3 997227
3 963378
3 996498
3 924291
3 1024209
3 980991
3 1016487
3 1001817
3 1003887
3 982998
3 943767
3 1002609
3 955890
3 971973
3 972423
3 996975
3 953847
3 1006875
3 1024767
3 972099
3 957195
3 961623
3 965961
3 940518
3 969336
3 1019277
3 981549
3 971055
3 1030482
3 1001448
3 1006866
3 1000395
3 1027593
3 990783
3 1019934
3 1002186
3 954243
3 972288
3 1032138
3 994005
3 1014012
3 1017873
3 1017369
3 940761
3 1016667
3 960426
3 998739
3 1041786
3 989280
3 983772
3 969012
3 1017945
3 991368
3 996876
3 1000314
3 1002519
3 1017477
3 1001646
3 987930
3 967959
3 963882
3 1001394
3 1043928
3 985824
3 957609
3 998037
3 991080
3 933345
3 982521
3 976662
3 1007847
3 989010
3 995292
3 992691
3 974223
3 998523
3 996228
3 972684
3 992493
3 904680
3 1010421
3 967806
3 1016478
3 980928
3 1013949
3 977967
3 972594
3 897678
3 930321
3 899424
3 1008459
3 1002843
3 915021
3 979758
3 986562
3 1039644
3 1020357
3 981153
3 1027854
3 940320
3 1007118
3 1001394
3 1030941
3 986742
3 984501
3 969291
3 1007955
3 984879
3 933408
3 950733
3 988263
3 1029321
3 1000827
3 1023606
3 1001565
3 965808
3 990720
3 1014525
3 993573
3 963315
3 1003959
3 989136
3 959184
3 955512
3 845010
3 1034136
3 1013301
3 980019
3 986499
3 999180
3 961902
3 1010772
3 1029978
3 960867
3 943515
3 1018890
3 972576
3 1012473
3 958095
3 970164
3 1024812
3 964845
3 990144
3 1009773
3 942615
3 1005507
3 994878
3 1013364
3 983115
3 944388
3 961920
3 954018
3 1007325
3 911025
3 987966
3 960615
3 913662
3 1022985
3 1015569
3 1019880
3 918090
3 1008279
3 970875
3 948663
3 1003338
3 980811
3 1012302
3 981468
3 999081
3 926064
3 961677
3 983043
3 954792
3 1015389
3 977004
3 1015596
3 999612
3 1026333
3 1026594
3 1045395
3 931824
3 1029096
3 973197
3 991764
3 1004058
3 992034
3 985284
3 999738
3 1014048
3 978192
3 1001187
3 1005003
3 984906
3 956583
3 982953
3 990423
3 933390
3 980028
3 981513
3 989649
3 1040184
3 941553
3 1025496
3 1009755
3 1002537
3 1029051
3 1037331
3 958599
3 988488
3 1009260
3 949311
3 1050822
3 1010385
3 1005876
3 1015974
3 988857
3 942282
3 992223
3 1002267
3 998865
3 980154
3 986625
3 992637
3 997461
3 1006074
3 951624
3 935523
3 982980
3 1007064
3 985545
3 990216
3 1005327
3 1022697
3 1032624
3 946341
3 998325
3 1009404
3 1022022
3 991701
3 989145
3 992232
3 1054566
3 1020276
3 977949
3 997695
3 1019556
3 991503
3 938007
3 975861
3 1001286
3 1005858
3 1002087
3 1000629
3 1004850
3 923904
3 998199
3 1005120
3 981819
3 998136
3 974610
3 1007181
3 1030032
3 1009782
3 1012383
3 1005039
3 1005453
3 903105
3 949986
3 981396
3 978984
3 960777
3 990648
3 958320
3 988281
3 958869
3 994455
3 1004076
3 975897
3 986787
3 911358
3 982971
3 1039005
3 984762
3 1032813
3 953496
3 862191
3 1010997
3 916470
3 1000080
3 1014705
3 1018890
3 998307
3 941283
3 991683
3 1011843
3 1013346
3 976968
3 1004931
3 1000701
3 979713
3 971550
3 958248
3 1015029
3 971082
3 1013976
3 986994
3 979515
3 987534
3 978246
3 967887
3 975393
3 999819
3 1012293
3 990351
3 986976
3 1008990
3 992835
3 945099
3 954387
3 915192
3 1007433
3 995526
3 1033875
3 963801
3 1006506
3 932931
3 1012662
3 1007685
3 997479
3 1021905
3 976185
3 973080
3 1028151
3 976869
3 1031274
3 1021860
3 971487
3 1037277
3 998631
3 955737
3 943308
3 980154
3 965556
3 989613
3 1011159
3 962991
3 1020276
3 1021194
3 959121
3 1038168
3 984735
3 1039473
3 970956
3 995499
3 1019898
3 994113
3 973152
3 991872
3 983115
3 942651
3 933273
3 1010844
3 991728
3 971811
3 957942
3 1020996
3 960687
3 995553
3 965277
3 971127
3 999747
3 960435
3 1004121
3 1017783
3 964584
3 989433
3 990729
3 961740
3 984996
3 998244
3 971748
3 936603
3 962262
3 1053540
3 1008180
3 990738
3 893223
3 1020996
3 995328
3 1008270
3 1028961
3 987678
3 988056
3 1041858
3 992763
3 1013526
3 939366
3 960228
3 977184
3 994572
3 984294
3 984177
3 1000170
3 1027845
3 985320
3 934110
3 977211
3 1002051
3 1022544
3 962199
3 1000179
3 1002978
3 1034271
3 977427
3 963630
3 1029186
3 1003905
3 926667
3 1024902
3 973962
3 1007604
3 1000440
3 902745
3 999126
3 997974
3 1021068
3 1013400
3 930024
3 993771
3 985275
3 967041
3 1020654
3 975690
3 1053135
3 1011609
3 915867
3 1000377
3 988479
3 976761
3 969741
3 997119
3 919638
3 979875
3 1016190
3 1008288
3 1023030
3 931464
3 978435
3 1018971
3 1013562
3 999729
3 945225
3 928377
3 990792
3 1006380
3 1010502
3 952641
3 1040967
3 1031337
3 988497
3 1001826
3 985752
3 938772
3 984771
3 959895
3 993483
3 1015992
3 964422
3 993690
3 958536
3 983916
3 1006254
3 964521
3 910098
3 1039851
3 981009
3 1025685
3 993762
3 981270
3 1004175
3 980739
3 1015407
3 1018260
3 991053
3 981108
3 997290
3 946944
3 1001466
3 948825
3 968256
3 1008720
3 959391
3 988560
3 1014381
3 970119
3 993708
3 955899
3 944082
3 986904
3 1030869
3 978336
3 983232
3 971334
3 988200
3 937800
3 983079
3 975321
3 956439
3 985302
3 1003005
3 983241
3 995058
3 984564
3 1008423
3 967356
3 988425
3 992088
3 1010511
3 997002
3 976329
3 1009071
3 998064
3 986994
3 984798
3 1016280
3 1003824
3 981009
3 943245
3 1042596
3 969975
3 1019493
3 1013769
3 954297
3 978795
3 938223
3 972288
3 961371
3 922923
3 913428
3 1027152
3 1001376
3 1007712
3 975006
3 1005669
3 938871
3 1002042
3 951534
3 1034559
3 996192
3 993303
3 961461
3 946350
3 1005192
3 970290
3 978768
3 998604
3 1010592
3 987588
3 946548
3 1001718
3 946251
3 1030878
3 972054
3 988074
3 1016361
3 1011987
3 963009
3 1001268
3 1002033
3 991503
3 981945
3 968193
3 1011267
3 950121
3 1007730
3 985833
3 897786
3 947133
3 936549
3 978993
3 999351
3 1042767
3 986751
3 1002555
3 1053306
3 955044
3 992718
3 1012392
3 992673
3 997380
3 1001223
3 961290
3 1003473
3 994833
3 947538
3 908181
3 1011177
3 997515
3 1017549
3 1001583
3 906984
3 1004760
3 1015605
3 954450
3 1050705
3 979848
3 988623
3 977436
3 1008144
3 982611
3 890487
3 1010421
3 955008
3 969318
3 935937
3 975906
3 981288
3 983835
3 1036530
3 967185
3 984654
3 994401
3 1007667
3 1042425
3 1019610
3 926037
3 1021266
3 929907
3 941418
3 978282
3 994392
3 986265
3 981225
3 992196
3 1006443
3 1006920
3 988857
3 1006443
3 989676
3 963603
3 973692
3 1005066
3 975222
3 978507
3 967536
3 1018368
3 977859
3 988749
3 1015812
3 989271
3 954810
3 997065
3 1011132
3 1029168
3 971046
3 911979
3 934389
3 1004967
3 965934
3 985644
3 930024
3 969777
3 1011591
3 956997
3 1006650
3 948924
3 978597
3 1010115
3 1012383
3 1047870
3 1011888
3 1022373
3 959481
3 1013715
3 1001961
3 982998
3 1008729
3 1005615
3 971172
3 1014138
3 1044216
3 1003896
3 960165
3 1011285
3 1042614
3 980712
3 995661
3 999855
3 998064
3 1049247
3 1002303
3 1003581
3 904842
3 983421
3 990990
3 988101
3 948240
3 973395
3 959958
3 985095
3 989091
3 991539
3 996723
3 993492
3 990702
3 998487
3 977049
3 975177
3 1028691
3 982395
3 1042812
3 994347
3 996804
3 910908
3 1025388
3 1019079
3 950382
3 991458
3 1024920
3 1021374
3 1035549
3 977589
3 987255
3 1028646
3 970092
3 1004859
3 999576
3 1019151
3 1011960
3 916281
3 971982
3 919593
3 1004328
3 1008405
3 1031562
3 989190
3 947016
3 1007613
3 991071
3 941841
3 1000278
3 936747
3 935361
3 978624
3 862389
3 1007073
3 996039
3 993195
3 1023093
3 962127
3 910314
3 994671
3 1000017
3 982989
3 1006308
3 940446
3 976248
3 996183
3 956493
3 977778
3 990423
3 1008720
3 971856
3 1000251
3 973179
3 920205
3 1001556
3 962127
3 998046
3 983961
3 970695
3 997758
3 1000980
3 945216
3 990432
3 995130
3 1014228
3 1000305
3 987471
3 979470
3 989118
3 965565
3 1033875
3 992871
3 947898
3 995382
3 989136
3 1006245
3 1000539
3 973998
3 1001916
3 1044711
3 1007001
3 962325
3 900477
3 990783
3 994743
3 970938
3 987903
3 940725
3 898605
3 985104
3 991989
3 976077
3 981135
3 1008153
3 943965
3 977751
3 990873
3 948915
3 961920
3 995427
3 948132
3 967716
3 951354
3 999549
3 984771
3 983979
3 997029
3 1039194
3 1029681
3 984600
3 971640
3 975915
3 1015785
3 1017360
3 1020933
3 1016694
3 875358
3 990639
3 940419
3 1024875
3 984870
3 980586
3 948771
3 949491
3 1006677
3 995661
3 952317
3 980703
3 1018062
3 947970
3 1020636
3 940734
3 916290
3 998199
3 905670
3 922977
3 999243
3 934812
3 1001124
3 998928
3 969903
3 996057
3 996291
3 962802
3 935406
3 1040454
3 938232
3 922824
3 974538
3 989181
3 1063944
3 993807
3 1022715
3 1006938
3 1020276
3 970254
3 1017459
3 1013445
3 968976
3 947493
3 989496
3 942363
3 1017495
3 988641
3 907776
3 901746
3 981972
3 943974
3 1034082
3 982980
3 977130
3 1009242
3 995220
3 1016136
3 973512
3 982935
3 996201
3 965934
3 990702
3 933417
3 950787
3 1016064
3 990837
3 992934
3 973827
3 1015335
3 969399
3 1003680
3 956871
3 1004967
3 1015866
3 971829
3 973566
3 951948
3 976680
3 937053
3 994113
3 947934
3 996957
3 998127
3 970344
3 1013265
3 982377
3 986310
3 975834
3 986175
3 976203
3 973719
3 980397
3 1001538
3 1009107
3 983889
3 1002087
3 907506
3 1000962
3 1021203
3 987597
3 1008729
3 1000161
3 945468
3 994860
3 1008828
3 1008585
3 1024461
3 996759
3 923886
3 979650
3 936387
3 967896
3 976428
3 1010277
3 1035621
3 973098
3 1020582
3 988083
3 989478
3 939942
3 924894
3 1022895
3 1003428
3 1003716
3 997929
3 997641
3 985122
3 999963
3 994176
3 1001241
3 1032300
3 1017513
3 929493
3 1007307
3 998586
3 1009404
3 975789
3 967455
3 1005075
3 921177
3 999297
3 1009647
3 993411
3 982008
3 976023
3 961443
3 962586
3 981045
3 991539
3 889605
3 1016406
3 971478
3 971982
3 999729
3 982773
3 956727
3 968175
3 982809
3 1023318
3 1025505
3 1005237
3 988182
3 953478
3 989046
3 986832
3 996957
3 1025406
3 926523
3 1002276
3 1006542
3 953829
3 1005012
3 950562
3 983565
3 995004
3 1000665
3 1025001
3 940356
3 1016991
3 1024596
3 975789
3 987237
3 1014633
3 1003311
3 994626
3 941292
3 982980
3 962298
3 1002519
3 1016757
3 996075
3 963351
3 943164
3 1004067
3 985347
3 1039482
3 1002969
3 926757
3 990036
3 997713
3 982512
3 989964
3 985239
3 988290
3 979020
3 1012095
3 1009881
3 983592
3 1000611
3 1007631
3 1015587
3 983781
3 992232
3 969957
3 967923
3 988434
3 993276
3 974043
3 965556
3 1041849
3 991656
3 1003977
3 894438
3 1022004
3 974223
3 1022400
3 957429
3 975798
3 991764
3 1000998
3 951471
3 906804
3 962550
3 1017585
3 1014471
3 1002222
3 985932
3 1001124
3 976167
3 1013850
3 1001169
3 984906
3 964125
3 1016100
3 995013
3 971271
3 977004
3 988749
3 998469
3 977076
3 995094
3 981576
3 982098
3 981351
3 954144
3 938376
3 922545
3 974934
3 941040
3 1048653
3 1032102
3 996255
3 976905
3 1013130
3 973782
3 1010637
3 996354
3 1003257
3 993663
3 1003842
3 991701
3 1013562
3 863973
3 1010565
3 980064
3 984105
3 1001889
3 1018611
3 981540
3 1011276
3 1057077
3 999675
3 988605
3 1000674
3 981378
3 1001970
3 945909
3 914031
3 997623
3 985509
3 1021446
3 1023291
3 990288
3 983448
3 984699
3 965268
3 1017297
3 1029843
3 948762
3 998757
3 1008252
3 1016775
3 983511
3 1000899
3 976104
3 984726
3 1015182
3 1000566
3 1005174
3 983052
3 1002357
3 1001439
3 1040616
3 1047438
3 954729
3 1012419
3 1004661
3 1031805
3 978894
3 982575
3 1012104
3 1009656
3 943146
3 993159
3 985248
3 1013148
3 1015119
3 994077
3 1033209
3 981054
3 974205
3 981954
3 942192
3 971847
3 1020411
3 1048878
3 991764
3 995130
3 1011654
3 932679
3 951021
3 996687
3 1056681
3 1020024
3 983736
3 961812
3 1004427
3 966357
3 1006767
3 995940
3 995175
3 1029501
3 994194
3 1006641
3 997083
3 970245
3 997281
3 946017
3 1027467
3 1011528
3 995157
3 1028979
3 998361
3 945027
3 991251
3 983421
3 971343
3 988587
3 985689
3 976851
3 969210
3 911493
3 1010241
3 1009494
3 1012365
3 1055997
3 980235
3 1008270
3 1021023
3 1007595
3 1009800
3 1017279
3 997947
3 1018170
3 978966
3 980883
3 1018350
3 993843
3 982449
3 963072
3 1002537
3 1004418
3 968544
3 966438
3 991881
3 986688
3 1017801
3 960021
3 979524
3 961200
3 982125
3 971010
3 1026540
3 1005930
3 973494
3 999324
3 963846
3 1030500
3 986319
3 981621
3 1019160
3 930483
3 1017927
3 974421
3 1007658
3 959958
3 962784
3 1008900
3 984681
3 1007154
3 977958
3 978921
3 1019160
3 1012527
3 999036
3 1003698
3 1009323
3 957492
3 994050
3 1033749
3 981639
3 933309
3 995022
3 985203
3 975438
3 973800
3 996651
3 1026990
3 976572
3 975933
3 1037664
3 962739
3 1006803
3 1019835
3 998001
3 968337
3 1042929
3 995886
3 982188
3 1013679
3 1012086
3 1010592
3 1011537
3 1046628
3 1011969
3 977706
3 926091
3 994878
3 968256
3 972441
3 965079
3 1005408
3 980622
3 992025
3 987912
3 1033803
3 997056
3 990369
3 972909
3 1033119
3 1021689
3 997425
3 995031
3 1013220
3 985311
3 989631
3 1015722
3 987462
3 950886
3 989118
3 982944
3 963711
3 978903
3 1010664
3 1026450
3 997533
3 1008252
3 990675
3 1057905
3 964944
3 1002546
3 979533
3 999342
3 993609
3 970596
3 998919
3 972675
3 971919
3 958860
3 931671
3 1011861
3 914346
3 1035594
3 1059066
3 869733
3 973602
3 1017666
3 1066113
3 976194
3 1019997
3 941238
3 1030671
3 968976
3 972585
3 998487
3 1000467
3 948258
3 996237
3 1043955
3 975483
3 937719
3 1029978
3 984726
3 1016442
3 1014390
3 951471
3 956430
3 1002240
3 987408
3 886698
3 987363
3 993834
3 1006533
3 1025064
3 1032426
3 991260
3 931887
3 941067
3 1012644
3 1003806
3 969327
3 1024245
3 983709
3 975879
3 941400
3 997434
3 1003248
3 990216
3 980343
3 997245
3 922023
3 991377
3 952704
3 1002519
3 972414
3 1000395
3 1007505
3 977769
3 968796
3 998631
3 995787
3 978435
3 1001331
3 999225
3 918432
3 985356
3 983835
3 1005498
3 968220
3 936414
3 1003257
3 967338
3 961965
3 964089
3 990972
3 966366
3 1002924
3 1009368
3 975645
3 1025163
3 918567
3 988812
3 1002402
3 974511
3 961677
3 968571
3 1008558
3 979812
3 917514
3 1026945
3 988686
3 995238
3 963495
3 970722
3 991827
3 928404
3 969777
3 1042803
3 930888
3 932058
3 1011906
3 931095
3 972090
3 965808
3 1020051
3 916569
3 999684
3 972918
3 988470
3 955809
3 986004
3 1009980
3 1014309
3 1004229
3 992763
3 965718
3 929178
3 1003797
3 1013616
3 996795
3 960885
3 1010916
3 1025118
3 878382
3 1019655
3 993636
3 989289
3 954324
3 910611
3 982008
3 974322
3 1011033
3 953145
3 981504
3 1006668
3 1033029
3 988083
3 1012374
3 1002771
3 992709
3 997911
3 1030338
3 1037403
3 996678
3 984195
3 978561
3 968886
3 983277
3 969111
3 1025586
3 973530
3 942507
3 973188
3 936351
3 1047681
3 1034874
3 1007019
3 961290
3 1007793
3 999711
3 937467
3 989559
3 1012734
3 1008576
3 977706
3 996282
3 975942
3 1005867
3 999171
3 1002024
3 946386
3 980685
3 935055
3 885204
3 995931
3 1000377
3 969858
3 1056708
3 1032093
3 1001727
3 969066
3 983997
3 964530
3 992610
3 1004976
3 925146
3 970398
3 1034091
3 968490
3 990684
3 1003347
3 997965
3 1007415
3 1032714
3 991800
3 975051
3 995148
3 959436
3 1009017
3 993447
3 1025937
3 995769
3 1017216
3 958716
3 940464
3 1029789
3 981765
3 996327
3 995517
3 1004031
3 947349
3 1012743
3 993618
3 998568
3 977085
3 990117
3 984942
3 1002942
3 968526
3 963279
3 992736
3 1028322
3 943362
3 1021050
3 1016190
3 982521
3 975069
3 1012689
3 970830
3 1016361
3 945873
3 1004715
3 968445
3 979848
3 1015884
3 1003797
3 1010124
3 973287
3 991494
3 1049589
3 1027332
3 1045764
3 984942
3 1004850
3 972819
3 997470
3 1004535
3 1000440
3 1029141
3 983799
3 1009899
3 888057
3 982143
3 974592
3 1037817
3 1021833
3 951615
3 1008171
3 1014264
3 951525
3 986373
3 949005
3 1009305
3 1058130
3 939375
3 1051605
3 868482
3 1009494
3 996588
3 1010556
3 982377
3 996579
3 1002429
3 995688
3 1020060
3 1038492
3 909396
3 993591
3 995778
3 1030284
3 998532
3 973251
3 1012986
3 938925
3 966393
3 1013670
3 1019547
3 959535
3 930942
3 999396
3 991053
3 1003590
3 1016145
3 950121
3 959211
3 982836
3 950688
3 986805
3 923004
3 943272
3 1006227
3 1033416
3 958743
3 953622
3 1031328
3 952956
3 975312
3 1046700
3 971055
3 1016739
3 978237
3 1025802
3 1005165
3 1002303
3 1003851
3 976140
3 1003356
3 970101
3 978309
3 1005084
3 990054
3 912618
3 980982
3 963189
3 984231
3 962253
3 990063
3 1036521
3 1024119
3 1005318
3 956205
3 998154
3 939816
3 1024398
3 982431
3 964116
3 996777
3 979812
3 858042
3 1026090
3 972657
3 987930
3 967932
3 1016892
3 971577
3 1024641
3 993231
3 975474
3 999639
3 953676
3 976401
3 1015875
3 1013391
3 1037475
3 990873
3 978012
3 960210
3 1074861
3 990783
3 1016856
3 961641
3 991287
3 993654
3 997416
3 998766
3 984483
3 979641
3 1011591
3 1002807
3 1010250
3 1002366
3 1018692
3 1000467
3 932337
3 998325
3 1049778
3 944028
3 999621
3 980874
3 992484
3 995112
3 1002573
3 984330
3 1002906
3 968301
3 1002051
3 990450
3 994401
3 965961
3 969039
3 999855
3 1014723
3 958194
3 1006155
3 995661
3 964773
3 1032669
3 1018737
3 948321
3 1006416
3 989460
3 1001367
3 1030779
3 1025316
3 1015335
3 1000206
3 995148
3 965502
3 982152
3 969750
3 951246
3 979821
3 937485
3 992430
3 1003410
3 1043370
3 1003518
3 1004031
3 1022445
3 958599
3 971118
3 948024
3 985536
3 1012005
3 981837
3 983340
3 998316
3 970002
3 1006452
3 1023444
3 1052352
3 944001
3 1000251
3 941184
3 1008558
3 1020501
3 1000899
3 962505
3 977778
3 967734
3 966096
3 1005804
3 960210
3 980442
3 974943
3 971010
3 1000134
3 987615
3 993015
3 1003311
3 1032390
3 976257
3 1024515
3 1009737
3 964602
3 941553
3 1011870
3 992529
3 977463
3 1027512
3 975438
3 974970
3 965313
3 1027089
3 1030248
3 1054557
3 1021680
3 941958
3 1026585
3 984123
3 1020483
3 960831
3 980802
3 985437
3 979785
3 991233
3 1007082
3 992088
3 978984
3 986013
3 1022013
3 973395
3 983961
3 961524
3 995157
3 939168
3 999288
3 940158
3 1010439
3 1034001
3 959616
3 987759
3 1006353
3 978606
3 1020537
3 1047069
3 999459
3 974997
3 965655
3 1033488
3 1012419
3 1001601
3 971478
3 1000071
3 966438
3 984240
3 1018107
3 963594
3 1000899
3 993780
3 1010160
3 997866
3 913221
3 984699
3 990576
3 1052244
3 993294
3 976626
3 971721
3 1006389
3 1053342
3 1019619
3 1053774
3 1000053
3 1023777
3 1007145
3 978534
3 1023579
3 992745
3 1005912
3 973017
3 883692
3 982944
3 1009890
3 938007
3 950859
3 948969
3 1015209
3 1037511
3 984024
3 1011798
3 960129
3 955629
3 934524
3 1009701
3 979047
3 1018350
3 1075347
3 993708
3 1009125
3 986463
3 1066374
3 923211
3 1042029
3 978039
3 993852
3 978678
3 986481
3 997038
3 938637
3 990882
3 987057
3 1007856
3 964125
3 995688
3 986706
3 968202
3 1000989
3 963009
3 984060
3 1003077
3 984249
3 1004310
3 1022049
3 973647
3 981630
3 949932
3 923931
3 1034307
3 944694
3 1024758
3 1015839
3 969768
3 986058
3 1036134
3 973224
3 969939
3 1004949
3 976599
3 960426
3 991350
3 985608
3 1009890
3 970668
3 952083
3 1030428
3 894069
3 995229
3 944721
3 925578
3 987372
3 950499
3 985527
3 968067
3 996606
3 1014021
3 948051
3 1003095
3 996606
3 982566
3 949689
3 959868
3 980487
3 950373
3 1027746
3 945522
3 900585
3 1011897
3 1036107
3 912303
3 1017837
3 1016370
3 966888
3 970002
3 988785
3 1001907
3 982854
3 986409
3 964341
3 992052
3 964638
3 957897
3 927612
3 997443
3 960300
3 991467
3 971487
3 959976
3 968157
3 931446
3 997974
3 933480
3 1005813
3 1019151
3 965628
3 981576
3 985320
3 1014597
3 950679
3 997875
3 900540
3 1007154
3 1029807
3 900666
3 976617
3 995490
3 1013382
3 976140
3 1019988
3 1015821
3 1035963
3 1012050
3 1007793
3 900036
3 973854
3 1005579
3 1000386
3 1031085
3 1007946
3 985158
3 994473
3 986427
3 987840
3 1009044
3 1025631
3 958500
3 969192
3 1000557
3 965772
3 1011474
3 973026
3 1009629
3 900693
3 981162
3 912456
3 992853
3 972576
3 1004472
3 884484
3 989469
3 946935
3 1007685
3 1041012
3 973989
3 1011843
3 1027206
3 1007856
3 921051
3 997848
3 1039383
3 1020375
3 1004076
3 1016748
3 972180
3 1019034
3 992862
3 994437
3 979902
3 950625
3 1009323
3 1044027
3 964350
3 996849
3 983808
3 980748
3 998775
3 970272
3 994743
3 943029
3 983079
3 961164
3 941436
3 954972
3 986535
3 934506
3 991845
3 1021149
3 989739
3 1026864
3 996498
3 989676
3 905679
3 1054647
3 1016028
3 997722
3 992511
3 988218
3 989622
3 871038
3 1004580
3 962910
3 988776
3 1001394
3 979416
3 957528
3 983016
3 1001439
3 980082
3 1003905
3 1015263
3 976716
3 996381
3 963837
3 956979
3 975060
3 979911
3 983538
3 967122
3 991782
3 1017675
3 1021572
3 1046862
3 1024209
3 1004481
3 983349
3 979812
3 969219
3 980055
3 1011681
3 1020744
3 1031940
3 984969
3 916200
3 921195
3 963774
3 960174
3 1001187
3 999135
3 931950
3 998964
3 984150
3 1013481
3 1001448
3 865692
3 983907
3 1014759
3 909810
3 1011618
3 1004904
3 993726
3 991746
3 1024020
3 964800
3 1008423
3 956952
3 991782
3 1009071
3 984438
3 972846
3 1050759
3 993663
3 992781
3 1023516
3 984807
3 1003608
3 980271
3 985878
3 1027008
3 950715
3 974304
3 987633
3 924687
3 995859
3 1000791
3 936333
3 943668
3 987588
3 1034532
3 1021896
3 998037
3 980865
3 960588
3 1025748
3 971298
3 942318
3 976365
3 982089
3 991719
3 931941
3 949194
3 955980
3 1008090
3 1011870
3 1022481
3 962163
3 963369
3 1017765
3 1049508
3 997407
3 915867
3 986787
3 895122
3 995562
3 979722
3 993258
3 1016559
3 1009224
3 989712
3 978300
3 1012104
3 973413
3 1023741
3 1032498
3 965997
3 997803
3 936063
3 989694
3 1002600
3 1007307
3 948753
3 999189
3 1031013
3 1010484
3 959283
3 990756
3 1010097
3 963936
3 981351
3 988452
3 976104
3 955827
3 1014849
3 1004067
3 972999
3 938403
3 1008153
3 1001934
3 1007712
3 900117
3 980748
3 947250
3 914418
3 1018818
3 993348
3 1009746
3 1008252
3 975447
3 912591
3 966492
3 997128
3 1032498
3 979452
3 988767
3 858888
3 960012
3 1005102
3 978669
3 983880
3 964359
3 1000467
3 999918
3 974412
3 961893
3 990603
3 965520
3 1010727
3 974898
3 951183
3 963171
3 979137
3 1001304
3 983862
3 941400
3 936756
3 982458
3 961830
3 1003104
3 959598
3 966807
3 996507
3 964899
3 994689
3 1006317
3 1014399
3 1030473
3 1005336
3 969957
3 941508
3 1027647
3 974745
3 956034
3 981585
3 1050399
3 964845
3 977688
3 989343
3 873459
3 983052
3 972846
3 1037196
3 962559
3 970272
3 987246
3 1012473
3 1003959
3 1008486
3 969966
3 977427
3 995076
3 1006200
3 1012419
3 981162
3 944316
3 981720
3 974034
3 1015956
3 980964
3 985914
3 1003239
3 932184
3 969444
3 1004247
3 936045
3 953091
3 1035297
3 965808
3 1056924
3 1001259
3 969642
3 929727
3 969237
3 1009539
3 967509
3 947736
3 921222
3 928197
3 1034361
3 960597
3 967950
3 949770
3 997479
3 935847
3 992601
3 984393
3 972540
3 1002852
3 987750
3 1037565
3 985878
3 1023453
3 995508
3 923283
3 973953
3 959760
3 1035234
3 983502
3 970380
3 960966
3 1062054
3 983034
3 1005057
3 975501
3 1042218
3 968643
3 955638
3 991989
3 986310
3 1014039
3 987057
3 941058
3 914220
3 966330
3 1014822
3 971964
3 988101
3 913032
3 942120
3 1011402
3 960255
3 957123
3 987732
3 1031040
3 961038
3 1001862
3 1001421
3 939240
3 1044765
3 1050435
3 1043280
3 1005111
3 881442
3 929943
3 999306
3 1010682
3 958095
3 1014201
3 1008558
3 954540
3 984006
3 965835
3 1004049
3 958806
3 1017108
3 959562
3 981990
3 995517
3 1037745
3 1028448
3 1010646
3 984150
3 993951
3 1004643
3 1002960
3 934830
3 1046493
3 980028
3 1039266
3 952362
3 959391
3 1020060
3 1004841
3 970758
3 995886
3 981333
3 1006569
3 994500
3 966024
3 1004553
3 1021815
3 982116
3 1045935
3 1000305
3 937962
3 1011645
3 984456
3 995292
3 978885
3 1018098
3 962604
3 927981
3 950535
3 973989
3 989640
3 1025694
3 987705
3 1027656
3 991962
3 1017054
3 996993
3 986913
3 1038033
3 975807
3 970155
3 946404
3 946611
3 1002879
3 978273
3 956898
3 992232
3 982080
3 966609
3 1001007
3 984195
3 1001052
3 1002987
3 945126
3 996498
3 965043
3 1005030
3 1000188
3 943101
3 983682
3 999810
3 1002681
3 1029087
3 1002024
3 987840
3 991746
3 1034973
3 937386
3 964143
3 1008009
3 978498
3 1008198
3 1029303
3 1028430
3 1002204
3 895194
3 911538
3 1000350
3 989784
3 1033461
3 1014318
3 1020987
3 1006119
3 940005
3 952011
3 958410
3 972126
3 971370
3 947493
3 1001727
3 1005948
3 1023696
3 987354
3 1012032
3 982530
3 991386
3 1003356
3 966717
3 978255
3 943776
3 1013184
3 1014057
3 974061
3 1008540
3 1037709
3 925875
3 1011276
3 967032
3 973899
3 925335
3 945837
3 954594
3 956133
3 1014993
3 1015389
3 988722
3 971172
3 993645
3 1011033
3 941643
3 990072
3 968085
3 1020897
3 985275
3 1004040
3 977931
3 978453
3 991692
3 949500
3 1042443
3 978372
3 1035243
3 1025685
3 967041
3 967788
3 988299
3 992349
3 1003725
3 1000422
3 983610
3 1006272
3 941805
3 973503
3 956331
3 1012770
3 938448
3 1018170
3 1003176
3 960084
3 910377
3 975654
3 975573
3 984591
3 964647
3 1003626
3 1010610
3 924417
3 1060380
3 977193
3 970758
3 949698
3 1032048
3 969426
3 991053
3 929124
3 967239
3 982701
3 999108
3 1019691
3 987300
3 997668
3 997785
3 1009440
3 980775
3 1014273
3 995625
3 930807
3 922185
3 994806
3 1020807
3 977256
3 987075
3 991260
3 960516
3 1001187
3 1033407
3 1017315
3 1022823
3 940941
3 897147
3 951417
3 1007415
3 995445
3 1019592
3 973548
3 985149
3 995427
3 928314
3 1027692
3 981891
3 1061703
3 986679
3 982665
3 1012419
3 986391
3 994491
3 995436
3 1055925
3 946584
3 985302
3 999684
3 986616
3 894645
3 978831
3 1017702
3 966537
3 1023867
3 1009728
3 978408
3 1019565
3 1009764
3 1032183
3 1006182
3 1053522
3 944649
3 1016793
3 990315
3 999594
3 992772
3 1024452
3 1013886
3 1005498
3 933021
3 972783
3 1009890
3 999009
3 1021599
3 941328
3 964017
3 1014057
3 1021023
3 1002663
3 957861
3 1010133
3 979713
3 1000656
3 1014174
3 1020744
3 876690
3 998334
3 1007604
3 998460
3 990738
3 973035
3 1006875
3 993366
3 984474
3 990828
3 997983
3 1001961
3 1001187
3 996408
3 952947
3 1010439
3 965133
3 995625
3 988344
3 979767
3 960480
3 950427
3 963315
3 961803
3 959184
3 978048
3 1006479
3 1027296
3 1000368
3 899154
3 980712
3 949896
3 1031589
3 1012077
3 999441
3 1022643
3 1007451
3 930330
3 979434
3 995319
3 984870
3 987696
3 948231
3 1025334
3 1028799
3 929079
3 996039
3 973881
3 1012041
3 980406
3 960399
3 949050
3 976761
3 1003932
3 966177
3 1027908
3 1028268
3 1041219
3 983646
3 979695
3 967581
3 1014768
3 978507
3 926532
3 960120
3 985878
3 990909
3 1004040
3 1022157
3 1002492
3 985914
3 988416
3 877041
3 1000008
3 985158
3 989901
3 919161
3 951534
3 995841
3 1046817
3 989982
3 969264
3 997659
3 1014192
3 959814
3 1015911
3 986049
3 1003977
3 975906
3 995004
3 1024326
3 1021590
3 984402
3 1016775
3 1000485
3 972333
3 961110
3 1030788
3 972774
3 987057
3 953631
3 1018980
3 974016
3 945360
3 996534
3 983232
3 977751
3 975465
3 982755
3 991575
3 1004310
3 1014471
3 1028916
3 986895
3 985203
3 980883
3 987561
3 986409
3 975105
3 1011042
3 1014786
3 917361
3 1001403
3 973656
3 971001
3 1003437
3 945891
3 965817
3 952407
3 995175
3 980478
3 991458
3 928386
3 978327
3 984042
3 972684
3 966249
3 963900
3 949950
3 985617
3 1004841
3 982791
3 964854
3 992430
3 973620
3 995130
3 966474
3 923436
3 1017216
3 1017675
3 954261
3 999639
3 989784
3 1055214
3 961614
3 950058
3 969894
3 973269
3 1013418
3 1017927
3 983520
3 969534
3 976995
3 1033317
3 978678
3 971613
3 1015902
3 981189
3 996921
3 987228
3 958923
3 1024119
3 966384
3 1010619
3 1011096
3 1057698
3 1049193
3 1034478
3 920016
3 990540
3 1005957
3 983223
3 1027764
3 977148
3 974448
3 977481
3 906480
3 982827
3 980433
3 1008855
3 994896
3 982332
3 1008711
3 1027827
3 1000818
3 1005615
3 1029420
3 972216
3 1007694
3 1026153
3 985554
3 1030842
3 982692
3 1002528
3 985527
3 971757
3 984222
3 1003131
3 976284
3 1003356
3 993312
3 994032
3 1005237
3 982845
3 966276
3 1003509
3 1029267
3 984654
3 1010025
3 1028466
3 938052
3 1019394
3 1017549
3 944001
3 950805
3 974835
3 1011393
3 1005939
3 957762
3 912033
3 973998
3 1024101
3 1057140
3 1001556
3 970380
3 990837
3 985203
3 1032516
3 1032615
3 983736
3 981783
3 950859
3 1026306
3 1005651
3 1059363
3 963792
3 991035
3 987507
3 955692
3 987606
3 1020807
3 992817
3 956403
3 976212
3 984393
3 1003833
3 977823
3 995175
3 948375
3 974745
3 1000224
3 996327
3 980793
3 976095
3 971658
3 930762
3 971352
3 1004616
3 943281
3 928026
3 968211
3 969930
3 971217
3 963243
3 997758
3 1010475
3 983142
3 1016712
3 999351
3 1031823
3 998415
3 962334
3 962919
3 953676
3 1045476
3 988416
3 1003248
3 963990
3 1005300
3 1008486
3 982098
3 996021
3 984015
3 1012275
3 967068
3 937629
3 988470
3 1010106
3 1033884
3 962892
3 987714
3 1008072
3 977805
3 1002573
3 982998
3 994788
3 1003788
3 991575
3 962559
3 982998
3 997479
3 1021392
3 1003716
3 994995
3 978516
3 1015839
3 994383
3 986175
3 964827
3 990621
3 980334
3 979056
3 980649
3 939033
3 993339
3 967581
3 1011564
3 983871
3 1039527
3 993636
3 1023129
3 991143
3 1018449
3 986274
3 997209
3 995139
3 995706
3 976086
3 963000
3 969219
3 1000773
3 1004859
3 998118
3 969066
3 1038150
3 1000944
3 934182
3 995832
3 1000719
3 990333
3 1016541
3 974268
3 1027071
3 1039959
3 1011798
3 986688
3 986427
3 979884
3 903654
3 973053
3 1000539
3 1007892
3 1024155
3 982773
3 1002582
3 967131
3 1013544
3 977148
3 966492
3 984510
3 1015011
3 1006155
3 1026144
3 949743
3 990918
3 1009413
3 984762
3 970002
3 984699
3 947349
3 980586
3 985014
3 942489
3 976356
3 998469
3 998883
3 1050516
3 967284
3 1009278
3 943758
3 932625
3 1000017
3 939582
3 988605
3 982197
3 928881
3 979785
3 965790
3 981207
3 989874
3 996165
3 1017261
3 921537
3 986337
3 953352
3 994374
3 1008630
3 985950
3 954684
3 1009620
3 999828
3 1009161
3 986724
3 947979
3 956484
3 992664
3 925245
3 1025244
3 949428
3 944487
3 1032336
3 972396
3 955980
3 999873
3 907965
3 967716
3 1004643
3 977733
3 1030023
3 971118
3 985320
3 995310
3 936495
3 1018260
3 1010907
3 1008405
3 961119
3 986463
3 1002951
3 961542
3 998937
3 957636
3 996309
3 1028277
3 951804
3 1015164
3 905103
3 990387
3 974529
3 1002519
3 996687
3 1017279
3 981018
3 1013238
3 973458
3 971172
3 971334
3 945180
3 1014813
3 999423
3 960462
3 946647
3 999567
3 971514
3 984042
3 1009503
3 1004139
3 1013490
3 981036
3 995454
3 1010673
3 1040202
3 994914
3 958158
3 988875
3 979578
3 1000341
3 998460
3 954594
3 989559
3 1045494
3 976032
3 910692
3 994104
3 981315
3 974061
3 1027431
3 1014408
3 974484
3 919629
3 1038330
3 992583
3 965403
3 1032858
3 941787
3 1018179
3 990846
3 986904
3 934767
3 1021329
3 965142
3 996129
3 991143
3 988956
3 978120
3 1010664
3 970317
3 990630
3 934506
3 914499
3 992970
3 940752
3 978876
3 984357
3 982044
3 997407
3 1016397
3 919890
3 1017531
3 1022832
3 1003680
3 981621
3 996390
3 1004931
3 971712
3 988011
3 1002924
3 980883
3 961083
3 1004751
3 991935
3 970650
3 958698
3 954567
3 938196
3 972090
3 1023408
3 1025631
3 1002699
3 1017567
3 944892
3 1000836
3 985410
3 985311
3 1021347
3 946503
3 990378
3 1020897
3 1014822
3 945621
3 989631
3 1036197
3 1004427
3 1006641
3 963891
3 987183
3 1042839
3 998622
3 992493
3 957591
3 923121
3 934065
3 985725
3 1009422
3 1017810
3 960885
3 972639
3 997236
3 977067
3 983205
3 943506
3 996138
3 995256
3 865008
3 995598
3 939906
3 1005273
3 989361
3 974106
3 976437
3 933840
3 924849
3 1008108
3 988875
3 982512
3 983970
3 1013778
3 971847
3 975591
3 975186
3 1002429
3 1006749
3 900279
3 980622
3 1004049
3 992799
3 992556
3 1023912
3 996543
3 976347
3 968481
3 1040832
3 992943
3 922797
3 960102
3 970641
3 960633
3 968796
3 994617
3 990963
3 1029357
3 1011060
3 988200
3 1010691
3 1015218
3 983934
3 995013
3 946503
3 954072
3 1002933
3 992790
3 982323
3 1003842
3 936738
3 983943
3 1021482
3 987570
3 1002492
3 978282
3 1063512
3 946170
3 1016442
3 1004652
3 987561
3 990342
3 1002321
3 876573
3 1020573
3 951795
3 1015677
3 994680
3 1001601
3 993942
3 923355
3 1045377
3 999657
3 1002564
3 979812
3 991431
3 1038798
3 962100
3 994464
3 1014399
3 998433
3 1010646
3 983187
3 996939
3 931986
3 1019079
3 966078
3 957015
3 1010619
3 1006461
3 955935
3 981018
3 1008504
3 972675
3 995598
3 1014102
3 1016793
3 1027197
3 966924
3 984240
3 997362
3 979524
3 997137
3 963270
3 886689
3 1014327
3 1026963
3 952479
3 1045053
3 977994
3 992799
3 996732
3 992133
3 1018512
3 1008297
3 970749
3 989514
3 1016010
3 1034595
3 977877
3 963558
3 935712
3 1050363
3 961497
3 1016406
3 1002195
3 912798
3 968058
3 1018197
3 993951
3 981828
3 942102
3 943353
3 953289
3 951912
3 985527
3 962991
3 941580
3 1030626
3 1036917
3 1033587
3 953865
3 986634
3 946737
3 998721
3 941310
3 1024011
3 1008900
3 968733
3 875907
3 991296
3 1007298
3 1010880
3 947241
3 1010565
3 1000485
3 1005381
3 960975
3 999963
3 931878
3 938898
3 947007
3 997596
3 1002492
3 1019250
3 937854
3 999585
3 961515
3 993834
3 977751
3 970191
3 1016829
3 1003059
3 1033902
3 1007244
3 989721
3 922374
3 989523
3 976464
3 995193
3 1004058
3 1014120
3 976257
3 1010034
3 1055826
3 977076
3 955377
3 992448
3 1032921
3 1021752
3 1015677
3 1002987
3 913887
3 963081
3 991170
3 967338
3 1063728
3 924426
3 928395
3 1024533
3 1009656
3 979524
3 969921
3 997821
3 1012275
3 1003500
3 981342
3 903591
3 974727
3 1020951
3 874566
3 988884
3 969678
3 947862
3 936891
3 911691
3 999162
3 1011843
3 942606
3 1027332
3 967005
3 975024
3 963432
3 981090
3 1004337
3 1018791
3 1015029
3 965313
3 938763
3 955737
3 968715
3 1009188
3 967590
3 965106
3 931941
3 1001889
3 1023183
3 960606
3 1012437
3 943830
3 966456
3 1015686
3 983925
3 967230
3 951660
3 972783
3 1007550
3 988380
3 1015551
3 1008936
3 1015434
3 996678
3 939888
3 974673
3 958815
3 1020006
3 1026954
3 1008927
3 977688
3 1018170
3 987498
3 1000215
3 971802
3 983835
3 1055025
3 982134
3 948537
3 990549
3 1018053
3 1040841
3 1002402
3 953469
3 978129
3 992466
3 943389
3 985257
3 986508
3 902448
3 976905
3 971379
3 930933
3 953334
3 951156
3 970155
3 899685
3 1020978
3 1026036
3 946539
3 991431
3 950580
3 968850
3 982098
3 980181
3 994104
3 1001052
3 992520
3 995220
3 976896
3 967473
3 967545
3 974421
3 986508
3 983340
3 935397
3 1005300
3 990351
3 1001043
3 1016442
3 945252
3 977130
3 988911
3 1005831
3 1010412
3 1001475
3 921060
3 1000638
3 974547
3 965025
3 1017963
3 1027314
3 1014327
3 1020483
3 998964
3 973134
3 939240
3 1000818
3 957492
3 1028025
3 996336
3 1001565
3 1001835
3 985779
3 1031904
3 980100
3 935244
3 989181
3 963936
3 995364
3 1021815
3 979389
3 1007892
3 991629
3 1013436
3 1001466
3 984888
3 1001070
3 984150
3 993852
3 1028142
3 1008072
3 992178
3 1010691
3 996705
3 995247
3 983412
3 1004166
3 956367
3 1002015
3 1004130
3 943776
3 1024020
3 982728
3 996030
3 1000701
3 992826
3 1005993
3 1005255
3 1006218
3 1002051
3 1012392
3 957861
3 970560
3 924381
3 1008522
3 966087
3 984618
3 1025424
3 1022463
3 1022238
3 1042128
3 975573
3 958239
3 972459
3 899964
3 1003320
3 1003437
3 1003140
3 988659
3 1017072
3 931509
3 966933
3 983007
3 931338
3 937467
3 981612
3 963819
3 971109
3 964188
3 950832
3 996669
3 972954
3 977247
3 960642
3 978714
3 1003149
3 985302
3 985662
3 976149
3 987003
3 960075
3 947043
3 981297
3 977607
3 984780
3 990495
3 958176
3 1021950
3 1009818
3 998802
3 968265
3 985590
3 960876
3 1008936
3 982125
3 991179
3 1029168
3 996282
3 988029
3 974376
3 977319
3 956313
3 980433
3 965889
3 986886
3 1035189
3 953478
3 961155
3 979947
3 1005417
3 951408
3 970398
3 990558
3 931554
3 965610
3 967131
3 1025019
3 1010781
3 971766
3 1004013
3 977166
3 961461
3 977976
3 1014516
3 1029141
3 1010691
3 985860
3 1010628
3 1022751
3 966330
3 943767
3 960561
3 988614
3 975024
3 1003806
3 934263
3 968004
3 1038879
3 990333
3 1001403
3 974583
3 976680
3 950751
3 943839
3 1000881
3 970299
3 1000350
3 1015110
3 1012401
3 1044918
3 990837
3 929961
3 994743
3 979929
3 1002240
3 968832
3 980496
3 1017918
3 992925
3 1003050
3 901080
3 941976
3 981594
3 959562
3 951084
3 968229
3 1007388
3 974988
3 970065
3 1019277
3 999135
3 983133
3 984492
3 1012257
3 990342
3 984807
3 994833
3 1017000
3 937953
3 941787
3 987669
3 998487
3 997650
3 1017054
3 949491
3 997920
3 951633
3 1007937
3 1014066
3 978660
3 987651
3 913500
3 929259
3 954297
3 1001115
3 992574
3 996012
3 1011825
3 911214
3 1008063
3 953667
3 1031175
3 965799
3 1023183
3 1013697
3 975627
3 972378
3 989055
3 984771
3 955188
3 993951
3 988011
3 1021149
3 1027341
3 969615
3 1007163
3 1015938
3 941859
3 916110
3 1036692
3 967212
3 993456
3 976590
3 1034955
3 963441
3 1004472
3 1004868
3 973062
3 1032615
3 999495
3 949077
3 980820
3 989379
3 1013445
3 974493
3 935748
3 993546
3 977310
3 930159
3 1000971
3 998928
3 1008702
3 946215
3 932922
3 1010835
3 976176
3 1000044
3 992052
3 978219
3 935667
3 990261
3 1009692
3 1007505
3 993141
3 1011510
3 1059030
3 951102
3 1017909
3 949689
3 1003347
3 1009080
3 1015029
3 987147
3 1011600
3 918405
3 913833
3 930258
3 1045431
3 1034694
3 1014723
3 990711
3 895158
3 988830
3 997515
3 975033
3 1034775
3 1013427
3 961119
3 994464
3 999702
3 989910
3 1032399
3 981387
3 989010
3 1012860
3 999873
3 986832
3 989721
3 975168
3 993474
3 1002096
3 943209
3 1041048
3 982359
3 976617
3 1027890
3 1009935
3 1013319
3 966276
3 982926
3 1006578
3 1022409
3 942066
3 1016388
3 971154
3 950886
3 975465
3 954306
3 971010
3 1006569
3 1031067
3 1003788
3 1008945
3 967851
3 964143
3 1024497
3 993537
3 969786
3 992340
3 981099
3 952614
3 999909
3 1032489
3 988749
3 956304
3 1010898
3 948465
3 1017360
3 965520
3 1003005
3 1003311
3 1033695
3 1001520
3 995355
3 994572
3 1009260
3 1020816
3 1013976
3 1016964
3 1004940
3 1017630
3 1001394
3 986472
3 977814
3 994698
3 998253
3 1017009
3 997263
3 1016541
3 987840
3 998910
3 981819
3 1009224
3 1024686
3 994590
3 961866
3 990972
3 927378
3 986445
3 1011492
3 970911
3 1014120
3 999423
3 930348
3 1011960
3 1013049
3 1014525
3 979425
3 989712
3 961785
3 965025
3 983286
3 966501
3 976932
3 981180
3 970461
3 952497
3 991422
3 1013049
3 1027404
3 976905
3 1004886
3 1017072
3 971172
3 1000782
3 993267
3 995067
3 974862
3 1019853
3 986958
3 987732
3 985671
3 1001205
3 891936
3 953649
3 1020969
3 982296
3 1003545
3 919260
3 1032660
3 969111
3 956025
3 980487
3 1017540
3 1027503
3 933858
3 929025
3 956826
3 962415
3 1011150
3 1000017
3 937683
3 977697
3 975528
3 918117
3 937116
3 947853
3 987138
3 1018530
3 956187
3 971784
3 1007154
3 966303
3 973215
3 969696
3 989739
3 975195
3 996219
3 1028133
3 977967
3 955044
3 911997
3 920070
3 1030041
3 973080
3 1037997
3 1019655
3 989253
3 959382
3 977688
3 1007577
3 1016478
3 997857
3 991989
3 1006803
3 1000431
3 923220
3 990819
3 981000
3 890874
3 928611
3 950976
3 999882
3 1001592
3 945261
3 974385
3 1022274
3 993393
3 969786
3 992331
3 1001790
3 1003311
3 1007937
3 1004985
3 933183
3 1001700
3 992475
3 1003968
3 988128
3 957042
3 1018764
3 1005975
3 996453
3 1005642
3 1007379
3 962865
3 930186
3 974934
3 966240
3 1000035
3 976149
3 989280
3 935793
3 942993
3 903618
3 927171
3 949374
3 994572
3 1005561
3 1000692
3 1009350
3 984672
3 973458
3 972450
3 1020213
3 1008531
3 1018287
3 981378
3 969966
3 1030995
3 955071
3 990837
3 946026
3 972378
3 961272
3 972522
3 908478
3 960795
3 1000269
3 961524
3 1017036
3 997020
3 949383
3 1029672
3 993528
3 960165
3 918801
3 1013868
3 1028394
3 1019349
3 970641
3 998820
3 1014237
3 930285
3 966069
3 981837
3 1012320
3 1005264
3 1012113
3 1040850
3 988992
3 984123
3 1021185
3 995526
3 940095
3 971235
3 1005444
3 885393
3 985383
3 952425
3 969498
3 1006443
3 993906
3 982098
3 1008684
3 1018665
3 984294
3 1014588
3 994203
3 969327
3 976401
3 1005237
3 990252
3 919800
3 997353
3 973008
3 1014219
3 948051
3 1027413
3 945576
3 977211
3 1031553
3 1011717
3 1001061
3 974835
3 1008567
3 993897
3 968724
3 1003725
3 953181
3 1033524
3 959814
3 1000044
3 1021320
3 957573
3 1002537
3 962550
3 991530
3 1007982
3 991908
3 977715
3 1008864
3 994473
3 1041201
3 962811
3 971982
3 1000197
3 1005768
3 904365
3 993258
3 958059
3 1024380
3 993249
3 916317
3 971478
3 1014417
3 1044621
3 938682
3 957528
3 1026549
3 932166
3 1010493
3 1002510
3 995787
3 999540
3 1038060
3 994392
3 1025361
3 975402
3 964800
3 988884
3 982593
3 971118
3 995184
3 1026828
3 1002285
3 953865
3 978651
3 957222
3 1004076
3 1000935
3 952020
3 992646
3 945468
3 1032021
3 1022049
3 961713
3 1000458
3 964494
3 995805
3 944739
3 961821
3 1026495
3 967428
3 965376
3 953739
3 995292
3 988677
3 1019592
3 963108
3 984420
3 969534
3 947430
3 1024299
3 997695
3 1022517
3 958563
3 928827
3 983349
3 971046
3 1021023
3 958113
3 1016955
3 985707
3 964431
3 975195
3 913842
3 990513
3 1000656
3 1002339
3 957186
3 996804
3 964368
3 993096
3 997056
3 973656
3 981315
3 990774
3 987921
3 1000854
3 983547
3 1014642
3 1002996
3 1002078
3 984078
3 1031238
3 991503
3 988452
3 996417
3 984006
3 949734
3 1012968
3 984339
3 1000296
3 994743
3 1002942
3 1037016
3 997605
3 971010
3 1034820
3 971622
3 992790
3 981630
3 1023246
3 992187
3 928827
3 960858
3 978570
3 973089
3 993618
3 982413
3 1030545
3 990810
3 979722
3 914067
3 1019088
3 997614
3 999657
3 1010070
3 1003086
3 1026261
3 1012545
3 986238
3 986787
3 1028646
3 994590
3 939879
3 980559
3 964719
3 897777
3 1002825
3 966789
3 1026054
3 904212
3 1002429
3 970794
3 979623
3 1035576
3 962001
3 967338
3 973971
3 976725
3 982908
3 975357
3 1009242
3 991971
3 989046
3 983349
3 1018449
3 952407
3 1030509
3 980505
3 1026963
3 975672
3 991197
3 982647
3 952803
3 977733
3 992313
3 976032
3 1063224
3 911808
3 928458
3 1007244
3 1031076
3 1002960
3 1003617
3 992511
3 1002033
3 977130
3 972180
3 1057131
3 1022724
3 1019052
3 1000926
3 986778
3 992520
3 930717
3 949626
3 1044954
3 1039455
3 1019025
3 1004823
3 921861
3 973881
3 992412
3 1004562
3 971910
3 972972
3 1001430
3 949473
3 960867
3 985554
3 1023615
3 1021536
3 1004913
3 1010808
3 1005120
3 1019232
3 996975
3 982998
3 969471
3 1003662
3 993285
3 971037
3 992358
3 1005552
3 962091
3 973980
3 1030959
3 1022886
3 1046880
3 1022229
3 976230
3 968553
3 941958
3 904536
3 1035621
3 961758
3 984141
3 948303
3 1040616
3 1005273
3 998028
3 981936
3 1012563
3 1010736
3 1002285
3 1001664
3 1013490
3 982800
3 1016748
3 963954
3 992475
3 976941
3 1012266
3 988542
3 1005255
3 987615
3 939897
3 968949
3 942462
3 999495
3 1017198
3 1027161
3 977355
3 959967
3 972666
3 955494
3 976833
3 929304
3 977832
3 1037277
3 920025
3 988569
3 980928
3 1002132
3 989298
3 984438
3 1015290
3 969030
3 1018863
3 911511
3 968679
3 936882
3 921168
3 979929
3 1039122
3 887517
3 998532
3 977562
3 903591
3 994545
3 978192
3 981450
3 966708
3 990090
3 955530
3 975024
3 958959
3 984483
3 1019205
3 972117
3 1004202
3 937908
3 989901
3 947907
3 1030509
3 1022211
3 976185
3 969840
3 940941
3 1003158
3 1011699
3 1008765
3 954045
3 943938
3 1029771
3 1039815
3 983079
3 999090
3 945072
3 977049
3 994401
3 970461
3 991656
3 987822
3 995166
3 1025892
3 985221
3 977598
3 944127
3 1003923
3 946944
3 996570
3 1031688
3 941742
3 1025136
3 961533
3 1002177
3 1012896
3 954072
3 1040634
3 950535
3 998244
3 988578
3 969012
3 1010322
3 1004760
3 1004220
3 960903
3 962784
3 1017198
3 901872
3 928971
3 993690
3 924588
3 978840
3 935127
3 1016541
3 999036
3 941625
3 937368
3 970569
3 972504
3 967923
3 997488
3 994527
3 966105
3 987678
3 990846
3 1000584
3 1039608
3 973125
3 989712
3 1026828
3 964449
3 949302
3 968886
3 995607
3 950616
3 981729
3 1005399
3 931635
3 1036872
3 977373
3 1025163
3 1036314
3 1012833
3 952623
3 961191
3 996795
3 950643
3 1030653
3 998766
3 991683
3 972936
3 974340
3 999747
3 1001511
3 986157
3 972810
3 1020924
3 978219
3 1030617
3 994779
3 1039617
3 914508
3 1037988
3 1052001
3 930906
3 936585
3 1027134
3 982404
3 988254
3 939915
3 1011573
3 1014354
3 978084
3 982440
3 959877
3 963603
3 1024416
3 979182
3 1002222
3 956439
3 953451
3 1015218
3 1001178
3 1019529
3 998316
3 1003581
3 947349
3 913482
3 955044
3 992574
3 1000476
3 989055
3 1007613
3 1013382
3 930339
3 969057
3 999324
3 961452
3 964512
3 976968
3 989478
3 961533
3 955224
3 1003698
3 1008135
3 967401
3 1017684
3 994581
3 1009629
3 998676
3 957051
3 1010637
3 879840
3 967401
3 1006488
3 1004805
3 1009899
3 967995
3 973998
3 1030086
3 932319
3 1048617
3 977535
3 900090
3 986724
3 1006281
3 998334
3 993771
3 973377
3 1009125
3 930573
3 976788
3 980766
3 1020402
3 994977
3 1060947
3 995913
3 975105
3 968211
3 964431
3 1045314
3 982737
3 995940
3 944334
3 989379
3 1045854
3 1008162
3 1042767
3 1020708
3 1022580
3 927171
3 1012995
3 1036530
3 971748
3 994716
3 987786
3 1021239
3 1008981
3 980568
3 1004337
3 982143
3 994707
3 1018674
3 966132
3 956718
3 986733
3 1004346
3 1001178
3 1000332
3 987372
3 999738
3 1031544
3 1014579
3 989064
3 983160
3 970083
3 971154
3 937746
3 931896
3 994536
3 976473
3 1014570
3 1028898
3 1011897
3 1001529
3 996984
3 981657
3 956376
3 939708
3 1038465
3 989748
3 976059
3 967014
3 970551
3 979551
3 979650
3 1018593
3 929862
3 1007829
3 1003482
3 978777
3 970704
3 1045062
3 1022679
3 976959
3 1035576
3 979902
3 1000917
3 987750
3 991548
3 974664
3 976770
3 884340
3 941022
3 971046
3 1001754
3 977292
3 1009467
3 1012230
3 1042038
3 975708
3 932094
3 1012968
3 929655
3 964917
3 973314
3 987183
3 948744
3 1040877
3 1027035
3 973206
3 941679
3 1013670
3 959400
3 982044
3 1034487
3 959652
3 965655
3 971451
3 926883
3 1016046
3 912348
3 931572
3 978804
3 969255
3 963396
3 1011906
3 989820
3 941751
3 933561
3 961182
3 1001781
3 990018
3 1019349
3 966222
3 984033
3 964926
3 966321
3 1004364
3 986139
3 1028061
3 950823
3 968076
3 940059
3 1013103
3 979002
3 968823
3 985221
3 969282
3 1002645
3 1016901
3 972351
3 976320
3 1019403
3 986418
3 1041768
3 969210
3 1003149
3 956034
3 1011654
3 1007235
3 1029609
3 988857
3 992358
3 976194
3 1010682
3 966429
3 987750
3 928998
3 990720
3 1014390
3 1010844
3 957870
3 990396
3 980118
3 1005552
3 1004355
3 983232
3 971694
3 987642
3 947448
3 991701
3 996696
3 1029690
3 984537
3 988209
3 1046682
3 1028538
3 1021797
3 941085
3 990585
3 997317
3 988965
3 1006668
3 959454
3 961263
3 1013895
3 1013454
3 982683
3 1002798
3 958554
3 1036134
3 999612
3 985500
3 1003365
3 998001
3 972135
3 975789
3 1024965
3 996300
3 947664
3 944730
3 1023336
3 932409
3 983313
3 985572
3 962226
3 1004229
3 999882
3 1010448
3 902502
3 998937
3 1030347
3 992169
3 987813
3 960363
3 989667
3 1013697
3 947232
3 968913
3 994671
3 955377
3 1030320
3 900387
3 1018683
3 923202
3 991188
3 992871
3 1022211
3 1013229
3 974088
3 989118
3 984186
3 1009071
3 1027674
3 998199
3 959445
3 972342
3 1018269
3 974529
3 1010700
3 978552
3 1005228
3 971289
3 974601
3 953496
3 993024
3 1012473
3 984258
3 992313
3 1012689
3 991908
3 1007037
3 1008432
3 956061
3 982179
3 966483
3 989010
3 992295
3 986283
3 1004409
3 1005669
3 974511
3 989757
3 1003131
3 1009458
3 1036197
3 961362
3 981180
3 976248
3 986661
3 994032
3 995931
3 902745
3 943911
3 994572
3 989370
3 1017297
3 1015695
3 951588
3 1002375
3 979326
3 1025397
3 1004454
3 1038204
3 986517
3 924741
3 931158
3 979317
3 960237
3 925821
3 934974
3 954063
3 979938
3 1020411
3 992826
3 941589
3 961092
3 1001133
3 987309
3 1015641
3 1040508
3 957942
3 1018683
3 975987
3 979551
3 984492
3 966078
3 951777
3 912969
3 1008378
3 983682
3 925245
3 964620
3 973098
3 1035828
3 1014327
3 1016811
3 1007811
3 968598
3 985797
3 928278
3 1040814
3 986337
3 997011
3 963279
3 1013652
3 947367
3 1003167
3 1012788
3 946989
3 1036251
3 913833
3 874062
3 991845
3 979704
3 999378
3 1002690
3 964593
3 997974
3 1000287
3 995787
3 934101
3 1005705
3 966240
3 944631
3 1002411
3 1006695
3 1018278
3 1005885
3 970596
3 1010133
3 985842
3 947385
3 952029
3 974583
3 973800
3 999468
3 931698
3 998100
3 1003338
3 991350
3 941733
3 967104
3 998748
3 992322
3 978840
3 1033560
3 999423
3 987318
3 975204
3 1019187
3 1039401
3 1009485
3 992889
3 1035513
3 976572
3 1016766
3 1015398
3 977805
3 993645
3 989946
3 997335
3 986841
3 999171
3 998433
3 992610
3 989244
3 992808
3 976716
3 965385
3 1021590
3 1011879
3 955125
3 980667
3 982314
3 982764
3 1032597
3 1005372
3 911331
3 980919
3 1007253
3 997272
3 956142
3 969273
3 975825
3 1009620
3 985770
3 927396
3 996435
3 1014381
3 1013814
3 1021608
3 990702
3 963234
3 999189
3 971334
3 1011042
3 986202
3 984861
3 1014147
3 987219
3 946494
3 958563
3 966312
3 987597
3 921186
3 1018845
3 1015623
3 1005966
3 988596
3 925011
3 983889
3 973269
3 993123
3 930357
3 1013067
3 959292
3 1000035
3 1003104
3 960327
3 983925
3 959328
3 953676
3 985185
3 1026027
3 934578
3 1022760
3 1005507
3 969714
3 968886
3 992835
3 981225
3 979866
3 972900
3 1044144
3 1000782
3 1004661
3 965781
3 992214
3 983187
3 1014462
3 984816
3 986094
3 984843
3 940716
3 921015
3 973422
3 991989
3 1021725
3 961281
3 1004535
3 990207
3 975969
3 986427
3 968094
3 983232
3 1004328
3 992025
3 953172
3 990603
3 976941
3 969669
3 890982
3 977904
3 985392
3 1054422
3 971019
3 1004310
3 1024641
3 973530
3 982188
3 1019520
3 998955
3 1030185
3 957654
3 1007406
3 982773
3 1003896
3 993951
3 865989
3 985833
3 979371
3 1023894
3 1019052
3 973710
3 1016640
3 986445
3 1005723
3 962874
3 988776
3 1001313
3 970083
3 975942
3 975060
3 983043
3 982035
3 977481
3 972630
3 951669
3 960435
3 987462
3 971631
3 1023813
3 992925
3 929313
3 990900
3 1010205
3 963864
3 1012887
3 887274
3 1044504
3 990360
3 1024857
3 1002213
3 966807
3 970452
3 1035891
3 990558
3 1003383
3 960444
3 1012176
3 953883
3 946620
3 995346
3 966969
3 956799
3 964278
3 1000125
3 970209
3 985464
3 961641
3 1003977
3 968013
3 942489
3 1015200
3 976473
3 988002
3 1018152
3 983448
3 969426
3 1016154
3 993699
3 979173
3 980073
3 945486
3 970362
3 999054
3 957798
3 997317
3 979029
3 955674
3 950796
3 1005687
3 1008063
3 1009782
3 977130
3 960732
3 1010817
3 987228
3 1011069
3 1017387
3 935334
3 958077
3 973818
3 1002294
3 968868
3 970038
3 966717
3 1019232
3 946530
3 996183
3 978012
3 1009026
3 994788
3 975960
3 965664
3 1020762
3 1018782
3 970893
3 997875
3 977931
3 931068
3 973287
3 962010
3 929628
3 987831
3 1027782
3 1003419
3 927135
3 998721
3 975798
3 1028268
3 979884
3 977877
3 972126
3 939816
3 1031850
3 926748
3 999621
3 1007442
3 981405
3 985338
3 1004085
3 938637
3 1022139
3 975933
3 975420
3 984753
3 1022715
3 990432
3 1005570
3 974592
3 961668
3 1023561
3 1010682
3 997956
3 944028
3 937683
3 1035639
3 999477
3 953208
3 906525
3 998757
3 1012347
3 983943
3 999477
3 1011213
3 1014354
3 972360
3 1026252
3 1006740
3 1015794
3 984906
3 960624
3 1006227
3 989442
3 1005939
3 1007271
3 1005192
3 995085
3 903222
3 967419
3 1006587
3 1014471
3 1008945
3 994698
3 979371
3 956178
3 996354
3 1003644
3 908766
3 980001
3 998838
3 988119
3 997578
3 985230
3 974502
3 961623
3 1047987
3 1015137
3 945135
3 979659
3 962865
3 888480
3 1023219
3 988623
3 985761
3 1000584
3 1017801
3 1026342
3 974817
3 1013580
3 1007730
3 963342
3 1018206
3 910719
3 994968
3 1049220
3 981288
3 996579
3 1033929
3 939600
3 1004274
3 1038708
3 972819
3 1037511
3 973845
3 989145
3 1001583
3 982737
3 983079
3 1022211
3 1010385
3 946800
3 991431
3 970317
3 986724
3 1014993
3 1021590
3 941679
3 975987
3 999423
3 976860
3 1003878
3 980424
3 998973
3 1018620
3 1010376
3 938070
3 972657
3 1009845
3 943164
3 993897
3 951867
3 950823
3 1019565
3 949365
3 1013688
3 990279
3 1021887
3 1019331
3 992214
3 949428
3 944982
3 950319
3 988488
3 946260
3 978111
3 901548
3 971712
3 1007181
3 1005165
3 999027
3 971469
3 948546
3 982827
3 979236
3 1014867
3 998172
3 997191
3 974196
3 990351
3 956367
3 997398
3 973566
3 998010
3 972576
3 1001313
3 919467
3 980514
3 1007226
3 990117
3 953082
3 985086
3 1005156
3 986481
3 996138
3 973287
3 974313
3 978813
3 985284
3 991701
3 982926
3 942903
3 1000485
3 1003212
3 978642
3 1013490
3 1001493
3 982395
3 1009737
3 963918
3 979335
3 1021536
3 968571
3 974268
3 993969
3 934947
3 1011384
3 972360
3 931770
3 963333
3 958995
3 1039239
3 985077
3 889524
3 973602
3 967653
3 992916
3 975204
3 1037601
3 965457
3 992430
3 1001088
3 937746
3 1033515
3 991773
3 930213
3 955593
3 977130
3 973296
3 929601
3 975105
3 1007865
3 936477
3 1036197
3 1004742
3 1010448
3 987381
3 984465
3 1011267
3 980136
3 1014426
3 921276
3 987075
3 987831
3 1005741
3 928962
3 988605
3 944046
3 977490
3 965565
3 949644
3 917217
3 931554
3 1013796
3 972981
3 1027521
3 924867
3 974466
3 983781
3 921933
3 1026405
3 983628
3 931941
3 996966
3 990981
3 988812
3 991134
3 987345
3 1029015
3 1007946
3 984321
3 996201
3 987435
3 975186
3 1000476
3 979470
3 972045
3 979524
3 998712
3 986436
3 1006704
3 981216
3 1016937
