2 1117950
2 1083480
2 1045518
2 1068738
2 1087521
2 1069377
2 1044708
2 1042413
2 1054815
2 1050477
2 1070214
2 989475
2 1084416
2 1052619
2 1043772
2 1030938
2 1078692
2 1071357
2 1100670
2 1037049
2 1070007
2 1005396
2 1035843
2 1105566
2 1057371
2 1076838
2 1076631
2 1065165
2 1094442
2 1050522
2 1064148
2 997782
2 1080339
2 1102911
2 1013469
2 1110264
2 1028364
2 1018158
2 1080240
2 977568
2 1096953
2 1087224
2 1056021
2 1091436
2 1058496
2 1059405
2 994209
2 1045887
2 1055697
2 1099455
2 1053870
2 1086333
2 1046508
2 887244
2 1056579
2 1059981
2 1028805
2 1020138
2 1090176
2 1063284
2 1014594
2 978027
2 1057371
2 1030506
2 1072338
2 976209
2 1032153
2 1104729
2 1093326
2 1021263
2 1056435
2 1064265
2 1009842
2 1065417
2 1080393
2 1090770
2 1083003
2 1048380
2 1095747
2 1076181
2 1073967
2 1021839
2 1095216
2 1057308
2 1040496
2 1098528
2 1108014
2 1092327
2 1030461
2 1060188
2 1056597
2 1045770
2 1007619
2 1066632
2 1078539
2 1024368
2 1045104
2 1046796
2 1034628
2 1023342
2 999645
2 1057290
2 1089627
2 1109562
2 1009437
2 1105566
2 1087521
2 1072122
2 1070079
2 1027050
2 998583
2 1080438
2 1109949
2 1120587
2 979107
2 1065651
2 1064355
2 1055229
2 1039281
2 1078251
2 967290
2 1085838
2 1043475
2 1007736
2 1029300
2 1005828
2 1056543
2 1046103
2 1116366
2 1001895
2 1093659
2 1083435
2 1009266
2 999411
2 999843
2 1082742
2 1030794
2 1000878
2 1068387
2 1051917
2 1068180
2 1038426
2 1050954
2 979584
2 1067019
2 1000626
2 1031937
2 1066803
2 1077486
2 1060926
2 1090590
2 1037112
2 1017438
2 1019976
2 950361
2 1103514
2 1069611
2 1097565
2 1063158
2 1001265
2 1058451
2 1115142
2 1087251
2 1033044
2 1067289
2 1062429
2 1052826
2 1034070
2 1048254
2 1120227
2 1021137
2 1104207
2 1032963
2 1031829
2 1118373
2 1025898
2 1026843
2 1108914
2 1057983
2 1085568
2 1073355
2 996504
2 990348
2 1048668
2 1117482
2 1049568
2 1041108
2 1071006
2 1034592
2 1008906
2 1070412
2 1076829
2 1053807
2 1041747
2 1109931
2 1007268
2 1049091
2 1070241
2 1094838
2 1040145
2 980898
2 1074606
2 1102587
2 1082634
2 1065804
2 1023594
2 1038003
2 1068603
2 1081950
2 1040514
2 1032801
2 1003866
2 1107888
2 1035672
2 1099230
2 1117599
2 1014405
2 1001004
2 998151
2 980808
2 1084767
2 1104945
2 1029021
2 1058424
2 1023495
2 1111722
2 1096755
2 1019913
2 1002264
2 1046301
2 1051107
2 1095351
2 1011876
2 1055778
2 1066605
2 1065561
2 1088763
2 1076838
2 1091967
2 1093704
2 992193
2 1072329
2 1085595
2 1040388
2 1051521
2 1062078
2 1025403
2 1070502
2 1109058
2 1053609
2 1107591
2 1049379
2 1092633
2 1079565
2 1033935
2 1035609
2 1030110
2 1007628
2 1049136
2 1085595
2 1019652
2 998763
2 1100058
2 1054968
2 1057956
2 1114944
2 978729
2 964527
2 972726
2 1077531
2 1081707
2 1091769
2 1049892
2 1043844
2 961944
2 1068972
2 1058361
2 1052115
2 1049334
2 1044906
2 1007358
2 1058703
2 1076001
2 1105080
2 1089447
2 1107969
2 1088610
2 1088970
2 1039821
2 1025862
2 1002984
2 1036158
2 1069845
2 1054410
2 971457
2 1048047
2 1035591
2 1054986
2 1019184
2 1022469
2 1029426
2 1071267
2 1062762
2 1017870
2 1024890
2 1096728
2 1086018
2 1061898
2 1081905
2 1016367
2 1000950
2 984012
2 974967
2 1006548
2 1046616
2 1090023
2 1054527
2 1082400
2 1048155
2 1078539
2 1047183
2 1082148
2 1071033
2 978639
2 1026618
2 1062987
2 1059180
2 1036986
2 1046823
2 1012848
2 1122360
2 1098096
2 1004055
2 1086711
2 1055004
2 1095891
2 1047111
2 1052952
2 1060233
2 1069827
2 1064499
2 1034502
2 1105062
2 1054329
2 1080699
2 1040703
2 1070790
2 1067001
2 1105890
2 1105107
2 1059891
2 1015080
2 1077909
2 1063176
2 980745
2 1097943
2 1100598
2 989790
2 1016880
2 1071303
2 1047309
2 1085262
2 1081194
2 1038129
2 1033710
2 1042593
2 999438
2 893697
2 1019265
2 1100076
2 1029786
2 1062690
2 1018338
2 1078179
2 1052664
2 1059963
2 1064841
2 1108500
2 1104324
2 1046211
2 1082220
2 1068729
2 1040172
2 1060701
2 1047984
2 961125
2 1066146
2 1018293
2 1039074
2 1045338
2 1054122
2 1104450
2 1061331
2 1046184
2 976416
2 1010427
2 1022586
2 1094136
2 1023999
2 1002615
2 1034898
2 1042206
2 959676
2 1078278
2 1011822
2 1032342
2 1107492
2 1102785
2 1075560
2 1086738
2 1076892
2 1102749
2 1051773
2 1087188
2 1069161
2 1040100
2 1049010
2 943404
2 1023963
2 1018923
2 1094964
2 1045734
2 1067838
2 1016448
2 1032144
2 991302
2 1060539
2 1011786
2 1105341
2 1090941
2 1063635
2 1051656
2 1095090
2 1067118
2 1062357
2 1052988
2 1033215
2 1011156
2 1031361
2 1116303
2 1081752
2 1100661
2 1073985
2 1009428
2 1041792
2 1061601
2 1063230
2 1067604
2 1073868
2 1007466
2 999807
2 1070034
2 1031091
2 1109193
2 1051782
2 1021983
2 1087440
2 1037544
2 1070043
2 973626
2 1021695
2 1006665
2 939597
2 1107015
2 1045131
2 1011669
2 983418
2 1068657
2 1010580
2 1036167
2 1066506
2 1045347
2 1063797
2 1045779
2 1094910
2 1104117
2 1079907
2 1063239
2 1020687
2 1058379
2 1100274
2 1048542
2 1048137
2 1003875
2 1037733
2 1005000
2 1041027
2 1055094
2 1116483
2 1082301
2 1097691
2 1121766
2 1028274
2 1110471
2 1047795
2 1070007
2 1000050
2 1118202
2 1040964
2 978486
2 1075992
2 1075236
2 983202
2 1072824
2 944178
2 1059135
2 1097799
2 1075065
2 1081509
2 1037976
2 1035906
2 1016043
2 1096872
2 1032279
2 1044105
2 1093713
2 1110300
2 1055940
2 1093947
2 1025952
2 1087008
2 1079817
2 1082634
2 1030884
2 1044006
2 1099554
2 1068756
2 1032009
2 1037814
2 1041891
2 1010706
2 997845
2 1079340
2 1047075
2 1041927
2 1012857
2 1100229
2 1074255
2 1050351
2 1057479
2 1079583
2 1096998
2 1043394
2 1047516
2 1019643
2 1025727
2 1042638
2 1030902
2 1045248
2 1043961
2 1088961
2 1051719
2 1058307
2 1011813
2 1037598
2 1044735
2 1072293
2 996306
2 1052502
2 1096647
2 1050072
2 1034673
2 1057110
2 1006800
2 1069953
2 1023261
2 1121352
2 1104630
2 1010229
2 1079079
2 1085721
2 1049262
2 1089465
2 1071933
2 1061988
2 1020138
2 1083309
2 1011345
2 1095567
2 996045
2 1063149
2 1067946
2 1043349
2 1010175
2 1103730
2 994371
2 1011642
2 1049190
2 1049568
2 1077423
2 1024215
2 1097709
2 1033125
2 1089024
2 1047453
2 1017933
2 1110606
2 1071168
2 1058028
2 996045
2 1055445
2 987720
2 1048812
2 1019283
2 1067559
2 1043556
2 1057956
2 1068252
2 1121739
2 1095909
2 911625
2 1122666
2 1089825
2 993687
2 1070691
2 1093020
2 1036086
2 1010661
2 1088178
2 1042845
2 1030578
2 1043736
2 1064688
2 1082670
2 1088268
2 1115322
2 1050999
2 1087647
2 1032846
2 1035726
2 1047102
2 1054077
2 1058325
2 1053258
2 1070178
2 1020822
2 1087341
2 1028436
2 1073436
2 1008915
2 943350
2 1074687
2 1100517
2 964284
2 1016043
2 929670
2 1018914
2 1032837
2 988197
2 1094046
2 1061637
2 1103451
2 1045392
2 1012560
2 1019409
2 1034367
2 1084353
2 1022136
2 1046499
2 1079673
2 1007934
2 959487
2 1006566
2 1108896
2 1022379
2 1063671
2 1088268
2 1053123
2 1065741
2 1109958
2 1093983
2 1059927
2 1070592
2 1052763
2 1077288
2 1015890
2 1081851
2 1079511
2 1067541
2 1121577
2 1084380
2 1055778
2 1036257
2 1034763
2 1062852
2 1109661
2 1048479
2 1074705
2 1064958
2 1051044
2 1104297
2 1075884
2 1100427
2 1003416
2 1064076
2 1029750
2 1081752
2 1082076
2 1010157
2 1095801
2 1105503
2 1072194
2 1056660
2 1065111
2 1036113
2 998034
2 1074669
2 1057794
2 1071969
2 1037643
2 1037103
2 1018689
2 1038642
2 1098240
2 1010220
2 1034907
2 998295
2 1065552
2 1084767
2 1103784
2 1030110
2 1069251
2 1045149
2 1080852
2 1045869
2 1094325
2 1019184
2 1061016
2 1079637
2 1068360
2 1042908
2 1087944
2 1078395
2 1046733
2 1034259
2 1083246
2 1052790
2 1018644
2 1103172
2 1107798
2 1086486
2 1054095
2 1084182
2 1025502
2 1051548
2 1055760
2 1067883
2 1089078
2 990771
2 1103694
2 1043961
2 1022604
2 1077072
2 1108761
2 1016808
2 1031649
2 1072923
2 1085667
2 1089618
2 1080465
2 1086324
2 1068027
2 1023819
2 1053753
2 1033845
2 1074408
2 1055094
2 1073571
2 1091013
2 1064274
2 1015593
2 1067757
2 1062501
2 1003695
2 1073067
2 1018167
2 1104261
2 1072779
2 987999
2 1047624
2 1068864
2 1054077
2 1039713
2 1068288
2 1011282
2 1019661
2 1041378
2 956445
2 1078584
2 1080366
2 1052826
2 1112046
2 986640
2 1097205
2 1026015
2 1080384
2 974886
2 1066497
2 1064103
2 1039164
2 1059000
2 1100940
2 1058064
2 1054500
2 1004100
2 1108212
2 1043655
2 1112217
2 1085955
2 1072050
2 1071393
2 1012371
2 1075182
2 1072887
2 1007196
2 1028994
2 1053798
2 980808
2 1057191
2 1074975
2 995955
2 1005918
2 1056408
2 1002948
2 965751
2 1120848
2 1110102
2 1037319
2 1075884
2 1030947
2 1092795
2 974607
2 1122639
2 1029408
2 1046679
2 1037976
2 1099113
2 1049469
2 1070106
2 1019832
2 1001679
2 1082193
2 1119066
2 1053825
2 1066587
2 1071699
2 1065435
2 1047165
2 1082319
2 1073220
2 1033017
2 1081986
2 1120461
2 1050216
2 959478
2 1013487
2 1070124
2 1067622
2 1035222
2 1079988
2 1039704
2 1041270
2 1055211
2 1010517
2 1043124
2 1040343
2 1085361
2 1037922
2 1114134
2 1048047
2 979476
2 1107447
2 1096962
2 1090428
2 1108707
2 1101039
2 1026951
2 1033584
2 1010742
2 1077144
2 1029651
2 1074642
2 1074183
2 1067811
2 1067712
2 1121793
2 1086126
2 1022100
2 1095252
2 1090860
2 1066785
2 1069710
2 1029984
2 1030668
2 1027320
2 1062015
2 1022838
2 1099743
2 1037337
2 976830
2 1050738
2 981258
2 1010265
2 1084353
2 1082661
2 1095828
2 1063212
2 1063095
2 1105989
2 1083795
2 1060593
2 1056228
2 1048398
2 1118364
2 1096944
2 930084
2 1002300
2 1082319
2 1045518
2 950874
2 1073202
2 1019922
2 1057443
2 1031559
2 967776
2 1063860
2 1002903
2 999654
2 1036563
2 1004721
2 1095270
2 1095153
2 982014
2 994992
2 991113
2 993903
2 1029741
2 1028607
2 1011480
2 886029
2 1049415
2 1018698
2 991698
2 1019967
2 1074930
2 1102128
2 1023342
2 1091571
2 1013379
2 1098366
2 1057272
2 1070421
2 1034223
2 1099464
2 904128
2 1079853
2 1108680
2 1057344
2 1044321
2 1066902
2 1037004
2 1079088
2 1111578
2 1063977
2 1014954
2 1022001
2 1056444
2 1071366
2 1068441
2 1035348
2 1045437
2 1059675
2 1076802
2 1077216
2 1092606
2 1050639
2 1066155
2 1012470
2 1077873
2 989880
2 1118166
2 1110408
2 1074048
2 1081707
2 1065165
2 1096386
2 997395
2 1074804
2 1069260
2 1088889
2 1097790
2 968028
2 1002120
2 1071636
2 1080285
2 1087944
2 1082265
2 1020210
2 1012857
2 1053636
2 1028085
2 1001571
2 1064751
2 1050468
2 1049739
2 1096962
2 1024188
2 1051791
2 1073094
2 988971
2 1041117
2 1032747
2 998772
2 980979
2 1069629
2 1021722
2 1082751
2 1025574
2 1079952
2 1118679
2 1091589
2 1116006
2 1091940
2 1113450
2 1037283
2 1052583
2 1067658
2 1050009
2 1033863
2 1120920
2 1086810
2 1071042
2 1037742
2 1028670
2 1047021
2 1014315
2 1034997
2 1024962
2 1067532
2 1062627
2 1021236
2 1041909
2 1070484
2 1030704
2 1082868
2 1117716
2 1093713
2 1094307
2 1095216
2 1094424
2 1007484
2 1034232
2 1082553
2 980169
2 986199
2 1016475
2 1105593
2 1050360
2 1064418
2 1026087
2 934728
2 1035006
2 1052313
2 1049514
2 1003641
2 1103046
2 975633
2 1101237
2 1084668
2 1039344
2 1042440
2 1042224
2 1065201
2 1042296
2 1082778
2 1104684
2 1080825
2 1042467
2 1030992
2 992706
2 1044690
2 1049595
2 1066056
2 1060746
2 1062609
2 1037778
2 1033899
2 1032144
2 1062951
2 1005468
2 1025331
2 1065066
2 1065957
2 1088304
2 1052277
2 1001310
2 1070664
2 1041441
2 992643
2 1045473
2 1071573
2 1018833
2 1080753
2 1106169
2 1059351
2 1014081
2 1106223
2 1051206
2 1040082
2 1099932
2 1028958
2 1083633
2 1078314
2 1042854
2 1020093
2 1039911
2 988665
2 1014603
2 1086090
2 1038732
2 1058748
2 1066974
2 1028049
2 1074939
2 1113999
2 1088970
2 1058118
2 962367
2 1067676
2 1087809
2 1013505
2 1067928
2 1078485
2 1071627
2 1068423
2 1092102
2 1096764
2 1033602
2 1017618
2 1097826
2 1011822
2 1087890
2 1080798
2 1032027
2 1091040
2 1092246
2 984489
2 1043817
2 1063842
2 1042152
2 1085181
2 1005099
2 1073418
2 1047165
2 1037481
2 902517
2 1010202
2 1054500
2 1012236
2 1077171
2 1086135
2 1017969
2 1046346
2 1068873
2 985812
2 1086432
2 1080258
2 1037850
2 1080177
2 1099617
2 1088565
2 1047651
2 1027572
2 1093119
2 1033692
2 998250
2 1081167
2 1117689
2 1105233
2 1070277
2 1043277
2 1034907
2 1066506
2 1066227
2 1120749
2 988026
2 1001859
2 1070682
2 1038336
2 1059324
2 1094586
2 1025295
2 1057308
2 1077486
2 1053033
2 985533
2 1019256
2 1050189
2 1034295
2 1021443
2 1015071
2 1080177
2 1030263
2 1009599
2 1087827
2 1106358
2 1099239
2 1095360
2 1056444
2 1010409
2 1032900
2 1072824
2 1053951
2 1111740
2 1064382
2 997917
2 1055283
2 1037085
2 1008726
2 977298
2 1038597
2 1067064
2 1099392
2 1008654
2 1031298
2 995496
2 1104297
2 956310
2 1026204
2 1048443
2 1079484
2 1045410
2 1102893
2 1055634
2 1070169
2 1027329
2 1014945
2 1114602
2 1108617
2 1049478
2 1057695
2 1065561
2 964914
2 1089816
2 1061565
2 1049415
2 1020768
2 1082319
2 1044411
2 1033809
2 1069611
2 969063
2 1075794
2 1088835
2 1053186
2 1012938
2 979827
2 1054725
2 1035438
2 1051062
2 977613
2 1070394
2 1081833
2 1017753
2 974769
2 1049244
2 1055130
2 1072140
2 1037535
2 1109004
2 1023657
2 1045689
2 1026861
2 1101066
2 1089618
2 1059765
2 995316
2 1061295
2 1001454
2 1071519
2 987144
2 1020102
2 991167
2 1059675
2 1060719
2 1010148
2 1011336
2 1045302
2 1063005
2 1044519
2 1069782
2 1071618
2 1055751
2 1056876
2 982374
2 1121694
2 1024845
2 1092435
2 1035978
2 1037301
2 1034439
2 1012857
2 1021659
2 1105422
2 1068783
2 1083696
2 1018176
2 1057443
2 1058163
2 1052907
2 1111209
2 1104954
2 1052286
2 1041126
2 1023666
2 1040757
2 1050927
2 885786
2 999600
2 1056993
2 1093227
2 1043223
2 1102047
2 1115844
2 1078593
2 988809
2 1075623
2 1050891
2 986397
2 1066740
2 1081941
2 1073679
2 1046094
2 1063023
2 911346
2 1076235
2 997818
2 987270
2 1022811
2 1072743
2 947967
2 1063851
2 1044726
2 987576
2 1062105
2 1043853
2 1053600
2 994839
2 1095855
2 1002192
2 1097583
2 1062690
2 1070601
2 1103973
2 1039065
2 1046832
2 1039470
2 1057425
2 1088376
2 1064913
2 1012722
2 1000392
2 1057218
2 1086027
2 1062771
2 1093038
2 1014675
2 1005711
2 968586
2 1050720
2 1083516
2 1050144
2 1105665
2 1038426
2 1072401
2 1052619
2 1009968
2 1085838
2 984183
2 1099473
2 1044150
2 1045203
2 1081851
2 1085262
2 1051953
2 1056246
2 1053573
2 1051485
2 1093407
2 1058451
2 1026141
2 1049055
2 996594
2 1103730
2 1037499
2 1035870
2 1082859
2 1070097
2 1063716
2 973194
2 1017339
2 1025637
2 1052349
2 1108167
2 1050621
2 1044780
2 1008699
2 1052214
2 1074120
2 1081743
2 1023747
2 1075137
2 1025241
2 1090635
2 1039974
2 1034970
2 1077558
2 1019904
2 1025916
2 1053267
2 997917
2 1052538
2 1044798
2 1080015
2 1034817
2 1047147
2 1065345
2 1090878
2 1016637
2 1063392
2 1115376
2 1049937
2 1043115
2 1049595
2 986757
2 1030911
2 1009401
2 1028670
2 1055949
2 1081527
2 1019580
2 1025529
2 1057974
2 1079214
2 1047597
2 1045176
2 1083228
2 1081689
2 1031910
2 1005351
2 1083624
2 1066524
2 1101876
2 1086990
2 1059657
2 1033269
2 1010607
2 1052178
2 1104414
2 1066182
2 995478
2 1081626
2 1038921
2 1057695
2 1039551
2 1060692
2 1043547
2 1087170
2 1108707
2 1060800
2 1099203
2 987999
2 1088682
2 1055346
2 1020813
2 1068990
2 1096890
2 1000131
2 1054707
2 1064949
2 1005153
2 1067325
2 1007646
2 1109562
2 1122234
2 1026618
2 1103109
2 1035168
2 998025
2 1092993
2 1027833
2 1049595
2 1020696
2 1010895
2 1122495
2 1034502
2 1056768
2 1080006
2 1064724
2 1032783
2 1045824
2 997773
2 1043214
2 1023270
2 1048551
2 1057587
2 1051845
2 1001733
2 1080555
2 1085001
2 1054608
2 1035654
2 1049316
2 1093425
2 1027023
2 1108797
2 1100436
2 993930
2 1066389
2 1060503
2 1074003
2 1054320
2 1011489
2 1072473
2 1021038
2 1023450
2 1066344
2 1103901
2 1051701
2 1110210
2 1049919
2 1041459
2 1066020
2 1082688
2 1022505
2 1119912
2 1049784
2 1096071
2 1050837
2 1045689
2 1049001
2 1019643
2 971952
2 1102992
2 1083300
2 1015251
2 1086504
2 1055337
2 1035348
2 1014288
2 1031595
2 1047741
2 1003065
2 1091355
2 1056966
2 1065903
2 1032378
2 1058586
2 1051575
2 1010886
2 1119795
2 1075074
2 1037193
2 1034205
2 1079844
2 1015602
2 1086171
2 1043979
2 1104918
2 1048812
2 1075641
2 1103424
2 1082274
2 1057254
2 1045446
2 1065237
2 1084074
2 1069764
2 1115817
2 1009284
2 1037715
2 1037076
2 1086684
2 1101939
2 1057947
2 998529
2 1046121
2 1068909
2 1059189
2 1068486
2 1076352
2 989853
2 1047246
2 1009068
2 1097475
2 1062528
2 1086513
2 1097106
2 1042665
2 1019418
2 1036914
2 1094172
2 981663
2 1062168
2 1003794
2 1059243
2 1012092
2 1005504
2 1036005
2 1051602
2 962340
2 1028265
2 1096134
2 1007439
2 1066164
2 1058955
2 1024089
2 1108248
2 1109526
2 1006746
2 1044159
2 1051368
2 1069557
2 1108158
2 1036563
2 1093992
2 1022064
2 1056768
2 1038849
2 1068522
2 974409
2 1048479
2 1103082
2 1066659
2 1052403
2 1066839
2 1041306
2 1017366
2 1094073
2 1016601
2 1006584
2 971862
2 1091319
2 1018806
2 1024341
2 1082211
2 1000896
2 1040955
2 1105971
2 985155
2 1051449
2 1082274
2 969855
2 1076946
2 1105251
2 1108014
2 1060890
2 1056651
2 1117257
2 1103856
2 1055229
2 1090986
2 1035879
2 1096395
2 1068225
2 1043115
2 1082427
2 1020435
2 1045356
2 1081653
2 1095648
2 1028274
2 1002678
2 1109301
2 1091238
2 1114098
2 1059747
2 1087737
2 1001760
2 1009446
2 1066956
2 1002021
2 1090680
2 1057074
2 1100967
2 1084308
2 1016952
2 1102137
2 995334
2 1040982
2 1065165
2 980691
2 1049748
2 1059783
2 998493
2 1028877
2 1095828
2 1020444
2 994848
2 1048452
2 1050792
2 1056723
2 1073553
2 979026
2 1052601
2 1068198
2 1043151
2 1068900
2 989745
2 1047066
2 1010652
2 1022766
2 1083750
2 886245
2 1020624
2 987927
2 1032450
2 1009779
2 1086756
2 1096935
2 1060314
2 1036221
2 1056957
2 1040100
2 1021236
2 1064526
2 1063383
2 1001535
2 1089330
2 1079511
2 1072986
2 1032288
2 1086540
2 1015566
2 1049883
2 1032648
2 936132
2 1034142
2 1064292
2 1061367
2 1092723
2 1032495
2 1025322
2 1063851
2 1088385
2 1034763
2 1033611
2 1034340
2 1076055
2 1090149
2 1041171
2 1082166
2 974193
2 1083687
2 1022082
2 1093218
2 1067370
2 953061
2 1055490
2 1071006
2 1037940
2 997179
2 1103964
2 1053258
2 1096530
2 1027158
2 1063797
2 1027608
2 1002894
2 1111416
2 960387
2 1018968
2 1083606
2 986451
2 1046589
2 1021533
2 952125
2 1030776
2 986559
2 1049559
2 1037913
2 1011219
2 1102362
2 1062600
2 1111641
2 1015989
2 1074498
2 1100256
2 977892
2 1022172
2 1039119
2 987900
2 1119957
2 1028940
2 1033836
2 1056975
2 1085901
2 1076271
2 1071123
2 1041567
2 1037580
2 998988
2 1034745
2 966912
2 1013064
2 1017267
2 1065642
2 976065
2 948264
2 1107204
2 1063734
2 1024404
2 1077621
2 1009617
2 1080672
2 1056579
2 1122162
2 1025331
2 1088142
2 1045356
2 1073364
2 1028652
2 1045392
2 1032423
2 1062375
2 1059423
2 1043025
2 1066182
2 1062537
2 1030821
2 1042683
2 1015125
2 1077639
2 1003371
2 1018266
2 1037256
2 1011768
2 1092075
2 1084785
2 1044438
2 1077495
2 1046535
2 1079808
2 1045698
2 938166
2 1104261
2 988494
2 991383
2 1117212
2 1096368
2 1054212
2 1030875
2 987738
2 1042386
2 1042314
2 1068243
2 1048965
2 964563
2 1017087
2 1107753
2 1102164
2 1074633
2 1058766
2 985740
2 1027140
2 1087728
2 1075470
2 1048011
2 1113531
2 1106043
2 1006305
2 1098618
2 1079124
2 1051161
2 1037310
2 1070934
2 991545
2 1085928
2 981852
2 1044699
2 1067010
2 1072995
2 1068261
2 1039821
2 1015323
2 1059981
2 1029705
2 1101075
2 1017474
2 1098519
2 1096134
2 1010265
2 1083453
2 1064895
2 1048713
2 1071492
2 1071888
2 1052322
2 1105359
2 1093785
2 1011084
2 1069413
2 1001616
2 1078332
2 1006116
2 1046193
2 1103946
2 1005423
2 1056867
2 1075425
2 1019472
2 1106628
2 1025925
2 1066641
2 1012200
2 1044609
2 1028166
2 1046553
2 1044843
2 1011327
2 1042359
2 1007853
2 1013118
2 1062879
2 1051926
2 1007727
2 1035861
2 1073625
2 1070970
2 1091661
2 1085478
2 990564
2 1044339
2 985218
2 1042215
2 1027293
2 1023216
2 1086216
2 1115871
2 1119759
2 1027923
2 1099446
2 1092390
2 1047966
2 1076982
2 1094442
2 1020264
2 1054266
2 1050621
2 1030506
2 1081626
2 1081536
2 1058163
2 1004604
2 1067622
2 1053177
2 1054761
2 1025439
2 1052952
2 1070331
2 1051962
2 988737
2 1114512
2 1000608
2 1100670
2 1121415
2 1122549
2 1084560
2 1029732
2 1102749
2 1056984
2 1059675
2 992760
2 967272
2 971529
2 1072122
2 1060053
2 1036023
2 1013640
2 1063284
2 1081896
2 1010589
2 1020966
2 1096908
2 1007547
2 1013271
2 988971
2 1022415
2 1018077
2 1043520
2 1004118
2 1042512
2 1006269
2 1091445
2 1109274
2 1035465
2 1062573
2 1072689
2 1007313
2 1086135
2 1093443
2 1082751
2 1103415
2 1032171
2 1055454
2 999159
2 1074003
2 1051998
2 1013973
2 1086540
2 1109940
2 1040730
2 1040046
2 1010823
2 993174
2 963879
2 1108230
2 992427
2 989439
2 1019031
2 1063644
2 1087809
2 1074228
2 996369
2 1026033
2 1046121
2 1049955
2 985254
2 958515
2 1042080
2 1000698
2 1087908
2 1063734
2 1036671
2 1087674
2 1060080
2 1085316
2 1103424
2 1048551
2 1057506
2 1030038
2 1113396
2 1054077
2 993444
2 1040784
2 885102
2 1077954
2 1094028
2 1036446
2 1091049
2 1118931
2 1068846
2 1001409
2 1065219
2 1009626
2 1000968
2 1052286
2 1049541
2 1091193
2 1066848
2 1053123
2 1116285
2 1081302
2 1050648
2 1020156
2 1019553
2 1057335
2 1092444
2 975885
2 1114296
2 1068540
2 1017744
2 1019058
2 1098528
2 1065813
2 1092156
2 1083309
2 1004937
2 990933
2 1015341
2 1022838
2 1084695
2 1091067
2 1062213
2 1092687
2 1061313
2 1108932
2 1024881
2 1053105
2 1037175
2 1070943
2 1080285
2 1080924
2 1030578
2 1109661
2 988314
2 1062204
2 1104729
2 1082049
2 1097934
2 888873
2 1072203
2 998088
2 1040829
2 1036689
2 1038732
2 1087440
2 1056741
2 1058442
2 1072401
2 1090041
2 1054923
2 1012083
2 1074381
2 1056372
2 1055688
2 1046427
2 1051278
2 1095801
2 1091013
2 995883
2 1092840
2 989061
2 1024314
2 1026888
2 1086630
2 1043457
2 1078098
2 1058793
2 1055094
2 1121433
2 1007358
2 1075830
2 1085631
2 1063320
2 1080159
2 1062033
2 1061331
2 1101066
2 1029507
2 1096116
2 1087170
2 1039677
2 1053465
2 1057110
2 1112523
2 1037274
2 1050603
2 1053969
2 1051062
2 1054977
2 1026006
2 1038678
2 1077774
2 1076226
2 1069260
2 1073193
2 1033629
2 1065273
2 1088943
2 1036941
2 1011840
2 1062600
2 1022280
2 1020183
2 1077045
2 1094361
2 1106070
2 1058109
2 1103055
2 986397
2 1067442
2 1066362
2 1118598
2 1094190
2 994029
2 961476
2 1096512
2 1108032
2 1049064
2 1073481
2 1052421
2 1073679
2 1047930
2 1090941
2 969837
2 1086522
2 1063563
2 1073202
2 1101705
2 1080393
2 1001751
2 1050099
2 1115826
2 1080384
2 1040937
2 1093758
2 1087971
2 1021398
2 1036320
2 1044573
2 1104144
2 1064391
2 1008915
2 1097826
2 1002579
2 1041846
2 1054329
2 1082436
2 1096917
2 1103496
2 1018149
2 1079988
2 1061628
2 985308
2 1109094
2 1035456
2 1051809
2 1084191
2 1056705
2 1058406
2 1052556
2 1064463
2 1068603
2 1005720
2 1040577
2 1050558
2 1085262
2 1019409
2 895650
2 1025772
2 1004901
2 1095630
2 1071339
2 1017240
2 1001886
2 1054473
2 1083192
2 946383
2 1056165
2 1060431
2 1067109
2 940182
2 1048164
2 1059432
2 1074741
2 1094856
2 1083543
2 1105764
2 1117203
2 1040577
2 1059072
2 1029453
2 1015197
2 1091571
2 1075956
2 1016790
2 1028013
2 1011327
2 1081923
2 1098672
2 1110651
2 1037085
2 1048029
2 1046337
2 1053906
2 1021398
2 1039929
2 1055337
2 994479
2 1082931
2 1105323
2 1081023
2 1058262
2 1054941
2 1076235
2 1024359
2 1018752
2 1078035
2 1022748
2 1097286
2 1082292
2 1015233
2 1077774
2 1034862
2 1044915
2 1031676
2 1074318
2 1109895
2 1082238
2 1025511
2 1095225
2 1002966
2 1025313
2 1013199
2 1093776
2 1083912
2 1089753
2 1032315
2 1030380
2 1076829
2 1097007
2 1061601
2 1040973
2 1053123
2 1062276
2 968964
2 1024584
2 1038831
2 1061718
2 1077252
2 1072626
2 1055013
2 1090329
2 1062060
2 996702
2 1122153
2 1050234
2 1041810
2 1035528
2 1058640
2 1040802
2 1016349
2 1081698
2 977478
2 1037841
2 1015278
2 1074741
2 1077783
2 1009788
2 1009401
2 1094991
2 1087521
2 1018590
2 999942
2 1035474
2 1055598
2 1083669
2 1020084
2 1098708
2 1032360
2 1046148
2 1084992
2 1055292
2 1108995
2 1047354
2 1112613
2 1030992
2 1055274
2 1087782
2 1108095
2 1056210
2 1015962
2 1037859
2 1009230
2 1108212
2 950406
2 1090401
2 1009752
2 1068495
2 1073328
2 1070259
2 1013604
2 1082211
2 1048029
2 1011102
2 1095351
2 952881
2 1020876
2 1109670
2 1097439
2 1022991
2 1051584
2 1072977
2 960081
2 1094928
2 1064517
2 1018023
2 1077027
2 1084821
2 1040748
2 954807
2 1061061
2 1024143
2 1039911
2 1092003
2 1036275
2 1059036
2 1042071
2 1001274
2 1058109
2 1088691
2 1073256
2 1038345
2 1083183
2 1054707
2 1032927
2 1059954
2 1008366
2 1111632
2 1043844
2 1073679
2 1094010
2 1080537
2 997656
2 1062933
2 1005144
2 1057875
2 1096233
2 1067145
2 1069197
2 1060089
2 1030191
2 1095864
2 1052547
2 1096449
2 1085388
2 1056651
2 1065426
2 1080195
2 1049298
2 1070322
2 1076577
2 1048128
2 1102596
2 1013721
2 1001265
2 1056687
2 1087845
2 1039830
2 1084344
2 1041369
2 1082985
2 1057344
2 1016079
2 1008978
2 1036869
2 1077963
2 1089753
2 1039641
2 1024170
2 1079430
2 1071762
2 1096224
2 1073346
2 984120
2 1105260
2 1085172
2 1045059
2 1027959
2 1063923
2 1083309
2 1087215
2 1091742
2 1066632
2 963582
2 1058604
2 1032180
2 1108905
2 1071348
2 1026123
2 1021506
2 1055193
2 985101
2 1033431
2 1032954
2 1047228
2 1103865
2 1078944
2 1036032
2 1036149
2 1097367
2 1091823
2 1040496
2 1050477
2 1079745
2 1110588
2 1105431
2 1076298
2 1046337
2 1036806
2 971016
2 1087341
2 1049118
2 1066380
2 1084677
2 1029030
2 1100274
2 1067037
2 1002723
2 1046319
2 1022001
2 1054905
2 1020273
2 986091
2 1072473
2 1079907
2 1076991
2 1003083
2 1109049
2 1107339
2 1091670
2 1086846
2 1021128
2 1043223
2 1029219
2 1060530
2 1059054
2 1078953
2 1028265
2 1018536
2 1070187
2 1048776
2 1100526
2 1115061
2 1085640
2 1016349
2 1105224
2 1029822
2 1078071
2 1046769
2 1089897
2 954384
2 1050000
2 979323
2 1071537
2 1099932
2 973167
2 1107942
2 1053942
2 1075812
2 1104567
2 1065525
2 1077090
2 1112307
2 1100436
2 1079844
2 1054266
2 1078476
2 1036842
2 1041405
2 1067721
2 998358
2 1075065
2 1043511
2 1051827
2 1054779
2 1027815
2 1048371
2 988458
2 1085064
2 967866
2 1111569
2 1076109
2 943872
2 1046643
2 967344
2 1027284
2 1051701
2 1045914
2 1048092
2 1057614
2 1016403
2 1055481
2 972042
2 1034511
2 1071771
2 1054815
2 1050009
2 1031235
2 1093002
2 1083543
2 1039767
2 1068081
2 1006494
2 1019463
2 985623
2 1110759
2 994848
2 1035429
2 1086846
2 1079025
2 1061889
2 1058433
2 1051827
2 1057812
2 1093461
2 1059378
2 1018752
2 1047300
2 1077981
2 1032126
2 1117986
2 1101921
2 1077891
2 1031244
2 1048380
2 1012767
2 1056201
2 1064769
2 1088574
2 995721
2 1079286
2 1047795
2 1033071
2 1072770
2 1041630
2 1037004
2 995037
2 1053879
2 976389
2 1037481
2 1057497
2 1038183
2 1013739
2 1091427
2 1086891
2 1086585
2 1036680
2 1071267
2 1086378
2 1087278
2 1052403
2 1021632
2 1018833
2 1046697
2 1045410
2 1032693
2 1095045
2 1119453
2 917223
2 1069575
2 1106169
2 1116726
2 1091598
2 1121478
2 1057353
2 1115079
2 1062087
2 876561
2 1066974
2 1018473
2 1082022
2 1030947
2 1081077
2 994992
2 1044492
2 1092498
2 1077270
2 1063878
2 1116771
2 1095450
2 1052817
2 1036050
2 1091679
2 1021110
2 1046580
2 1052007
2 1091607
2 1094892
2 1066308
2 1033107
2 962079
2 1006251
2 1102182
2 1102056
2 1033827
2 1083795
2 1034421
2 1063779
2 1038714
2 1040595
2 1033413
2 1025637
2 1034637
2 1075749
2 1069818
2 1052403
2 1119147
2 1066371
2 1105665
2 1056057
2 1073580
2 1010967
2 1122000
2 1078782
2 1047768
2 1120200
2 1045005
2 1003020
2 1033665
2 1096593
2 1078584
2 1036482
2 1064724
2 983148
2 1078035
2 1112514
2 987621
2 1111578
2 1067397
2 1006251
2 1032378
2 1090059
2 1005459
2 1072860
2 1000725
2 1041513
2 1059432
2 1023063
2 1044222
2 1044978
2 1076145
2 1009887
2 1061664
2 1042674
2 1025457
2 1032828
2 992598
2 1068918
2 1080456
2 1074723
2 1121766
2 993714
2 1066560
2 1075308
2 1066398
2 981258
2 1003893
2 1038912
2 1120965
2 1118139
2 1111839
2 969540
2 1039587
2 1031028
2 1096422
2 1095468
2 1066083
2 1048857
2 1115817
2 1044483
2 1036374
2 1033881
2 1060305
2 1094622
2 1110300
2 992850
2 1106421
2 1029633
2 1016403
2 1087575
2 1096791
2 1010625
2 1031847
2 1056318
2 955239
2 1059459
2 987396
2 1048047
2 1115295
2 1086576
2 1083489
2 1004712
2 1018473
2 1028409
2 1067631
2 993516
2 1102839
2 1072626
2 1081509
2 1043214
2 1085190
2 1062420
2 1058613
2 1028049
2 1030785
2 1063941
2 1007106
2 1076892
2 1004883
2 1069503
2 1076082
2 1063572
2 1120335
2 1108410
2 1054482
2 1049289
2 1042827
2 1085163
2 1108230
2 1014306
2 1107348
2 1001688
2 1050414
2 1028913
2 1044141
2 1026951
2 1032333
2 1057632
2 1003407
2 1039146
2 1011372
2 1029957
2 1049757
2 1090167
2 1080978
2 1051665
2 1096530
2 1050135
2 1063986
2 1054176
2 1083165
2 1096458
2 1054716
2 1090977
2 959604
2 1076739
2 980466
2 1051890
2 1031874
2 995199
2 1102479
2 1031730
2 1047588
2 992652
2 996000
2 1103154
2 1096863
2 1081986
2 1014549
2 1058838
2 1050630
2 1032279
2 1058793
2 1011120
2 1063122
2 1080015
2 1029228
2 1029165
2 1095756
2 1040649
2 1038237
2 1067532
2 1078809
2 982149
2 1013469
2 1064220
2 1111992
2 1044267
2 1041846
2 1042917
2 1021065
2 1051485
2 1015692
2 1074750
2 1103586
2 1035672
2 1077063
2 1121667
2 1041900
2 1070709
2 1060737
2 1030443
2 1045995
2 997872
2 999726
2 1092597
2 1121775
2 1091103
2 993894
2 1034619
2 1099086
2 1029912
2 1118886
2 1064670
2 969000
2 1097286
2 1045716
2 1066668
2 1013388
2 994722
2 972681
2 1087026
2 1090545
2 1045023
2 1088835
2 1099131
2 1034493
2 1114656
2 961422
2 984408
2 1076028
2 1073472
2 1073211
2 1053753
2 1046490
2 1009986
2 1056462
2 1044375
2 1023666
2 1086963
2 1007133
2 1012380
2 1045680
2 1114962
2 987819
2 1040154
2 1104117
2 950154
2 1122045
2 1062312
2 1078980
2 1044465
2 1030281
2 1062033
2 1044015
2 1052322
2 1103604
2 1004181
2 1038867
2 1073949
2 1074255
2 1055355
2 1075038
2 1062915
2 1024629
2 1042584
2 979260
2 1103568
2 958200
2 1075542
2 1084839
2 1015368
2 1063527
2 1069476
2 1021092
2 1071582
2 1115106
2 1034016
2 1012101
2 1079592
2 1110489
2 1118589
2 1052331
2 1023882
2 1064751
2 1045833
2 1072230
2 1019391
2 1074786
2 1031001
2 1013145
2 1048929
2 1118949
2 986820
2 1041657
2 986739
2 1051656
2 1093479
2 1096935
2 1032756
2 1033899
2 1096683
2 1001040
2 1052403
2 1047354
2 1035024
2 1060206
2 1048326
2 1106979
2 946941
2 1028994
2 897612
2 980574
2 1056867
2 1019481
2 1119021
2 984597
2 1065705
2 1067379
2 1072419
2 1027149
2 1038642
2 1045635
2 1076298
2 1067199
2 1068108
2 1014612
2 1030884
2 1088961
2 1045122
2 1078836
2 961080
2 1091373
2 1015755
2 1050729
2 1095855
2 1014342
2 1056165
2 1069998
2 1034016
2 1042872
2 1050684
2 1025169
2 1095999
2 1078107
2 1032468
2 953736
2 1030758
2 1029255
2 1069116
2 991239
2 1031199
2 1100706
2 968001
2 1013901
2 1063194
2 965346
2 1114008
2 1020021
2 1106871
2 999177
2 1056084
2 976614
2 1049361
2 1022343
2 1065138
2 1073742
2 1079898
2 993291
2 1064490
2 1004730
2 967749
2 1090860
2 1022991
2 1086225
2 1088898
2 1035627
2 1055850
2 1067163
2 968802
2 984777
2 1027788
2 938949
2 1082778
2 1061700
2 1056345
2 1030767
2 1043259
2 1105233
2 1043277
2 1067415
2 1062474
2 1045005
2 1010040
2 1058181
2 1029957
2 1059198
2 1060872
2 1059432
2 1081581
2 986037
2 1064238
2 1054410
2 1039803
2 1028373
2 1079583
2 1088196
2 1052295
2 1001166
2 1044663
2 1007241
2 1024242
2 1021092
2 1112262
2 1017231
2 1068882
2 1080897
2 1028076
2 1086792
2 1090275
2 1006827
2 1079574
2 1096188
2 1008195
2 1061592
2 1092462
2 1027851
2 1105638
2 924207
2 1047858
2 1075632
2 1087278
2 1059270
2 1032657
2 1065624
2 1110687
2 1070313
2 1083336
2 969324
2 1017321
2 1053465
2 1045419
2 1034331
2 1007934
2 1066335
2 987009
2 1027428
2 1101120
2 1093920
2 1022901
2 1078809
2 1063014
2 1037382
2 1086090
2 1065930
2 1053276
2 1061277
2 992859
2 1023036
2 1086036
2 1057056
2 1027950
2 1069539
2 1047246
2 998574
2 1056525
2 1073625
2 1038939
2 1030551
2 1045689
2 1091031
2 1043646
2 1010940
2 1022010
2 1071258
2 1067406
2 1030119
2 1119543
2 1054959
2 1119165
2 932991
2 1057047
2 1036041
2 1090149
2 1039650
2 969936
2 1028814
2 1081941
2 965994
2 1092417
2 1060710
2 1005657
2 1087710
2 1095459
2 1000041
2 1044924
2 1055679
2 1023918
2 1071717
2 1033152
2 1032594
2 1088097
2 1012326
2 1068711
2 1020228
2 1083471
2 1054032
2 1010229
2 1060125
2 1046580
2 1115781
2 1121289
2 1045086
2 1020435
2 1075200
2 1114071
2 1023693
2 1044483
2 1100445
2 1017447
2 1104819
2 1083201
2 1030344
2 1038813
2 1000986
2 1070781
2 1059954
2 1091922
2 1023567
2 1023045
2 1089780
2 974805
2 1012119
2 1045968
2 1011894
2 1054707
2 1062087
2 1009437
2 1046850
2 1117302
2 1072779
2 989790
2 1058991
2 1073283
2 1106187
2 1094451
2 1097322
2 896001
2 1040280
2 1090914
2 1028364
2 1088196
2 1044564
2 1022226
2 1065606
2 1055589
2 1048947
2 1049478
2 1039785
2 1027941
2 998574
2 1094064
2 1075956
2 1022775
2 1002858
2 1060161
2 975957
2 1088034
2 998502
2 1099482
2 1085100
2 1098276
2 1044789
2 1032135
2 1050072
2 1095846
2 1056165
2 1019283
2 1058262
2 1028985
2 1095576
2 1119381
2 1049019
2 1101336
2 1083363
2 1055454
2 1027401
2 1079178
2 963312
2 1040037
2 1045725
2 1058703
2 1065255
2 1037922
2 990078
2 1048812
2 1009014
2 1104693
2 1039263
2 1037301
2 1011003
2 1047156
2 971520
2 1074102
2 1030596
2 1038615
2 1052367
2 1063041
2 970179
2 1058757
2 1042998
2 1030011
2 1018941
2 1009059
2 1047417
2 1057686
2 1046994
2 1110624
2 986577
2 1071600
2 1074480
2 1082832
2 1028355
2 1048938
2 1103451
2 1033890
2 999780
2 1070313
2 1048902
2 1091121
2 1045788
2 993039
2 1034763
2 1068981
2 1065075
2 1041693
2 1011552
2 1041882
2 1019220
2 1079412
2 972249
2 1115412
2 1102425
2 1072023
2 1056768
2 1100841
2 1075488
2 1075164
2 973572
2 992571
2 1058568
2 1044393
2 938940
2 1014261
2 1028616
2 1095783
2 1027446
2 1053195
2 1031388
2 1071870
2 1114116
2 1065813
2 1067802
2 1109868
2 1042548
2 1098915
2 1001652
2 1081536
2 1079151
2 1031865
2 1076244
2 991113
2 1065318
2 1110777
2 1044195
2 1067127
2 1093308
2 1060251
2 1098267
2 1012479
2 1022784
2 1013127
2 1034907
2 1020993
2 1040982
2 1048335
2 1060647
2 1059306
2 1031721
2 1042809
2 1047732
2 1058964
2 1026429
2 1084452
2 1086315
2 1012902
2 1009878
2 1039299
2 1039227
2 1044474
2 1071843
2 992391
2 1069701
2 1049379
2 1039587
2 998538
2 1077324
2 1036131
2 1037166
2 1109643
2 973644
2 1053780
2 1082553
2 1099473
2 1070115
2 1008582
2 1099293
2 1046967
2 1040577
2 1072284
2 1026636
2 1061448
2 1010751
2 1017663
2 1059072
2 924693
2 1103496
2 1055850
2 1119201
2 1057326
2 1047525
2 1051656
2 1064544
2 1034700
2 1099374
2 1068468
2 1063410
2 1037760
2 990924
2 1052124
2 998340
2 1040127
2 1011705
2 1060350
2 1042728
2 993066
2 988926
2 1076874
2 1040442
2 1002075
2 1019661
2 1027806
2 1055607
2 1002948
2 1100697
2 1027770
2 1084047
2 1003164
2 1062690
2 1009581
2 1025763
2 1070637
2 1039920
2 1080879
2 1049964
2 1070088
2 1059495
2 1072356
2 1052205
2 1055058
2 1033485
2 1061142
2 1068000
2 977253
2 1058100
2 992445
2 1044042
2 1112118
2 1059567
2 1111749
2 1031442
2 1049892
2 1029138
2 1082427
2 1065579
2 1080069
2 1040802
2 1062114
2 1104387
2 1018968
2 1106880
2 1099194
2 1101615
2 1062987
2 1061043
2 995091
2 1092804
2 1039947
2 1004649
2 1049136
2 1060629
2 1053951
2 1120974
2 990078
2 1069413
2 1083903
2 1083471
2 1046112
2 1103037
2 1037769
2 1058694
2 1054977
2 1012875
2 1051143
2 1025646
2 1086900
2 1044069
2 996639
2 1069557
2 1056201
2 1050270
2 1023765
2 1025439
2 1041729
2 1058937
2 1059513
2 1072311
2 1045635
2 993894
2 993696
2 1091337
2 1074291
2 1029750
2 1109238
2 1115736
2 1077657
2 1089600
2 1055256
2 1082400
2 1045338
2 1041144
2 1047498
2 1059954
2 985065
2 1112334
2 1059540
2 995496
2 1093524
2 1052538
2 1018689
2 1007187
2 1102713
2 1018851
2 1033125
2 1057416
2 1100373
2 1032297
2 1046796
2 1118130
2 1006296
2 1057236
2 1092804
2 1047273
2 1054752
2 1083120
2 1104216
2 1030218
2 1081041
2 1065822
2 1059900
2 1042467
2 1010499
2 1083750
2 1067307
2 1050594
2 1066299
2 1006791
2 1090608
2 1074975
2 1053384
2 1071240
2 1035483
2 1109958
2 992184
2 1103289
2 1097313
2 1047498
2 1102362
2 1027059
2 1090446
2 1104657
2 1042413
2 1002696
2 1059702
2 1053816
2 1035168
2 1074462
2 1067379
2 1012047
2 1029183
2 1034574
2 1087620
2 1005306
2 1113027
2 1100436
2 975390
2 993156
2 1044636
2 1027104
2 1054509
2 1048929
2 1038993
2 1040928
2 1118076
2 1027068
2 1018158
2 1012470
2 1047309
2 1091328
2 1008357
2 1032018
2 980655
2 977406
2 1100436
2 1080897
2 1006971
2 1038120
2 1013235
2 1011390
2 1034790
2 1020525
2 1032945
2 1060143
2 1084389
2 1006431
2 1077468
2 1108491
2 1007205
2 1090599
2 1054284
2 1067919
2 1053960
2 1086720
2 1032522
2 1093920
2 1070403
2 1064382
2 1047048
2 1059954
2 1004586
2 1073319
2 1064625
2 1044060
2 983607
2 990375
2 1098411
2 1019931
2 1081923
2 1082355
2 1026582
2 1001292
2 1057038
2 1108428
2 1094838
2 1099833
2 1008276
2 1102767
2 1047372
2 1031226
2 1033161
2 1113666
2 1050378
2 1082580
2 1059792
2 1067937
2 1057542
2 1010130
2 977415
2 977775
2 1028778
2 1013208
2 1003668
2 1038354
2 1040622
2 1052763
2 1037562
2 1060431
2 1023531
2 1108149
2 1059360
2 1069692
2 1067991
2 1063203
2 1013550
2 1094793
2 1072419
2 1051836
2 1037823
2 928185
2 1055967
2 1076865
2 1049100
2 1066668
2 1008015
2 1067280
2 1014270
2 1074795
2 1052754
2 1066191
2 1042314
2 1014009
2 1108761
2 1053348
2 1062807
2 1060998
2 993183
2 1103793
2 1030299
2 1095144
2 1055562
2 1068738
2 1103721
2 1088241
2 1117707
2 1025736
2 1029165
2 1088529
2 942387
2 1042602
2 1035015
2 1105890
2 1114719
2 1031388
2 1041990
2 1000968
2 1055490
2 1076505
2 1110579
2 1056255
2 1104207
2 1033683
2 1035339
2 1121019
2 1102425
2 1047804
2 1083849
2 1053123
2 1080744
2 1033683
2 1075740
2 1037274
2 1013082
2 1068270
2 1090815
2 1042827
2 1037769
2 1020489
2 1022865
2 1103235
2 994560
2 1042890
2 1061637
2 1057488
2 1011327
2 992634
2 1018734
2 1038840
2 1058649
2 1042053
2 1032270
2 1014054
2 1096683
2 1106565
2 1044753
2 1048254
2 1025160
2 1108122
2 1030884
2 1090437
2 1028526
2 1054590
2 1012911
2 999384
2 1054797
2 1080960
2 1056921
2 1070592
2 1040388
2 1039515
2 1032315
2 1070520
2 1089456
2 1109949
2 1077342
2 1066893
2 1059126
2 1084686
2 1061754
2 1055895
2 1011615
2 1108365
2 1048335
2 1003434
2 1023774
2 943161
2 1095324
2 1045986
2 972771
2 1091103
2 1036572
2 1071861
2 1067091
2 1074426
2 1031973
2 1057101
2 1060773
2 1060746
2 1025934
2 1072878
2 1091652
2 1027545
2 1039137
2 1089843
2 1082769
2 1059576
2 1095396
2 1099365
2 1097097
2 1078494
2 1002786
2 1053105
2 1053951
2 1053897
2 1074993
2 1030308
2 1090464
2 1068846
2 1029381
2 1037058
2 1068972
2 1087017
2 1034556
2 1044186
2 1050711
2 1072995
2 1078683
2 1059360
2 1063905
2 1027140
2 1096080
2 1023576
2 1043313
2 980088
2 1041486
2 1122108
2 1100220
2 1005099
2 1054815
2 1095027
2 1096989
2 986199
2 1017771
2 1008222
2 1040172
2 1072968
2 967767
2 1046094
2 1101435
2 1025871
2 1053150
2 1086882
2 1103802
2 1093353
2 1032108
2 1044618
2 1087269
2 1006395
2 1101993
2 1039533
2 1033152
2 1094964
2 1122342
2 1081716
2 1096026
2 964653
2 1067631
2 1079376
2 1044609
2 1094001
2 994371
2 1084119
2 1073364
2 998997
2 1053366
2 1039812
2 1041405
2 1035591
2 1078710
2 1065336
2 1106340
2 1082292
2 1082121
2 1044483
2 1042530
2 1074219
2 1059621
2 1042557
2 1101291
2 1008762
2 1100994
2 1064562
2 1048002
2 979188
2 1106637
2 978405
2 1122189
2 1069242
2 1065462
2 991950
2 1087512
2 1058334
2 1052061
2 1084191
2 1023081
2 1051701
2 1075236
2 1071726
2 1106529
2 1073589
2 1106331
2 1063167
2 1095315
2 980880
2 996207
2 1003659
2 1087980
2 997593
2 1064472
2 1117410
2 1089825
2 1087665
2 1082607
2 1032297
2 1028517
2 1090320
2 1057902
2 1079511
2 1080204
2 1016772
2 1024575
2 971061
2 1063554
2 1042008
2 1068090
2 1076694
2 1111254
2 1063302
2 1034898
2 1059675
2 1032234
2 1093893
2 1096665
2 1065210
2 1091436
2 1109958
2 1025367
2 1069269
2 1091283
2 1084434
2 1109769
2 1015467
2 1080654
2 1062942
2 1044501
2 1043853
2 1088367
2 1057236
2 1028760
2 1112433
2 1023729
2 1026411
2 1037805
2 1095054
2 1058685
2 993381
2 1050972
2 1027023
2 1061358
2 1049478
2 1036617
2 1002237
2 1062402
2 1011696
2 1008636
2 1082976
2 1073004
2 1015125
2 1041765
2 1048164
2 1021398
2 1008195
2 1101039
2 1033863
2 1036743
2 1014513
2 1048011
2 1091877
2 1021110
2 1072779
2 1033215
2 1080798
2 1068234
2 1064769
2 992409
2 1023009
2 1103982
2 1082535
2 1108545
2 980646
2 1071483
2 1019877
2 989331
2 1010301
2 1034538
2 1073994
2 1073931
2 1113126
2 1019211
2 1105980
2 999582
2 1055625
2 1005999
2 1064319
2 1091571
2 1043313
2 1048128
2 1051485
2 1035231
2 1102182
2 1117140
2 1064868
2 1077981
2 1056993
2 1085523
2 1061943
2 1035312
2 1114863
2 1102128
2 1044780
2 1088628
2 1081815
2 1019670
2 1045455
2 1002984
2 1121181
2 986568
2 1097682
2 1029633
2 1015962
2 1081347
2 1046913
2 1016799
2 1092561
2 962754
2 1123044
2 1032216
2 1081248
2 1084965
2 1060035
2 1004415
2 1079133
2 1061007
2 1088781
2 1020012
2 1022442
2 1043196
2 1100598
2 1061646
2 973581
2 1029480
2 1111029
2 1002615
2 1061934
2 1076577
2 1022271
2 1062852
2 1035771
2 1021002
2 1064976
2 1095702
2 1005981
2 1103370
2 1037490
2 1042350
2 1094694
2 1078863
2 1064553
2 1112685
2 1078224
2 1057272
2 1098510
2 1091769
2 1034394
2 1009374
2 1069404
2 1104072
2 1029228
2 1085181
2 996657
2 1048641
2 1115259
2 1009689
2 1052772
2 1098492
2 1042026
2 1117527
2 1057623
2 1028598
2 1083345
2 1079412
2 1004244
2 1053591
2 1033584
2 1076901
2 1096395
2 1096548
2 991338
2 1057857
2 1048749
2 1097988
2 1049109
2 1050918
2 1024341
2 1021398
2 1088412
2 1058892
2 885129
2 1065813
2 1018869
2 1117788
2 1052727
2 1099779
2 1065651
2 1029201
2 1018428
2 984561
2 1020705
2 1011759
2 1080114
2 1052763
2 1032009
2 1023306
2 1098933
2 1008051
2 1006107
2 1071483
2 1016142
2 998763
2 1063554
2 1107339
2 1039200
2 1076433
2 1054248
2 1047687
2 1068891
2 1021236
2 997206
2 1091013
2 1002624
2 1119669
2 1038021
2 1095189
2 1023144
2 1103307
2 984624
2 1039443
2 1049937
2 1122153
2 1052799
2 1087152
2 1079709
2 1058271
2 1040955
2 1014981
2 995982
2 1047147
2 1074138
2 1082508
2 974427
2 1069899
2 1093209
2 1107933
2 1049550
2 1035339
2 1036140
2 1088205
2 1076208
2 990483
2 1017852
2 1041216
2 1059054
2 1078008
2 1097961
2 1093776
2 1122675
2 1097997
2 998304
2 1023207
2 1060728
2 1085298
2 1039533
2 1027527
2 1066920
2 1039668
2 1041189
2 1059117
2 1002174
2 1023765
2 1007232
2 1048065
2 1085802
2 1059279
2 1087746
2 1053510
2 1066884
2 1085235
2 1107213
2 1109148
2 1057920
2 991554
2 1043169
2 1061709
2 1078404
2 1062834
2 1021857
2 1082931
2 1094037
2 1096917
2 1017159
2 1072149
2 1002624
2 925683
2 1071285
2 1045410
2 1048362
2 1077036
2 1072095
2 1007790
2 1056633
2 1092903
2 1091445
2 1061529
2 1052862
2 1098375
2 1074246
2 1060881
2 1095693
2 1083273
2 1010634
2 1047453
2 972483
2 1086495
2 1069026
2 1052916
2 1004001
2 1073652
2 1096719
2 1059828
2 1029336
2 1048713
2 1026393
2 1006332
2 1031568
2 1053573
2 1014981
2 1053159
2 1117473
2 1064193
2 1029246
2 1066389
2 1050423
2 1033620
2 1010589
2 1076343
2 1083786
2 1045248
2 963897
2 1031865
2 1079232
2 1061682
2 1108464
2 1067127
2 1086531
2 1026222
2 970548
2 998691
2 969324
2 1116636
2 1060593
2 1086621
2 1083417
2 1095702
2 1094784
2 1043952
2 1101183
2 1034835
2 1110336
2 982932
2 1080096
2 1026780
2 1011363
2 1075119
2 1068432
2 1052466
2 1103793
2 1112451
2 1083534
2 1085658
2 1086756
2 1055778
2 1104468
2 954114
2 1011336
2 945573
2 1005495
2 1038588
2 1059108
2 1031865
2 992373
2 1053456
2 1055715
2 1004127
2 973275
2 1088484
2 1048803
2 1011435
2 999699
2 1065543
2 1041792
2 1037994
2 1094091
2 989493
2 1115394
2 1041234
2 1018563
2 1029003
2 1035204
2 1052205
2 1045500
2 1098267
2 1042458
2 1042521
2 1028724
2 1061322
2 1051773
2 1037796
2 994902
2 1034241
2 1075794
2 1066272
2 1072986
2 886461
2 947445
2 1050558
2 1084902
2 1058325
2 1026600
2 1036149
2 1016970
2 1011084
2 1102353
2 1055868
2 1057353
2 1007934
2 1037337
2 1086594
2 1014432
2 1014315
2 992364
2 1048695
2 952881
2 1049469
2 997476
2 1089663
2 1069188
2 1057506
2 1100391
2 1053528
2 1041216
2 1054779
2 1065867
2 1067289
2 1002525
2 1077855
2 1022550
2 995802
2 957624
2 1013658
2 1081392
2 1018140
2 1113099
2 1087296
2 1043106
2 1112649
2 1023801
2 993318
2 1098177
2 1021155
2 1052124
2 1098024
2 1073373
2 1018032
2 1028535
2 1008798
2 1041819
2 1090743
2 1042467
2 1091571
2 1078107
2 1063743
2 1093974
2 1027635
2 1108491
2 1064688
2 1076145
2 1003668
2 1047012
2 1070799
2 1020363
2 1082616
2 1087350
2 1085820
2 1038273
2 1056093
2 1064301
2 1065975
2 1082373
2 1084524
2 1064112
2 1001895
2 1069377
2 1011678
2 1117059
2 1056282
2 1071393
2 1031937
2 1084146
2 1036005
2 993246
2 1096341
2 1063707
2 985722
2 1012983
2 1039893
2 1006440
2 1118337
2 1089474
2 1027725
2 1021947
2 1039749
2 1059279
2 1028049
2 1038462
2 1009194
2 1019634
2 1037805
2 1034628
2 1042053
2 1092903
2 1097943
2 1068486
2 1078971
2 1033179
2 1102650
2 1052610
2 1058019
2 1099815
2 1105539
2 1090338
2 1057479
2 1044672
2 1086909
2 1000230
2 961287
2 1023432
2 1093407
2 1082877
2 1030416
2 943971
2 1008303
2 1046778
2 1105377
2 1052979
2 1022433
2 995280
2 1051719
2 1091544
2 1072635
2 1093254
2 983517
2 1054842
2 1003866
2 1088313
2 1088016
2 1054869
2 1040901
2 1089510
2 982032
2 1105287
2 1069719
2 1023729
2 985920
2 1061439
2 1082598
2 1059855
2 1104117
2 1041522
2 992760
2 965598
2 996918
2 1009455
2 1033755
2 1114170
2 1032855
2 1104684
2 1035294
2 1016097
2 1032702
2 1033341
2 1071150
2 1084002
2 1031928
2 1053492
2 1025925
2 1026051
2 1067424
2 1073490
2 1024710
2 1049631
2 992283
2 1065786
2 1028985
2 999258
2 1072878
2 1072860
2 1059432
2 1080744
2 1068351
2 1085433
2 998646
2 1046886
2 1044969
2 1013451
2 1075785
2 1092858
2 1022055
2 1044933
2 1065759
2 1091022
2 1086918
2 1115709
2 1049649
2 1000158
2 963429
2 1041513
2 961944
2 1121226
2 1004280
2 1091805
2 994974
2 1067559
2 1021155
2 1016322
2 1102407
2 1066821
2 1063176
2 1070070
2 1028922
2 987648
2 1037472
2 1023054
2 1036635
2 1018770
2 1070844
2 1061556
2 1025268
2 1068693
2 1095360
2 992544
2 1091715
2 1003182
2 1091040
2 1080438
2 1044357
2 1010373
2 1057515
2 1115592
2 1096674
2 1063671
2 1075389
2 1015431
2 1098105
2 1046535
2 1068945
2 1063833
2 1059054
2 1079070
2 1038633
2 1066425
2 1009977
2 975633
2 1066839
2 1018689
2 985965
2 1092975
2 1004172
2 1083111
2 1008456
2 1091823
2 1056255
2 1078323
2 1106646
2 1106898
2 1058325
2 1102848
2 995181
2 1058298
2 1077288
2 1082319
2 1073688
2 1053807
2 1081257
2 1054518
2 1076073
2 1082553
2 1070844
2 1087755
2 1038975
2 1017681
2 1061448
2 996513
2 1024800
2 1017078
2 1087629
2 1078557
2 1104963
2 1105224
2 1069233
2 1030893
2 1109562
2 1059657
2 1051998
2 1042845
2 1052304
2 1085199
2 1058937
2 1048758
2 1030047
2 989529
2 1041126
2 1035186
2 1025277
2 1023189
2 1036923
2 1077918
2 1085964
2 1060656
2 1069323
2 1097034
2 1057686
2 1019922
2 1055553
2 1094289
2 1069899
2 1036356
2 1119705
2 1099266
2 1066425
2 1040469
2 1096350
2 1005828
2 1118742
2 1002183
2 1037094
2 1088655
2 1005297
2 1098069
2 1089330
2 1024296
2 1034232
2 1051548
2 1054239
2 1058901
2 1083786
2 1031100
2 1021902
2 1122099
2 1072464
2 1092120
2 1104531
2 1090347
2 1094280
2 1087584
2 997197
2 980610
2 1086180
2 1108338
2 998961
2 1073301
2 1042359
2 1045554
2 1008879
2 1065048
2 981438
2 1060440
2 1110714
2 1075326
2 1022595
2 1039506
2 1013046
2 1046148
2 998277
2 1090635
2 1080933
2 1092111
2 1024674
2 1108257
2 1091274
2 1033431
2 1097232
2 1000743
2 1004919
2 1091391
2 1091094
2 1074030
2 960162
2 1034736
2 1023738
2 1042035
2 1085505
2 1066254
2 1083174
2 1010382
2 1001499
2 1105800
2 1107951
2 1109859
2 1065309
2 1062672
2 1048731
2 1091634
2 951855
2 1037310
2 936456
2 1097250
2 1018338
2 1040406
2 995739
2 1091499
2 1059990
2 1081779
2 1114089
2 1049190
2 1046472
2 1031694
2 978036
2 939606
2 1079160
2 1042071
2 938877
2 1078944
2 1082112
2 921453
2 1016907
2 1011975
2 1120920
2 1016403
2 1011795
2 1098366
2 1018275
2 1028193
2 1009887
2 1113342
2 1115979
2 1097331
2 1078485
2 1049784
2 1100706
2 1071798
2 971664
2 1018095
2 984354
2 1082157
2 1016340
2 1049766
2 1112622
2 1013415
2 1062519
2 1070898
2 1081599
2 1011255
2 1086954
2 1078728
2 1058910
2 1078341
2 1117833
2 1020948
2 996252
2 1000275
2 1089474
2 1089771
2 1119066
2 1110084
2 977352
2 1063230
2 1058721
2 1077747
2 1086945
2 1027770
2 1011039
2 1042458
2 1094379
2 1081806
2 1066200
2 1058748
2 1092615
2 1052916
2 1065435
2 1029264
2 1043817
2 1093551
2 998844
2 993768
2 1028031
2 1090023
2 1013964
2 1042134
2 1071078
2 1059324
2 1013604
2 1053096
2 1105539
2 1119795
2 1049145
2 986154
2 1049532
2 1110831
2 1091364
2 1109868
2 1049073
2 1082868
2 1094838
2 1025196
2 1071582
2 1005774
2 1017231
2 1084335
2 1121514
2 981591
2 1024701
2 1099221
2 1053798
2 1059117
2 949371
2 1103172
2 1024620
2 1077135
2 1043970
2 1076370
2 1111767
2 1080582
2 1076748
2 1037355
2 1031856
2 1086450
2 1016781
2 1066443
2 1071627
2 1069467
2 1013082
2 971853
2 1034673
2 1073220
2 1076865
2 1010085
2 1070331
2 1037643
2 992571
2 1070871
2 1024323
2 1055751
2 1103910
2 1065840
2 1086999
2 1039902
2 1043952
2 1102956
2 989880
2 1081590
2 987144
2 1027581
2 1057398
2 1021137
2 975912
2 1118949
2 1087044
2 1118139
2 1105080
2 1095972
2 1096980
2 1006764
2 1051863
2 1078368
2 1097934
2 1041558
2 983679
2 1110084
2 977748
2 1095891
2 1060296
2 1104117
2 990456
2 1106574
2 995874
2 1105548
2 1031577
2 1046166
2 1056813
2 1032486
2 1122765
2 987585
2 1074795
2 1083417
2 1023531
2 1077270
2 1071231
2 1086423
2 1057587
2 1079160
2 1016430
2 1048605
2 1039146
2 1062258
2 985650
2 1061097
2 1121091
2 971277
2 1040865
2 1085667
2 973716
2 1093317
2 1070889
2 1014279
2 1072356
2 1059774
2 1067478
2 1070268
2 1012740
2 1068630
2 1073994
2 1066821
2 1060971
2 1101732
2 1095360
2 1054878
2 1040505
2 1115313
2 975894
2 984435
2 1046607
2 1087539
2 1019697
2 1021209
2 1098105
2 1074219
2 1030524
2 1102668
2 1044150
2 1041252
2 992121
2 1083138
2 1091175
2 959163
2 1020138
2 993507
2 1046634
2 1079394
2 1013028
2 1082337
2 1107519
2 1081770
2 1063221
2 1067424
2 1045086
2 1087656
2 1100616
2 1087143
2 1095144
2 1080420
2 967281
2 1096494
2 1055625
2 1080456
2 1094838
2 1017924
2 1016061
2 1105395
2 1060683
2 960594
2 1060890
2 1048866
2 1122270
2 1043439
2 1075254
2 1093218
2 1035744
2 1079754
2 1020237
2 1044420
2 1080753
2 1015080
2 1103217
2 946401
2 1076460
2 1082157
2 1096881
2 1039425
2 1051305
2 1062384
2 1004766
2 1034205
2 1084407
2 1047399
2 1047084
2 1118832
2 1077513
2 1108518
2 1094622
2 1042026
2 1118679
2 1007142
2 1079538
2 1040811
2 982239
2 1070682
2 1017924
2 1092300
2 1020084
2 1023576
2 1090392
2 1062600
2 1062987
2 1070970
2 1109481
2 1103397
2 1072500
2 1090644
2 1037346
2 1045734
2 1033872
2 1081896
2 1095054
2 945942
2 1076118
2 1026258
2 1109535
2 1067136
2 997224
2 1075911
2 1023594
2 1095522
2 1012344
2 1081491
2 998673
2 1068900
2 1006854
2 1075659
2 1078008
2 1107051
2 1073994
2 1018554
2 1038489
2 1072014
2 1077927
2 1100652
2 1029561
2 1049883
2 1037643
2 1060764
2 984147
2 1050459
2 1106430
2 1008897
2 990132
2 980619
2 1031361
2 1087071
2 1030470
2 1017753
2 1119327
2 1038606
2 1074975
2 1094433
2 1054014
2 1096359
2 1009374
2 1042116
2 1093461
2 1026285
2 1020984
2 1022946
2 1101543
2 963573
2 1051494
2 1077900
2 1114251
2 1081473
2 1097835
2 1052097
2 1089510
2 1091535
2 1042179
2 1020273
2 1030047
2 1047795
2 960027
2 1110372
2 1062780
2 999042
2 1049757
2 1081374
2 1090356
2 1093560
2 1107483
2 1091940
2 1066299
2 1060116
2 1021803
2 994506
2 1028787
2 1024449
2 1047579
2 1061925
2 1040919
2 1114863
2 1036869
2 1013784
2 1028850
2 1016556
2 1065129
2 1098438
2 1045176
2 1083777
2 1073382
2 1119588
2 1109562
2 1055760
2 1082076
2 1112208
2 1069071
2 1038939
2 1003002
2 1043907
2 1076235
2 994839
2 1016241
2 1070628
2 1009428
2 998871
2 1046571
2 1074723
2 1035528
2 994605
2 995541
2 991788
2 1093767
2 1086459
2 1097142
2 1070403
2 1053825
2 1012767
2 1031091
2 1081635
2 1036572
2 1047165
2 1003164
2 1024890
2 1082013
2 1021938
2 1097070
2 1048056
2 1105413
2 1075038
2 1063662
2 1003128
2 1057848
2 1093155
2 1094712
2 1034835
2 1108401
2 1039749
2 1066389
2 1038363
2 1040037
2 1099779
2 1099635
2 1080492
2 1083552
2 1037832
2 1038120
2 1010616
2 1019931
2 1075893
2 1096026
2 1070295
2 1111002
2 1051098
2 1020669
2 1011345
2 1076739
2 1069737
2 997566
2 1042989
2 1010985
2 1042395
2 1082256
2 1079916
2 994038
2 1035249
2 1035474
2 1075659
2 1095432
2 1045842
2 976434
2 1049577
2 1056786
2 1055940
2 1005324
2 1090230
2 1058235
2 1021083
2 990825
2 1064229
2 1005999
2 1070970
2 1062285
2 1100481
2 1024368
2 1055778
2 1021911
2 1009482
2 1043394
2 1048452
2 1078467
2 1056930
2 1054302
2 1050954
2 955131
2 1077513
2 1029939
2 1072995
2 1020417
2 1099455
2 1089474
2 1056732
2 1088025
2 1118517
2 1000104
2 1067946
2 1031892
2 1067199
2 1060152
2 1099788
2 1092687
2 1120245
2 1040334
2 1104918
2 991824
2 1045455
2 1090284
2 1034232
2 1006908
2 1081473
2 1095621
2 1016934
2 998007
2 1065363
2 1047327
2 1054581
2 985695
2 1043196
2 1111290
2 1075524
2 1093281
2 1032261
2 1032972
2 1065237
2 999690
2 1108221
2 1027887
2 1051512
2 1061070
2 1032945
2 1010130
2 1026060
2 958785
2 1076109
2 1055679
2 1008564
2 995568
2 1063293
2 1031037
2 1055346
2 1074849
2 1041810
2 1065336
2 1091355
2 1066875
2 993804
2 1102407
2 1036113
2 1081185
2 1026987
2 1069665
2 1085388
2 1085451
2 1099311
2 1077810
2 1032243
2 1049937
2 1047804
2 967731
2 1023387
2 1107285
2 982491
2 1106970
2 1049739
2 1066857
2 1015305
2 1077765
2 1044564
2 1081563
2 1070556
2 1102695
2 965679
2 1074633
2 1079475
2 1036626
2 1045644
2 1022118
2 970998
2 1042386
2 1043313
2 1059495
2 1040316
2 1060341
2 994659
2 1031856
2 1119471
2 993192
2 1113018
2 988350
2 1066380
2 1096206
2 972690
2 1061304
2 1035105
2 1031550
2 1076937
2 1015107
2 1095306
2 1087935
2 1106943
2 1067802
2 1107357
2 1077927
2 1044924
2 1095558
2 1047831
2 972663
2 1094766
2 1102182
2 1025124
2 1044924
2 1048758
2 1055472
2 1042233
2 1031514
2 1065957
2 1075425
2 1084047
2 1058586
2 1059063
2 1105692
2 1090005
2 1096089
2 982113
2 1108995
2 1057749
2 1052169
2 1027365
2 1122918
2 1052439
2 1058622
2 1053366
2 1033647
2 1021254
2 981510
2 1050099
2 1108491
2 953862
2 1082445
2 1061673
2 1086333
2 1113459
2 1028193
2 1042575
2 1089636
2 1026249
2 1095387
2 1050333
2 1067577
2 991815
2 1085658
2 1064517
2 1008843
2 1099707
2 1027545
2 1051467
2 1034844
2 1093443
2 1078368
2 1036932
2 1083147
2 1072041
2 1114575
2 1095243
2 1013082
2 1027212
2 1054032
2 1062384
2 989439
2 1082040
2 980223
2 993462
2 1044915
2 1081374
2 1058100
2 1062366
2 999816
2 1093128
2 1011714
2 1101678
2 1103181
2 1018896
2 1025178
2 1030326
2 1025160
2 1032360
2 1044015
2 1065435
2 1036302
2 907026
2 1078710
2 1044807
2 996297
2 1009878
2 1063923
2 1099734
2 1069008
2 980664
2 977109
2 1085478
2 1069116
2 1055490
2 1015953
2 1080978
2 1020030
2 1028499
2 1080861
2 1065642
2 1035141
2 1030218
2 1067460
2 1036005
2 1037103
2 983499
2 1065993
2 1046337
2 1083633
2 1051116
2 1052106
2 1091994
2 1048047
2 1078800
2 1104045
2 1071960
2 1078296
2 1035600
2 943872
2 1072464
2 980160
2 1072518
2 1068864
2 1036356
2 1051413
2 1026789
2 1002156
2 1069836
2 1081950
2 1025691
2 1076208
2 950127
2 1047075
2 1098492
2 1020129
2 1073436
2 1044231
2 963564
2 1074471
2 1024323
2 1023333
2 1082697
2 1059630
2 1082796
2 1014072
2 1040892
2 1049883
2 986955
2 1039659
2 1017195
2 1093398
2 1079826
2 1075983
2 1058262
2 1116168
2 1079826
2 963285
2 1094469
2 1083093
2 1061916
2 1029309
2 1102938
2 986316
2 1114296
2 966669
2 1059342
2 1077819
2 1115034
2 1071411
2 997071
2 1097160
2 1042296
2 1041243
2 1037031
2 1068756
2 1079214
2 1098492
2 1088250
2 1095054
2 1020219
2 1052214
2 1121784
2 1034781
2 1063977
2 996702
2 1042953
2 1092750
2 1000059
2 1100157
2 1025430
2 978999
2 1034304
2 1002525
2 1106862
2 1022712
2 1082562
2 1055553
2 1042476
2 1094181
2 1044465
2 1108860
2 1094118
2 1054545
2 1070880
2 1022037
2 1052367
2 1055679
2 1074228
2 1043007
2 1065723
2 1017024
2 1039650
2 1049910
2 1114260
2 1069359
2 1042305
2 997611
2 1038291
2 1010337
2 991005
2 1060197
2 1059090
2 1058883
2 1059243
2 1009815
2 1120686
2 1006197
2 1014279
2 1077072
2 1065705
2 1081041
2 1106142
2 1045275
2 1022316
2 1050072
2 1057416
2 1066029
2 1049586
2 1041684
2 1104063
2 1080735
2 1036662
2 1081977
2 1002597
2 1037787
2 1080375
2 1065804
2 1035024
2 1109166
2 1096008
2 1008825
2 1062654
2 1093218
2 1043970
2 1039236
2 1033269
2 1036113
2 1030281
2 1049712
2 1017231
2 1056786
2 1024395
2 1023801
2 1059738
2 1053699
2 1074687
2 1074147
2 1032594
2 989214
2 1044960
2 1066092
2 1067685
2 1017456
2 1015773
2 1046085
2 1045221
2 1055571
2 1046220
2 1007178
2 1037553
2 1047525
2 1033899
2 1104081
2 1072887
2 1070133
2 1049289
2 1089672
2 1041927
2 1090464
2 1091319
2 1046931
2 980511
2 1094487
2 1086855
2 1027590
2 1066497
2 1114269
2 1063743
2 1024098
2 1031982
2 1080654
2 1067172
2 1033935
2 1029390
2 1100868
2 1064328
2 1084110
2 1007979
2 1103397
2 1099383
2 1053042
2 1067856
2 1060251
2 1077090
2 1060215
2 1099212
2 1090905
2 1049532
2 1030173
2 999465
2 1112325
2 1070565
2 1031730
2 1066236
2 1054689
2 1094154
2 1034754
2 1002948
2 1032702
2 1060305
2 1081617
2 1088709
2 1053690
2 985722
2 1090113
2 1079979
2 1018923
2 1114359
2 1017087
2 974427
2 1093641
2 1072392
2 1057011
2 1030848
2 1069998
2 1118418
2 1021587
2 1057758
2 976173
2 1069719
2 1015782
2 1043601
2 1107204
2 1071006
2 1012344
2 1113936
2 1063572
2 1107159
2 1084092
2 943062
2 1031883
2 1043250
2 1062204
2 1080960
2 1050612
2 1056417
2 1096521
2 1046319
2 1029390
2 955860
2 1057155
2 1114053
2 1096827
2 1064067
2 1048245
2 1071717
2 1071465
2 1030614
2 1054194
2 1092003
2 991293
2 1101219
2 1060827
2 974697
2 1039974
2 1082364
2 1070979
2 1036023
2 1057875
2 1106250
2 1063122
2 1091256
2 1114710
2 1065408
2 1021038
2 1033917
2 1091391
2 1068495
2 1056813
2 1092840
2 1048740
2 1082931
2 1052052
2 1079070
2 1048434
2 1054716
2 1082031
2 1056444
2 1024593
2 1120902
2 1082517
2 1081158
2 950586
2 1072248
2 1015899
2 1098150
2 1076019
2 986541
2 1070961
2 1024179
2 1024818
2 1050090
2 1103649
2 1040082
2 1011678
2 1009203
2 1092516
2 1100418
2 1110030
2 1005585
2 1079124
2 1079835
2 1079376
2 1045122
2 1021911
2 1040955
2 1068846
2 1092327
2 1060296
2 1093533
2 1073796
2 1015602
2 1098933
2 1088421
2 1090059
2 1108941
2 1100121
2 1064238
2 985101
2 1091445
2 1106673
2 975696
2 1104009
2 1012794
2 1118931
2 1088142
2 1029615
2 1093740
2 1056984
2 1102704
2 1075929
2 1041270
2 1051539
2 1026546
2 1065822
2 1052259
2 1060044
2 1013208
2 1075722
2 1032666
2 1077999
2 892383
2 1074876
2 1071897
2 1059117
2 1094829
2 1098753
2 1076271
2 1107879
2 1104693
2 1069791
2 1086243
2 1047678
2 1096404
2 1051512
2 996261
2 1062474
2 1069305
2 983976
2 954771
2 1035762
2 1071231
2 1107834
2 1030344
2 1095198
2 1037400
2 1109814
2 1089447
2 1062789
2 1004892
2 1061034
2 1013541
2 1053627
2 1027509
2 1102056
2 1048533
2 991527
2 1080069
2 1034169
2 1071384
2 1039335
2 994353
2 995388
2 1069350
2 1078980
2 1102380
2 1059036
2 1031739
2 971817
2 1122747
2 1105926
2 1020345
2 1037580
2 1016439
2 1034421
2 1052979
2 996486
2 1080573
2 1007313
2 1070412
2 1036212
2 1091859
2 1089168
2 1103577
2 1075218
2 1089519
2 1039983
2 942756
2 1082814
2 1079106
2 966309
2 1093227
2 1056552
2 1039128
2 1005252
2 1021614
2 1016187
2 1064418
2 1044564
2 1057776
2 1080798
2 1107150
2 1086468
2 1070349
2 1064121
2 1083525
2 1055256
2 1100571
2 1080258
2 1092831
2 993543
2 1017213
2 1094163
2 1068567
2 1031514
2 1051062
2 1040892
2 1021101
2 1003308
2 1099320
2 1092741
2 1065534
2 1067928
2 1036959
2 1108086
2 1006188
2 1069404
2 989592
2 1017096
2 1057776
2 1052952
2 1084119
2 1036077
2 1027590
2 1043214
2 1105035
2 1063095
2 1082706
2 1106205
2 1017789
2 1060548
2 1044231
2 1045770
2 1022910
2 1025340
2 1050072
2 1051872
2 1093659
2 1049802
2 1089987
2 1074930
2 1079844
2 1071600
2 1026798
2 1006323
2 1079718
2 1061151
2 1018419
2 1071186
2 1112874
2 1042755
2 1062627
2 1085775
2 1088322
2 1022397
2 1019517
2 1083831
2 1032567
2 1087737
2 1029345
2 1011183
2 1119390
2 1015485
2 1067163
2 1084524
2 1056759
2 1032108
2 1068585
2 1063221
2 1033566
2 1018518
2 1077648
2 1113423
2 1003254
2 1066587
2 1042206
2 902958
2 1031433
2 1075776
2 990474
2 1092777
2 1035078
2 1093371
2 1103541
2 949749
2 1013406
2 1098636
2 1058091
2 1049973
2 1071357
2 1071690
2 1033341
2 1068000
2 1075614
2 1048263
2 1055238
2 1105467
2 1056705
2 1047255
2 1006404
2 1018833
2 1055877
2 1044618
2 988539
2 1110885
2 1100895
2 1073130
2 984894
2 1031703
2 1073688
2 1034862
2 1022487
2 995127
2 972780
2 1030767
2 1071375
2 1091715
2 1096611
2 1018482
2 1104135
2 1064211
2 1029984
2 1107528
2 1082157
2 1051449
2 1061457
2 1070646
2 1066245
2 1057461
2 1054959
2 1074336
2 1049100
2 1052979
2 1101696
2 1074804
2 977280
2 1060080
2 1108590
2 1030083
2 1074282
2 1083084
2 1060791
2 1071960
2 1101768
2 1078980
2 1046814
2 939966
2 1070628
2 1024368
2 1106601
2 999852
2 1099482
2 1033305
2 1103334
2 1024251
2 1080771
2 1015341
2 1028085
2 1034619
2 976974
2 1055922
2 1082058
2 1036563
2 1011804
2 1034817
2 1056660
2 1058226
2 1064436
2 1059342
2 984534
2 978540
2 1050504
2 1019103
2 1088943
2 1069134
2 1112415
2 1070313
2 1073202
2 1117680
2 1002120
2 1112865
2 1078575
2 971160
2 1058037
2 991698
2 1009113
2 1067802
2 1032000
2 1054932
2 1019607
2 1051800
2 1018392
2 1039452
2 1028373
2 1069134
2 1029039
2 1108059
2 960666
2 1083732
2 1057587
2 1055103
2 1061385
2 966165
2 1076550
2 1091445
2 1042449
2 1076298
2 1039029
2 1075173
2 1087548
2 1034268
2 1065147
2 1005486
2 1035978
2 1051089
2 1102560
2 1044051
2 1107078
2 1085703
2 1051548
2 1072779
2 1046652
2 1066389
2 1013883
2 1012650
2 1096827
2 1098636
2 1057596
2 1037148
2 1108122
2 1063437
2 1053006
2 1095909
2 971880
2 1038840
2 1068549
2 1103613
2 1091049
2 1058586
2 1090293
2 1019580
2 973536
2 1045671
2 1033935
2 1050819
2 1119768
2 1088745
2 1070151
2 940128
2 1017645
2 1065498
2 1107726
2 1073634
2 1119075
2 1061889
2 1079295
2 1091202
2 1039650
2 1068828
2 1074345
2 1044240
2 1046283
2 1024557
2 1064247
2 1015710
2 1097781
2 1030353
2 1042584
2 1078161
2 1075641
2 1029813
2 1000662
2 1011813
2 1054203
2 1086837
2 1089708
2 1045716
2 994677
2 1075821
2 1055481
2 1102407
2 1052241
2 1080294
2 1104270
2 1050612
2 1103667
2 1003479
2 1023558
2 1066182
2 975777
2 1054464
2 1048317
2 1026825
2 1056660
2 1046139
2 1029408
2 1073391
2 1097169
2 1044267
2 1081437
2 937140
2 1083516
2 1084866
2 1004667
2 1014810
2 1014648
2 1121028
2 994434
2 1029030
2 1050342
2 1054329
2 1087908
2 1121037
2 1090851
2 1062591
2 1021488
2 1105836
2 1067091
2 1061880
2 1067325
2 933594
2 1039398
2 1072896
2 1071042
2 1027986
2 1046589
2 1040622
2 1011435
2 1037472
2 1116429
2 995253
2 1062996
2 996387
2 1037346
2 1070898
2 987117
2 1121424
2 1029921
2 1022748
2 1099761
2 1001814
2 1091751
2 1067937
2 1071636
2 1122036
2 1099806
2 1114818
2 1023180
2 1039065
2 1056543
2 1108239
2 1067703
2 997467
2 1032441
2 1103145
2 1042197
2 1083327
2 1078602
2 1093047
2 1061439
2 1023468
2 1071006
2 1117860
2 1041585
2 1091130
2 1089555
2 1001274
2 1023144
2 1040280
2 1094172
2 997638
2 1086783
2 1062267
2 1096881
2 1046022
2 1080303
2 1070349
2 1019319
2 1065030
2 1048722
2 1087098
2 1066965
2 1063482
2 1103928
2 972501
2 1063653
2 1090581
2 1036392
2 1011669
2 1016052
2 1026294
2 1097340
2 1114278
2 991806
2 1060674
2 1082067
2 1032369
2 1039812
2 990150
2 1053069
2 1055274
2 1065912
2 1049118
2 1038201
2 1041963
2 966156
2 1055841
2 1095369
2 1076613
2 1109913
2 1052592
2 1098438
2 1084938
2 1027815
2 1063698
2 964626
2 1049712
2 1079682
2 1064967
2 1026933
2 1039857
2 1023702
2 986253
2 1018743
2 1047588
2 1076559
2 997467
2 998871
2 1068045
2 1062744
2 1074507
2 1021506
2 1081959
2 1032045
2 1036221
2 1051368
2 1095711
2 1078224
2 1095477
2 1118355
2 1047318
2 1035519
2 985497
2 959991
2 1101966
2 1085820
2 1079628
2 1038003
2 1049217
2 1046769
2 1017870
2 1075308
2 1069404
2 1041126
2 1061151
2 1020642
2 1007574
2 998862
2 1039857
2 1068234
2 1039263
2 1057785
2 1023882
2 1058217
2 984912
2 1083561
2 1096197
2 985353
2 1026573
2 1100508
2 1034547
2 1087953
2 1035456
2 1083462
2 1109139
2 1010499
2 1072023
2 1049442
2 1046544
2 1095954
2 1057938
2 1040577
2 1052475
2 1080834
2 1070853
2 1079772
2 1022892
2 997692
2 980790
2 1096647
2 1060872
2 1051134
2 993804
2 1050099
2 1052772
2 1053267
2 1046175
2 1122288
2 1059693
2 1050837
2 1066083
2 1087080
2 1101678
2 1046202
2 1069350
2 1049505
2 981150
2 1048848
2 1070754
2 1027275
2 1049145
2 1079979
2 1032783
2 1113126
2 1000662
2 1056408
2 1003911
2 1050270
2 1084011
2 1085721
2 1035483
2 1017609
2 1084110
2 1019958
2 1017942
2 1091913
2 1104729
2 978567
2 1072608
2 1029165
2 1104261
2 1120596
2 1066938
2 1033305
2 1096107
2 1058451
2 1102407
2 1045509
2 1014063
2 1063572
2 1004118
2 1005792
2 1072041
2 1032315
2 1061862
2 1021155
2 1047768
2 1059936
2 1025187
2 1017942
2 1085577
2 1105449
2 1092453
2 1078791
2 1114071
2 1062645
2 1013280
2 1082355
2 1098366
2 1109103
2 997737
2 1019058
2 1050414
2 1078341
2 1072005
2 1122243
2 1066452
2 1017438
2 1064040
2 1090491
2 1048515
2 941685
2 986991
2 1050567
2 1039821
2 984336
2 1084920
2 1063860
2 1093902
2 1081230
2 1034754
2 1019292
2 1083093
2 1106295
2 1119210
2 1058658
2 1064805
2 1067379
2 1040991
2 1058838
2 1034844
2 1056777
2 1055517
2 1083309
2 978369
2 1046805
2 1003947
2 1039182
2 1044492
2 983220
2 1051395
2 1017528
2 1100418
2 1117131
2 1049037
2 1099473
2 1085001
2 1081464
2 1065831
2 1055832
2 991158
2 1070511
2 1036761
2 1061250
2 1051116
2 1036329
2 1037040
2 1069746
2 1063167
2 1017816
2 1009887
2 988440
2 1018194
2 1031397
2 974751
2 1045401
2 1096431
2 1103307
2 1110534
2 1023126
2 1027212
2 1042197
2 1061043
2 1041783
2 1021254
2 1029219
2 1010814
2 990600
2 1073553
2 1121622
2 1012029
2 1088970
2 1056273
2 1037472
2 1064121
2 1020345
2 1021092
2 1052781
2 1055877
2 1106457
2 1080312
2 1120362
2 1033638
2 1050999
2 1034394
2 1064463
2 997602
2 1069242
2 1094379
2 1032891
2 1064805
2 1050765
2 1011399
2 1047462
2 1042719
2 1094316
2 1103307
2 1026672
2 1027239
2 1107150
2 1073202
2 1070925
2 1093686
2 1084470
2 1027104
2 1024998
2 1036311
2 1070925
2 1022856
2 1055013
2 1070574
2 1030875
2 1029966
2 1048254
2 1004082
2 1035708
2 1071159
2 1042314
2 1052259
2 1084731
2 988557
2 1077468
2 1117392
2 1090464
2 1110192
2 1026087
2 1004415
2 1038057
2 1051107
2 1114098
2 1041405
2 1078701
2 1041054
2 1072599
2 1064067
2 1003227
2 1021182
2 1037859
2 1046850
2 980925
2 1118364
2 1100283
2 1094217
2 1083174
2 1107789
2 1099842
2 1098357
2 1059693
2 1103307
2 1062258
2 1040244
2 985299
2 1054914
2 1047822
2 1043106
2 1033773
2 1043880
2 964248
2 1035375
2 1049514
2 1027662
2 1044348
2 1080546
2 1058658
2 1064787
2 996711
2 982500
2 1082157
2 1031955
2 1017312
2 1032333
2 1076019
2 991428
2 1053888
2 1030938
2 985425
2 1078953
2 1062978
2 1075569
2 1053096
2 1045149
2 1017447
2 1030785
2 1055265
2 985344
2 1095423
2 982806
2 1069701
2 1014279
2 1108482
2 1108176
2 1098960
2 1057146
2 1045815
2 1118058
2 983886
2 1076244
2 1079637
2 1069197
2 1108311
2 1044627
2 1094667
2 1088529
2 960540
2 1076811
2 1050918
2 1074102
2 1118607
2 1070862
2 1032540
2 1029174
2 1104513
2 1054626
2 1081068
2 985371
2 991140
2 1093785
2 1074372
2 1062744
2 1077927
2 1060215
2 1078188
2 1059036
2 1057974
2 944034
2 1089141
2 1075344
2 1030362
2 1046004
2 1089663
2 1066191
2 1016403
2 1106988
2 1077333
2 1121127
2 1049001
2 1058064
2 1019310
2 1079583
2 1102236
2 1075515
2 1010607
2 1109490
2 993165
2 1066128
2 988008
2 1050567
2 1074282
2 1014576
2 1122468
2 1086774
2 1043700
2 1068036
2 1051395
2 1122468
2 1050090
2 1059144
2 1084920
2 1009086
2 1055850
2 1072437
2 1121478
2 1040118
2 1020813
2 1000050
2 1023423
2 1029183
2 1122684
2 1085505
2 1024530
2 1077711
2 1101579
2 1040046
2 1093569
2 1006737
2 1059234
2 1020876
2 1058172
2 1036923
2 959640
2 1076973
2 1029615
2 1047318
2 1088880
2 1122099
2 988368
2 1044231
2 1100454
2 1006107
2 1059603
2 971484
2 1079304
2 1031712
2 1087791
2 1078926
2 1087620
2 1122162
2 1032243
2 1056885
2 1121910
2 1054698
2 1000113
2 1047156
2 1092021
2 1111830
2 1050738
2 1014171
2 961926
2 1028562
2 1067163
2 1046085
2 1046292
2 1068639
2 1009797
2 1075362
2 1068684
2 1010418
2 1110624
2 1036770
2 999393
2 1037256
2 1054806
2 1084092
2 1035519
2 1044033
2 1080285
2 1091112
2 1043637
2 1060818
2 1014135
2 1069980
2 1106979
2 1065714
2 978288
2 936906
2 1041414
2 1056372
2 1076703
2 1064391
2 1010787
2 1054788
2 1037679
2 1065813
2 971736
2 977127
2 1078260
2 1092921
2 1076838
2 1087593
2 1059585
2 1110183
2 1096170
2 1019508
2 1102146
2 1089870
2 1067478
2 1071636
2 1019544
2 1050063
2 1105890
2 1032981
2 1040352
2 947013
2 1065372
2 1036599
2 1038363
2 1064571
2 1080177
2 1031649
2 1008186
2 1006485
2 1115952
2 1004298
2 1117509
2 1059504
2 1087467
2 1087269
2 1039938
2 1093695
2 1069224
2 1057929
2 1103595
2 1095315
2 1106988
2 1024350
2 1079466
2 1035033
2 1024530
2 1102002
2 1012011
2 1110768
2 1052214
2 1025565
2 1079943
2 1097016
2 1058802
2 1004784
2 1069044
2 1030290
2 978063
2 970512
2 950262
2 1015323
2 1063158
2 1023216
2 1020462
2 1085271
2 1052970
2 1087341
2 1113549
2 978747
2 1039821
2 1052943
2 1033098
2 1045644
2 1109841
2 1104801
2 1067748
2 1057290
2 999933
2 1026357
2 1092066
2 1102146
2 1051494
2 1061898
2 970575
2 1088853
2 959073
2 1070889
2 1012272
2 1018041
2 1092201
2 1000752
2 1062474
2 1083039
2 1042836
2 993921
2 1108716
2 1057434
2 1035564
2 984336
2 1076496
2 1060953
2 1089861
2 1086495
2 1045302
2 1043583
2 1112514
2 1107690
2 1039263
2 1065912
2 1023180
2 1099833
2 980790
2 995667
2 1077171
2 1092210
2 1088403
2 1084398
2 1080258
2 1030398
2 979773
2 1100553
2 1100310
2 999735
2 1063437
2 1081491
2 1100265
2 1043754
2 1017285
2 1068099
2 1093848
2 1038939
2 1080780
2 1029363
2 1115637
2 1035276
2 1048128
2 1035294
2 1041891
2 1056012
2 1056804
2 1018617
2 997908
2 998934
2 1070448
2 1057704
2 946788
2 1042134
2 1098609
2 1054833
2 971961
2 1095009
2 1023441
2 1054590
2 1069971
2 1027959
2 1018095
2 1008429
2 1114917
2 1070178
2 1077756
2 1015467
2 1039893
2 1034007
2 1079052
2 1024224
2 1055364
2 1015530
2 1122963
2 1055085
2 1063716
2 1116762
2 1036626
2 1108140
2 1023945
2 976596
2 1076433
2 1028292
2 1047345
2 1030299
2 1032693
2 1065435
2 1052448
2 1058694
2 1028643
2 1071366
2 1087737
2 1073481
2 1032396
2 1038129
2 1048839
2 1037148
2 926178
2 1121154
2 1022343
2 1103352
2 1045932
2 1021452
2 1077621
2 977586
2 1004829
2 1091076
2 1074228
2 1120074
2 1049091
2 1104810
2 1034367
2 974877
2 1016817
2 1036986
2 1032882
2 1054896
2 1065444
2 1063500
2 1053438
2 975768
2 940290
2 1046058
2 1123053
2 1070664
2 1039956
2 1058982
2 1057605
2 1090221
2 1049847
2 1038273
2 1083498
2 979800
2 1061331
2 1108356
2 1034277
2 1104936
2 1019562
2 1048812
2 1081563
2 1036077
2 1028814
2 1108176
2 1088952
2 1007340
2 1089015
2 1100049
2 1062591
2 1076658
2 997836
2 1062438
2 1043205
2 1030236
2 1090518
2 1095513
2 972807
2 1013730
2 978387
2 1074786
2 1015188
2 1032126
2 1067397
2 1065750
2 1042899
2 1054311
2 1100202
2 1043502
2 987405
2 1070304
2 976812
2 1076595
2 1081887
2 1028121
2 1017303
2 1055706
2 1075911
2 1014684
2 1045176
2 1067811
2 1095333
2 1082580
2 1067496
2 1103928
2 1073850
2 1026006
2 1107321
2 1031505
2 1042899
2 1001490
2 1106691
2 1051035
2 988656
2 1068360
2 1023594
2 989772
2 1035573
2 1098627
2 1052889
2 1035870
2 1056885
2 1041801
2 1061043
2 1089753
2 1015314
2 1021308
2 1000059
2 1021254
2 1023099
2 996972
2 1037337
2 1066218
2 974859
2 1080708
2 1034871
2 1056336
2 1023738
2 1014333
2 1042719
2 1084065
2 1089258
2 997863
2 1110282
2 1032585
2 1093281
2 1104855
2 1036068
2 990915
2 1093047
2 1055643
2 1012479
2 1047732
2 1044924
2 1057551
2 1049100
2 1033107
2 993597
2 1074642
2 1032324
2 1073571
2 1076001
2 1084749
2 1019391
2 1071834
2 1070493
2 996405
2 1052151
2 1055130
2 1048074
2 1061547
2 1031073
2 1044042
2 1011372
2 1036365
2 1035348
2 1072374
2 1058928
2 960972
2 1034907
2 1006935
2 1044447
2 1075794
2 1076667
2 975435
2 1053294
2 1081113
2 1075299
2 1039767
2 1102650
2 1058622
2 1085955
2 1024143
2 1053843
2 991149
2 962205
2 1088115
2 1116915
2 1022712
2 1017960
2 1076334
2 1026546
2 1075911
2 1019400
2 1119759
2 1035618
2 1096818
2 1070691
2 1009437
2 1016457
2 1031118
2 1069044
2 1063005
2 1060269
2 1078323
2 1026735
2 1026546
2 1026060
2 1019220
2 1083219
2 1050828
2 1108941
2 1043655
2 1080726
2 1077261
2 1014711
2 1010625
2 1027032
2 1082292
2 1050234
2 1045626
2 1017510
2 1098654
2 1080807
2 1049595
2 1120515
2 1091211
2 1088619
2 992418
2 1015341
2 1065129
2 1064985
2 1092174
2 1069845
2 1061520
2 1059612
2 1072086
2 1118742
2 1090203
2 1053744
2 1121190
2 1020687
2 1015008
2 1072149
2 1060269
2 1009104
2 1105548
2 1085019
2 1015287
2 1095864
2 1035582
2 1110696
2 1094244
2 1062915
2 1050441
2 975930
2 1068756
2 1080483
2 1051818
2 1095495
2 1024350
2 1033206
2 1051557
2 959622
2 1036293
2 1042512
2 1015566
2 1026618
2 1106916
2 1092030
2 1066407
2 1102920
2 1060683
2 1081833
2 1024971
2 1004091
2 1023954
2 1088709
2 1055787
2 1021785
2 1025646
2 1026177
2 1093911
2 1004802
2 1065003
2 1019778
2 1079529
2 1045896
2 1044564
2 1039695
2 1058037
2 1112451
2 1067397
2 1042926
2 1109607
2 1065579
2 1024215
2 1062735
2 1026735
2 1062429
2 1097079
2 1080240
2 1076073
2 1003659
2 1055535
2 1044357
2 1027689
2 1036959
2 1120245
2 1076748
2 1113072
2 1070223
2 1060485
2 1050279
2 1074390
2 1103154
2 1031973
2 1093605
2 1112829
2 1075911
2 1083102
2 1059783
2 1076955
2 1062186
2 1070448
2 1066794
2 1118292
2 1108194
2 977424
2 992553
2 1083237
2 967047
2 1098573
2 1014765
2 1022136
2 1003614
2 1081797
2 1105107
2 1076712
2 1046049
2 1026222
2 1074831
2 1042539
2 1064148
2 1038138
2 1069404
2 1102398
2 1089312
2 1029237
2 1091040
2 1039470
2 1032099
2 1028364
2 1064526
2 1073913
2 1097241
2 1098015
2 1081770
2 1042764
2 1084497
2 1011912
2 1075281
2 1040955
2 1085316
2 1037346
2 1051035
2 1037553
2 1094433
2 1075893
2 1013541
2 1009149
2 1074849
2 1046094
2 1031361
2 977424
2 1035879
2 1085442
2 1073967
2 1052367
2 1009599
2 1041864
2 1077369
2 1000554
2 1054176
2 1074282
2 1034880
2 1111623
2 1109796
2 1065723
2 1043169
2 1074921
2 1115889
2 977946
2 1096710
2 908511
2 1035051
2 1073202
2 1033728
2 1012587
2 1083579
2 1103379
2 1058334
2 1014828
2 1025340
2 1003227
2 1002093
2 1019769
2 1045590
2 1090869
2 1091778
2 1036923
2 1054374
2 987504
2 1041594
2 1009329
2 1082904
2 1061457
2 1069494
2 984309
2 1106259
2 1067217
2 1038930
2 1039749
2 1045149
2 1027698
2 1058640
2 1013712
2 1053843
2 1055895
2 1037157
2 1107942
2 1055688
2 1104261
2 1044906
2 969135
2 1115754
2 1108050
2 1025214
2 988305
2 980889
2 1099689
2 1005963
2 1046508
2 995028
2 982050
2 1107501
2 1038777
2 1105557
2 985848
2 1020318
2 1056552
2 1092237
2 1097907
2 1101372
2 1074561
2 1094946
2 1036815
2 1046553
2 1113054
2 1029327
2 1079457
2 1122594
2 1018068
2 1079466
2 1112685
2 1058730
2 1001139
2 1038606
2 1034358
2 1072545
2 1056516
2 1069782
2 1004226
2 1048713
2 1061754
2 1084425
2 1112082
2 1078548
2 1047696
2 1106430
2 1040082
2 1072032
2 1087125
2 1025223
2 1092867
2 1119822
2 1099563
2 1040487
2 1111578
2 1058073
2 1073706
2 1066425
2 1090122
2 1080825
2 1072437
2 1072176
2 1024359
2 1078656
2 1057983
2 1097025
2 931191
2 1096035
2 1030155
2 1075020
2 1121280
2 1001958
2 1118940
2 1055265
2 997008
2 983706
2 1071186
2 1024179
2 1085694
2 1083102
2 1118148
2 1037508
2 1056426
2 1052628
2 1032612
2 1077999
2 1060845
2 1025709
2 1039182
2 1079484
2 1096134
2 1081428
2 1032225
2 1014405
2 1047957
2 1063401
2 1104207
2 1103685
2 1119867
2 976704
2 1040577
2 1075857
2 1044483
2 1046940
2 1032765
2 1001670
2 1060458
2 1053726
2 1110201
2 1082598
2 1040460
2 1022955
2 1032378
2 1080573
2 968352
2 1031370
2 1041477
2 1081941
2 1115889
2 962817
2 1012182
2 1059567
2 1018230
2 1078224
2 1091085
2 1079340
2 1045545
2 1106673
2 1087809
2 1108167
2 1076847
2 1061646
2 1046238
2 1065111
2 1068180
2 1011363
2 1056453
2 1047453
2 1102731
2 989826
2 1046409
2 1043853
2 1050288
2 1057830
2 1046112
2 1101732
2 1069845
2 1067874
2 1014981
2 1070646
2 1047012
2 1018320
2 1014414
2 1033908
2 1008078
2 1055067
2 1113513
2 1076910
2 1013694
2 1053771
2 1078584
2 1063509
2 1055004
2 966750
2 1071222
2 1073481
2 1006782
2 1090770
2 1056534
2 1012020
2 1065984
2 1018428
2 1099257
2 993057
2 1030542
2 1099932
2 1035492
2 1054149
2 1036725
2 1024521
2 1033467
2 1083156
2 1114368
2 1054500
2 1070493
2 1083039
2 1093713
2 1017789
2 1028373
2 1009464
2 1026006
2 1011849
2 1095306
2 1027149
2 1062924
2 1093938
2 1025565
2 1021299
2 1031496
2 1103622
2 1086378
2 1089843
2 1106196
2 1028877
2 1038354
2 1067352
2 1050405
2 1066713
2 1101561
2 1063563
2 1051314
2 1084452
2 1051863
2 1071771
2 966858
2 1094478
2 1039209
2 971934
2 1049523
2 981501
2 1066848
2 1090194
2 1096899
2 1069359
2 989529
2 963519
2 1050900
2 1015863
2 949866
2 1062330
2 1021470
2 991626
2 1039551
2 1004028
2 1013856
2 1060719
2 1091796
2 947814
2 1029120
2 1046418
2 1033962
2 1015377
2 1068657
2 1059018
2 958830
2 1060278
2 1009572
2 1101678
2 1102227
2 1011480
2 1072860
2 1050684
2 1063689
2 1064769
2 1030740
2 1011336
2 1088529
2 1082058
2 1049091
2 1070070
2 1110030
2 990708
2 1027716
2 1092165
2 1045833
2 1049613
2 1101984
2 1017114
2 1098816
2 1016763
2 942135
2 1088943
2 1019310
2 1062996
2 1060440
2 1026276
2 1013811
2 1092777
2 1062870
2 1024710
2 1065309
2 1063590
2 1026357
2 1018779
2 994434
2 1101228
2 1109463
2 1027023
2 1102083
2 1057056
2 1070880
2 1059063
2 1060296
2 1047426
2 1081149
2 1031649
2 1087836
2 1091094
2 1051935
2 1008762
2 1110093
2 1030497
2 1082724
2 1008546
2 1042224
2 1017744
2 1069458
2 999123
2 1052430
2 1079997
2 1044060
2 1043898
2 1094145
2 1015467
2 1086513
2 1076469
2 1010787
2 1117365
2 988377
2 1044834
2 1096692
2 1020156
2 1002435
2 1046958
2 1073886
2 1042278
2 1104837
2 1084101
2 1075884
2 1081932
2 1024971
2 1117860
2 1039011
2 1011462
2 1066569
2 1059855
2 977748
2 1024818
2 1048623
2 1098177
2 1080195
2 1040919
2 1055193
2 1003632
2 1020372
2 1025961
2 1057938
2 1053474
2 1073463
2 1050216
2 1069854
2 1063221
2 1013253
2 1044762
2 1051341
2 1111281
2 1092525
2 1084596
2 1094334
2 1069377
2 1054851
2 1064769
2 1015881
2 1097565
2 1012146
2 974184
2 1073301
2 1060521
2 1069872
2 1014864
2 997062
2 1086864
2 1041882
2 1061907
2 1073472
2 1102812
2 1078593
2 1023684
2 1040127
2 936213
2 1079673
2 1087503
2 1008051
2 988188
2 1038930
2 1053537
2 1022055
2 1038777
2 1055967
2 1094676
2 1091841
2 1073499
2 1051026
2 1027644
2 1096728
2 972249
2 1074237
2 961557
2 1067559
2 1079421
2 988044
2 1006530
2 956184
2 996441
2 1057650
2 1121883
2 1092885
2 1071042
2 1014216
2 1038696
2 1081986
2 1007682
2 1039938
2 1037841
2 1092102
2 1048272
2 953259
2 1000833
2 1031217
2 1092723
2 1080843
2 1099104
2 1053933
2 1031460
2 1020093
2 991266
2 1058235
2 1031748
2 1042224
2 1076820
2 1089087
2 1081374
2 1027491
2 1043061
2 1080402
2 1029084
2 1105962
2 1071357
2 1103856
2 1071078
2 1000824
2 1050180
2 1078521
2 1035015
2 1044312
2 1004451
2 1052655
2 1015692
2 1023369
2 1029363
2 969333
2 1027374
2 1036095
2 1026798
2 1047525
2 1083741
2 1085334
2 1094811
2 1013901
2 1063761
2 1016808
2 1024296
2 990555
2 1099365
2 1095738
2 1075065
2 1004721
2 1047669
2 1049964
2 1052943
2 1020318
2 1037832
2 936861
2 1018617
2 1049703
2 1023387
2 1044510
2 1084326
2 1081617
2 1114512
2 1105962
2 1073094
2 1042539
2 1108041
2 981879
2 1035852
2 1041189
2 1053789
2 1050738
2 1029102
2 1054158
2 1068495
2 1004253
2 1103127
2 1026456
2 1014432
2 1080294
2 1055598
2 1080852
2 1029750
2 1008465
2 1029849
2 1023063
2 1059513
2 1046184
2 989862
2 1066830
2 1066929
2 1121955
2 1049442
2 1093038
2 1054302
2 1099455
2 1062582
2 1016142
2 1007835
2 1032972
2 947391
2 1122477
2 1024881
2 1083606
2 1008564
2 1086873
2 1046868
2 1073508
2 1051989
2 963438
2 1026492
2 1048515
2 904974
2 1110930
2 1043997
2 1082193
2 1067208
2 1093218
2 1067847
2 992760
2 1035996
2 1025115
2 1035978
2 997125
2 1093605
2 1017465
2 1016646
2 1096062
2 1088880
2 1087377
2 1014234
2 1081779
2 1068477
2 1114512
2 1018185
2 1122693
2 1038624
2 1082607
2 1029876
2 1004676
2 1068864
2 1081122
2 1016574
2 1027176
2 988359
2 1060467
2 1089654
2 965778
2 1084992
2 1081419
2 1007070
2 1104351
2 1073076
2 987072
2 1027932
2 1071582
2 1079682
2 1043115
2 1104513
2 1038975
2 1062438
2 1067352
2 1070988
2 1086396
2 986028
2 1007016
2 997593
2 1068351
2 1054905
2 1099662
2 1082193
2 1097952
2 1065957
2 1023756
2 968937
2 917133
2 1052799
2 1033161
2 1106187
2 1067154
2 1121361
2 1085361
2 1027392
2 1057506
2 1014693
2 999312
2 1052907
2 1080771
2 1042188
2 1008735
2 1052835
2 1027860
2 952728
2 1078656
2 1109634
2 980178
2 1063248
2 1107843
2 992751
2 969558
2 1000842
2 984237
2 1095081
2 996198
2 1025475
2 1115160
2 1077684
2 947148
2 1083966
2 1012119
2 1083210
2 1089033
2 1017492
2 1112505
2 1120758
2 1097556
2 1014801
2 1054284
2 1018077
2 1077837
2 1026636
2 1073220
2 1076262
2 1108050
2 1034538
2 1049055
2 997269
2 938949
2 1064247
2 1019553
2 1018770
2 1068234
2 1037832
2 975948
2 1084164
2 1041342
2 1040532
2 1046202
2 1020066
2 1107672
2 1092084
2 1039533
2 1069809
2 1048128
2 1092291
2 1019688
2 1059783
2 1088205
2 1092849
2 1066947
2 1063473
2 1007412
2 934044
2 1119408
2 1032108
2 1090320
2 985542
2 1055130
2 1101210
2 989673
2 1104810
2 1045302
2 1057902
2 1012884
2 1008096
2 1100931
2 1095414
2 999510
2 1029417
2 985326
2 1037814
2 1008852
2 1095009
2 1115304
2 1070223
2 1030542
2 1018716
2 1013352
2 1113009
2 1090482
2 979305
2 1108329
2 1008951
2 1079619
2 963843
2 1062510
2 1079223
2 1019157
2 1030083
2 1103172
2 1092597
2 1036059
2 1054104
2 1032792
2 1071906
2 1030110
2 1052799
2 962907
2 1087233
2 1081401
2 1102002
2 1035789
2 943926
2 1120920
2 1062258
2 992481
2 1013208
2 1067838
2 1035591
2 1031847
2 1039101
2 1019427
2 1033782
2 1027239
2 1094217
2 1073985
2 1077954
2 1008267
2 1094487
2 1025583
2 1073022
2 1101381
2 1104126
2 1101444
2 1036248
2 1002255
2 1079421
2 1065435
2 1107213
2 1066290
2 1059396
2 1047660
2 1043340
2 1056489
2 1078404
2 1040964
2 1044879
2 1040613
2 1031964
2 1026591
2 1044879
2 1033926
2 1023657
2 1060152
2 1112946
2 1103694
2 1091994
2 1057947
2 1116033
2 1075731
2 1008744
2 999114
2 1084101
2 1011651
2 987801
2 1078143
2 978108
2 1012632
2 1029345
2 1055157
2 1041270
2 1079412
2 1005216
2 1080681
2 1031532
2 977748
2 1016394
2 1040307
2 1010094
2 1048542
2 1041684
2 1084155
2 1072473
2 990546
2 1108725
2 1112532
2 1086171
2 1074111
2 1096917
2 1120812
2 1001949
2 1093686
2 1074678
2 1050783
2 1038138
2 1047048
2 1041432
2 1040586
2 1045014
2 994686
2 1044735
2 1059909
2 1086072
2 1059153
2 1063032
2 1064544
2 1064346
2 1062726
2 1096530
2 975048
2 1068225
2 1018131
2 1029822
2 1039938
2 1099194
2 1087413
2 1055742
2 1082076
2 1083939
2 1025997
2 1047156
2 1013262
2 1062006
2 990447
2 1007421
2 1006584
2 1064427
2 956157
2 1092840
2 1023909
2 1035420
2 1049478
2 1118706
2 1044456
2 1082418
2 1048650
2 1103559
2 1103640
2 1045023
2 1060611
2 1061358
2 1009905
2 1007637
2 999240
2 1067487
2 1067298
2 1011993
2 991680
2 1055247
2 1031226
2 981726
2 1116996
2 1035690
2 1047471
2 990123
2 1084560
2 969306
2 1050207
2 1105512
2 1066245
2 1068153
2 1040028
2 1055553
2 1018707
2 989016
2 1088898
2 1001076
2 1026951
2 1016466
2 1068783
2 1029372
2 969441
2 1016484
2 1060530
2 1099599
2 1107195
2 1053780
2 1054311
2 1061835
2 1050468
2 1090887
2 1041162
2 1041828
2 1090320
2 1037256
2 1079826
2 982779
2 1012614
2 1042656
2 1093236
2 1072887
2 1049559
2 1069179
2 1121784
2 1031658
2 1015485
2 1081149
2 1099437
2 1059801
2 1002039
2 1108581
2 978099
2 1088088
2 1120740
2 1091535
2 1063113
2 1105206
2 1068531
2 1096251
2 1109112
2 970953
2 1027662
2 1095585
2 1010706
2 1093452
2 1090086
2 1023819
2 1001463
2 1055724
2 1066587
2 1090779
2 1041792
2 1076001
2 1037049
2 987378
2 1031073
2 1075965
2 1070403
2 962709
2 960666
2 1072950
2 1090608
2 1083309
2 1118751
2 1075128
2 1037130
2 1044294
2 1065876
2 985011
2 1059792
2 901149
2 1017150
2 1121037
2 1068540
2 1100985
2 1055445
2 1056039
2 1036338
2 1053195
2 1055913
2 977154
2 1035843
2 1094793
2 1004622
2 1069359
2 1003398
2 1020525
2 1113693
2 1058271
2 1071789
2 1089267
2 1069683
2 998601
2 1105260
2 1052871
2 991923
2 1054383
2 1074948
2 1077891
2 1027041
2 1091364
2 1112595
2 1053186
2 1055139
2 967659
2 1026195
2 1038597
2 1067442
2 1050819
2 1051116
2 1037769
2 1067784
2 1067496
2 1049073
2 1052358
2 1069728
2 1073049
2 995892
2 1107996
2 1037652
2 1055454
2 1032756
2 1011687
2 1082733
2 1001346
2 1088538
2 1078395
2 982104
2 1071375
2 1019238
2 1099734
2 1082643
2 1045419
2 1071969
2 1113504
2 1023918
2 1018212
2 1037022
2 1073904
2 1000590
2 1019058
2 1042287
2 1041441
2 1049820
2 1069926
2 1059351
2 1083075
2 1094181
2 1067028
2 996693
2 1041351
2 1018158
2 1052376
2 1017834
2 1018023
2 1056948
2 1084542
2 1043025
2 1115430
2 1019058
2 1047372
2 1100409
2 1052034
2 1053528
2 1040775
2 1001364
2 1107960
2 1099950
2 1004064
2 1070052
2 1070862
2 1090680
2 1001130
2 1037715
2 928617
2 1090149
2 1060017
2 1020471
2 1107915
2 1087341
2 1116717
2 1058019
2 1040910
2 1088358
2 1043565
2 994452
2 1020408
2 1085550
2 1029660
2 989052
2 1061574
2 1054779
2 1060539
2 1071240
2 1118625
2 1024818
2 1105629
2 1007790
2 1061331
2 1040667
2 1069755
2 1013028
2 1065651
2 1053798
2 1088538
2 1044015
2 1077900
2 988152
2 1042449
2 1121055
2 998952
2 1029084
2 1030146
2 1061493
2 1028463
2 1039281
2 1103703
2 1093254
2 1042926
2 1039038
2 1122747
2 1041495
2 1056498
2 1053015
2 1065498
2 1119435
2 1007358
2 1044969
2 1101291
2 1053456
2 1045329
2 1065498
2 1122945
2 1040829
2 1103712
2 1042962
2 969189
2 1067973
2 1014135
2 977199
2 1030839
2 982185
2 1006062
2 1008960
2 1030929
2 1079412
2 1075704
2 1087908
2 1001157
2 1073715
2 1038102
2 1021002
2 1048866
2 1085055
2 1026051
2 1016259
2 1114467
2 1035717
2 1043682
2 1003308
2 1055607
2 1054986
2 1105521
2 1108599
2 1032468
2 1031217
2 1065750
2 1017294
2 1067496
2 1050018
2 917322
2 1044600
2 1084038
2 1121577
2 1053933
2 1039146
2 1017231
2 1104720
2 1047183
2 1031343
2 1056741
2 1086684
2 1086621
2 1028787
2 1109544
2 1105080
2 1041828
2 1064481
2 1048596
2 1061682
2 1086171
2 910455
2 1057407
2 1039074
2 1030659
2 1040127
2 1013604
2 1003920
2 1106205
2 1032423
2 1066479
2 971727
2 1081050
2 982707
2 1103289
2 1088637
2 1018302
2 1103010
2 1044402
2 1022487
2 1044681
2 997908
2 1048308
2 1037283
2 975417
2 1076550
2 1016988
2 1034016
2 1046679
2 1010445
2 1100967
2 1097466
2 1050531
2 1090356
2 1086909
2 1112622
2 993183
2 1111668
2 1044978
2 1038201
2 996900
2 1051332
2 1100517
2 939237
2 1020579
2 1015224
2 1027401
2 1085208
2 1081797
2 1088394
2 1019400
2 1002462
2 1060521
2 1062870
2 1083435
2 997629
2 993993
2 1021209
2 1107357
2 1033323
2 1087764
2 1053663
2 1055373
2 1041657
2 1029948
2 1044546
2 1089888
2 1068315
2 1104036
2 1094352
2 1081941
2 1040622
2 1098420
2 1089492
2 1013478
2 1047813
2 1054824
2 1090212
2 1023936
2 1090797
2 1093866
2 1059612
2 1065633
2 1100355
2 1030668
2 1008528
2 1084065
2 1094505
2 1075830
2 1084029
2 1058496
2 1035456
2 1028364
2 1038714
2 1066794
2 1082463
2 1090338
2 972483
2 1086468
2 1026465
2 981447
2 1087377
2 1021578
2 1021101
2 1082301
2 1116780
2 1072455
2 1067523
2 1077810
2 1093578
2 1096233
2 1081086
2 1071987
2 1089375
2 1049577
2 1047912
2 1002039
2 1037409
2 982122
2 1030749
2 1077900
2 1006755
2 985434
2 1038624
2 1063068
2 1036518
2 996999
2 1049712
2 1039722
2 1099491
2 1018437
2 1049388
2 1045833
2 1019796
2 1005684
2 1046139
2 1092561
2 1117293
2 1022316
2 969828
2 1055508
2 913938
2 1050594
2 1071798
2 985254
2 1075146
2 1005252
2 1089906
2 1000824
2 1031316
2 968685
2 1037292
2 1037535
2 926223
2 1015368
2 1058919
2 1033935
2 1048470
2 1045419
2 1086900
2 944772
2 1020876
2 1084452
2 1081815
2 1064067
2 1121829
2 1105746
2 1071960
2 1009896
2 1084434
2 1096161
2 1109814
2 1025619
2 1054950
2 1078872
2 1058136
2 1016961
2 1046319
2 1099302
2 1106943
2 1081608
2 1095783
2 1042215
2 1108968
2 1035987
2 1083876
2 1097997
2 987918
2 1105773
2 1018824
2 1020003
2 983436
2 1035753
2 992814
2 1040739
2 1057938
2 1033863
2 1082481
2 1055562
2 1054095
2 1044690
2 1033674
2 1097610
2 1003803
2 983508
2 1082526
2 1066542
2 1063041
2 1103676
2 995514
2 1062258
2 1004739
2 967002
2 1104279
2 1022379
2 1025079
2 1053420
2 1060881
2 1016808
2 1060125
2 1106259
2 1114620
2 1075083
2 1060206
2 1040361
2 1045707
2 1033350
2 1075767
2 1029840
2 1046859
2 1046895
2 1071258
2 1116555
2 1121730
2 1107330
2 1054752
2 1035366
2 1071690
2 1100013
2 1089474
2 1088745
2 1086279
2 1036257
2 974346
2 1050585
2 1092309
2 1062510
2 1113504
2 1061529
2 1041333
2 1084452
2 1027968
2 957246
2 1034520
2 988071
2 1052700
2 1064202
2 1015278
2 1013928
2 964230
2 1068234
2 1027554
2 1085658
2 1069503
2 951342
2 1081437
2 1018932
2 1045077
2 1037517
2 1035195
2 1039029
2 1009986
2 1052205
2 1021335
2 1081365
2 1059693
2 1079484
2 1044312
2 1053807
2 1055994
2 949488
2 1099824
2 1080105
2 1039740
2 1037787
2 1094226
2 1012929
2 1014441
2 1118193
2 1066983
2 1062177
2 974688
2 1056804
2 1070952
2 1021119
2 1092039
2 1022784
2 1074174
2 1043718
2 1085145
2 1063599
2 1031451
2 1063662
2 1008555
2 1086900
2 1073994
2 1039470
2 1072302
2 1061583
2 1068432
2 1017141
2 929319
2 947679
2 1033656
2 1058856
2 1046238
2 1048695
2 1097070
2 1059585
2 1077990
2 1068684
2 1085091
2 1043043
2 1019364
2 1031721
2 1048533
2 1061727
2 1035231
2 1073058
2 1004172
2 1024827
2 1112550
2 1068396
2 1005531
2 1078242
2 1063671
2 1074453
2 1063680
2 1071852
2 1082562
2 1122396
2 1088646
2 1056597
2 1064436
2 1101165
2 1022397
2 1020138
2 1035465
2 1023513
2 1120425
2 1007547
2 1065084
2 1012713
2 1058676
2 1046733
2 1058739
2 1035501
2 1035465
2 1088241
2 992679
2 1017186
2 1048452
2 1040442
2 1114746
2 1040532
2 1057542
2 1053042
2 1039227
2 1072104
2 1060242
2 1077081
2 1033728
2 1072446
2 1023324
2 1069638
2 1104630
2 1108275
2 1026006
2 1036104
2 995523
2 1030830
2 1016961
2 1063689
2 1057569
2 1000707
2 1111695
2 1074561
2 1055202
2 1090095
2 1059378
2 1031082
2 1019040
2 1069728
2 1059549
2 1080933
2 1022694
2 1075020
2 1078674
2 1091085
2 1074813
2 1048758
2 1068603
2 1063698
2 1050135
2 1100148
2 990105
2 994740
2 983508
2 1087575
2 1077054
2 1055571
2 1116564
2 1052799
2 1094019
2 1064166
2 1068621
2 1107069
2 1087926
2 1061043
2 1046904
2 1101768
2 1079151
2 1077774
2 1054734
2 1072437
2 1019859
2 1016862
2 1009878
2 1054761
2 1093362
2 1065651
2 1027761
2 1081923
2 1097394
2 1115889
2 1014729
2 1107852
2 1003839
2 1039263
2 1024377
2 1009374
2 1039605
2 1019454
2 1078143
2 1091787
2 1041999
2 1071537
2 1031937
2 1043475
2 1041720
2 1050396
2 1015953
2 1084722
2 1076757
2 1051242
2 1056273
2 1038363
2 1055364
2 1046166
2 1087017
2 1091418
2 939831
2 1069152
2 1090185
2 1030524
2 1059522
2 969333
2 1056399
2 1088088
2 1097907
2 1026978
2 1069125
2 1035375
2 964239
2 996315
2 1105818
2 1075101
2 1090896
2 1030767
2 1075443
2 1023549
2 1028760
2 1050657
2 1029345
2 1089933
2 1115664
2 941820
2 1066839
2 1084479
2 1059072
2 1004946
2 1109031
2 1043907
2 1020822
2 1102857
2 1093218
2 1064211
2 1065201
2 1104054
2 1122081
2 978918
2 1076289
2 1057290
2 1008852
2 1026897
2 1038741
2 1040118
2 1036986
2 1053924
2 1071951
2 1096098
2 1010490
2 1024899
2 1069773
2 1024242
2 1083696
2 1037688
2 1042269
2 1028256
2 1034853
2 964833
2 1001760
2 1087926
2 1075992
2 1041252
2 989061
2 1002210
2 1046409
2 1105251
2 1006872
2 1113927
2 1080186
2 981366
2 1064319
2 1051782
2 986973
2 1068927
2 1078593
2 1101318
2 1082346
2 1076712
2 1080366
2 1056507
2 1059873
2 1004784
2 1082589
2 1083561
2 1089474
2 1104549
2 1096620
2 1002417
2 1048011
2 1036275
2 1075317
2 1006440
2 1016988
2 1094604
2 1006602
2 1044627
2 1037607
2 970206
2 1053600
2 1069170
2 1099905
2 1078296
2 1076658
2 1058163
2 997107
2 1058118
2 1071222
2 1053321
2 1117860
2 1082337
2 932298
2 1059180
2 1028463
2 1047687
2 1033557
2 983463
2 1097250
2 1083696
2 1068207
2 1017897
2 1044564
2 1073634
2 967992
2 985146
2 942729
2 1063734
2 1090302
2 1016907
2 1098087
2 1045563
2 959721
2 1091661
2 1082013
2 1026456
2 1052925
2 1073958
2 1014441
2 1094406
2 1075776
2 1104702
2 1053456
2 1058028
2 1062555
2 1082778
2 1060962
2 1051215
2 1042170
2 1080717
2 1120749
2 1048074
2 980817
2 1069728
2 1026609
2 1092777
2 1022262
2 1028832
2 1079169
2 1112766
2 1027698
2 1026060
2 1091418
2 1100058
2 1047768
2 1056480
2 1102380
2 1061619
2 1102182
2 1080825
2 1069395
2 1059720
2 1104171
2 1075263
2 1092102
2 1036941
2 1008366
2 1100175
2 1033044
2 1081104
2 1083588
2 1046562
2 997314
2 1052187
2 1026447
2 1068432
2 1007007
2 1077630
2 1046625
2 1050297
2 1022235
2 1099293
2 951747
2 1055247
2 1121640
2 1094496
2 1072455
2 1066200
2 1035510
2 1098852
2 1025799
2 1029471
2 1119480
2 1016826
2 1051944
2 1075650
2 996279
2 1046940
2 1016898
2 1068918
2 1036923
2 1044924
2 1020498
2 1064859
2 1033269
2 1021299
2 1067442
2 1076046
2 1079007
2 1030011
2 1054167
2 1071150
2 1021767
2 1004946
2 1095774
2 1071861
2 979170
2 1060935
2 1070835
2 1058397
2 1030938
2 1065102
2 1083201
2 1071834
2 1054383
2 943998
2 1024098
2 1017105
2 1100193
2 1005900
2 1076037
2 1050756
2 1072086
2 1078773
2 1063230
2 1117446
2 1081320
2 1033737
2 1035555
2 962295
2 1089042
2 1122288
2 1052277
2 1089312
2 1050252
2 1053672
2 1018194
2 1103172
2 1080753
2 987306
2 1019355
2 1111524
2 1108518
2 1061691
2 1110111
2 1030758
2 960999
2 1082760
2 1076514
2 1080681
2 907062
2 997845
2 1062996
2 1078719
2 1066794
2 991725
2 1014792
2 1038597
2 1095954
2 1121091
2 1081455
2 869685
2 1077324
2 1062357
2 989475
2 1010571
2 1056579
2 1058127
2 1120308
2 1100706
2 1073661
2 1075767
2 1056543
2 1022874
2 1048902
2 1053951
2 1026870
2 1057119
2 1071636
2 1080132
2 1046022
2 1098006
2 1040334
2 1111722
2 989367
2 1102884
2 1091526
2 1052241
2 1094559
2 1086072
2 1079835
2 1046310
2 1080699
2 1055391
2 1032612
2 1069818
2 983688
2 1043871
2 1055760
2 968703
2 1092210
2 1043682
2 1089222
2 1098042
2 1027293
2 960297
2 1059261
2 1063833
2 1016817
2 1040766
2 1069566
2 990078
2 1018203
2 1015602
2 1044204
2 1014396
2 1042935
2 1107816
2 936474
2 1091184
2 1065948
2 1011228
2 1087188
2 1061403
2 1039947
2 1019436
2 1096368
2 1075335
2 1046103
2 1002993
2 1046517
2 1054284
2 1046463
2 1067802
2 1110219
2 1083120
2 1017672
2 1036545
2 1116483
2 1047795
2 1026204
2 1081491
2 993858
2 1024890
2 1037130
2 1029273
2 1122981
2 982761
2 1065174
2 1081113
2 1024638
2 1094397
2 1081032
2 1007322
2 1120839
2 1098573
2 1093650
2 1038768
2 1024359
2 999564
2 1086909
2 1082670
2 1101849
2 1093011
2 1019283
2 1056345
2 1011363
2 1074048
2 1035456
2 1033359
2 1066749
2 1121370
2 1055841
2 1047894
2 988899
2 1057173
2 1055130
2 1119993
2 1089798
2 1076469
2 1022541
2 1000239
2 1062600
2 1057812
2 999600
2 1074453
2 999834
2 1105341
2 1060422
2 1063698
2 1115025
2 1058856
2 1030623
2 1001121
2 1064634
2 1096719
2 1083228
2 1023180
2 1085685
2 1121991
2 1101039
2 1014360
2 1096746
2 1040784
2 1064067
2 1003092
2 1095405
2 1066002
2 1070826
2 896649
2 1086054
2 1046139
2 1104369
2 1073832
2 1093794
2 1038759
2 1068756
2 1054302
2 1108221
2 1101525
2 1107294
2 1025844
2 1069503
2 1026150
2 1115232
2 1040478
2 1028427
2 1085334
2 1054680
2 1036383
2 1072689
2 1046139
2 1067910
2 1005918
2 1069845
2 1058388
2 1113486
2 1010229
2 1027311
2 1080222
2 1023414
2 1076271
2 1087539
2 1058865
2 1014576
2 1020039
2 1119822
2 993408
2 1051485
2 993624
2 1045365
2 1122900
2 1014189
2 1007178
2 1050432
2 1029444
2 1108140
2 1068882
2 1068990
2 1111416
2 1042899
2 1035852
2 1065084
2 1067334
2 1041369
2 1060251
2 1091787
2 1028229
2 1028184
2 1010949
2 1053600
2 988179
2 1057326
2 1095207
2 1082607
2 984723
2 991464
2 1023297
2 1097052
2 1006359
2 993696
2 1070367
2 947913
2 1038570
2 1047795
2 1050891
2 987603
2 1094379
2 1088511
2 1079943
2 942891
2 1031370
2 1044276
2 1082256
2 1049775
2 1067415
2 1060035
2 1040091
2 989745
2 1098546
2 1079799
2 1023657
2 1076262
2 1078458
2 1027005
2 1082841
2 1053321
2 1052718
2 1038012
2 1064292
2 1071222
2 1037229
2 1047597
2 1037913
2 986649
2 1037481
2 1089996
2 1091850
2 1088466
2 1104099
2 1090041
2 1055697
2 965580
2 1100454
2 1014081
2 1012776
2 1010931
2 991698
2 1089447
2 996396
2 1033521
2 1099275
2 1042872
2 1061142
2 1080006
2 991041
2 1075722
2 1119642
2 1038975
2 1079844
2 1034349
2 1115295
2 977523
2 1049109
2 1093956
2 1082121
2 1084182
2 1045869
2 1007241
2 1023126
2 1074102
2 1121649
2 1009842
2 987504
2 1024845
2 1090410
2 1039011
2 1067433
2 971070
2 1032549
2 1058352
2 1043700
2 1080636
2 1080915
2 1094775
2 931236
2 999231
2 1067838
2 1058451
2 1033179
2 1106601
2 1091904
2 955266
2 1023234
2 1040451
2 1048254
2 1105656
2 999690
2 1069089
2 1082688
2 1070538
2 1062456
2 957354
2 1107438
2 1098933
2 1072572
2 993255
2 937140
2 1047786
2 1038219
2 1059234
2 1018194
2 1021767
2 1059693
2 1000914
2 1016520
2 1087629
2 1000788
2 1089375
2 1088925
2 1040577
2 1061997
2 1071429
2 1102236
2 1060197
2 967830
2 1047129
2 1040235
2 1102011
2 1023972
2 1012830
2 1061484
2 964923
2 1073841
2 1078944
2 1105692
2 1105818
2 1096521
2 1092597
2 1104459
2 1119768
2 1101741
2 1034367
2 1094451
2 1029498
2 1071483
2 1006962
2 1065633
2 1034133
2 1030182
2 1115232
2 1077927
2 1069431
2 1097142
2 1103937
2 983508
2 1058541
2 1095747
2 1023990
2 1090527
2 1030569
2 1012650
2 999744
2 1057533
2 1057704
2 1026726
2 1037778
2 1041666
2 1052664
2 1057587
2 1020084
2 1059720
2 1059873
2 1075830
2 999906
2 1062969
2 1099005
2 1078071
2 1009554
2 1077882
2 1109274
2 1023927
2 969459
2 1098357
2 1073769
2 1115412
2 1040874
2 1088061
2 1033071
2 1007250
2 1083426
2 1033989
2 1021542
2 1044564
2 1012182
2 1052664
2 1023423
2 1077018
2 1002480
2 1024089
2 1015845
2 1075515
2 1041972
2 1080753
2 1077297
2 1100886
2 1037013
2 1102821
2 1007853
2 1051737
2 1076838
2 1033998
2 1107483
2 1087746
2 1067469
2 1044501
2 1028751
2 1074147
2 1045059
2 1047246
2 1091544
2 1063500
2 1016394
2 994344
2 1033044
2 996000
2 1030425
2 1058919
2 993165
2 1099851
2 1105935
2 1032864
2 1106781
2 1028292
2 1033557
2 1064040
2 1094226
2 1110273
2 963258
2 988971
2 1078170
2 1042710
2 1077189
2 1038093
2 1024881
2 1050153
2 1011192
2 1034880
2 1101426
2 1054500
2 1056444
2 1032990
2 1016853
2 1028958
2 1060323
2 1091310
2 1006773
2 1058469
2 1027878
2 1036419
2 1121010
2 1103091
2 1035960
2 1086801
2 973689
2 1036392
2 1107816
2 1076667
2 1107123
2 1016979
2 1067280
2 1059198
2 1092363
2 1050864
2 1023270
2 1087323
2 1022622
2 1083804
2 1074741
2 1018491
2 951702
2 1069395
2 1005414
2 1104162
2 1059090
2 966786
2 978459
2 1075983
2 999348
2 1064445
2 1069314
2 1025232
2 1084020
2 1064112
2 1089726
2 1029201
2 1094442
2 1065237
2 1104306
2 1056759
2 997188
2 1057830
2 1013640
2 1044015
2 1020885
2 1057191
2 1034475
2 1071555
2 1034124
2 1003569
2 1029363
2 1105566
2 1082580
2 1079484
2 1102992
2 1026897
2 1044024
2 1031163
2 1081068
2 1041432
2 1079295
2 1080510
2 1008231
2 1083597
2 1055328
2 1081833
2 1048119
2 1082976
2 1072356
2 1006170
2 1011075
2 1012317
2 1012551
2 1027482
2 1024386
2 1059531
2 1091814
2 1084605
2 1046472
2 1036599
2 1077936
2 1024899
2 1021146
2 1061682
2 1045536
2 1088448
2 1047093
2 937437
2 1037472
2 1066623
2 1055391
2 1076001
2 1054428
2 1067451
2 1088124
2 1087620
2 1025817
2 1100724
2 1082724
2 1052592
2 1057974
2 1063338
2 1045941
2 1089654
2 1106916
2 1114476
2 1012371
2 1030830
2 1103685
2 1067280
2 965409
2 1047588
2 994461
2 997998
2 1032243
2 987954
2 1079367
2 1071474
2 916089
2 1052763
2 1081860
2 1015809
2 1051998
2 1087485
2 1060692
2 1057560
2 1107105
2 1088781
2 1029570
2 1060809
2 1046076
2 1047093
2 967839
2 1096611
2 1079286
2 1026105
2 1041315
2 1046922
2 983787
2 1032432
2 1100373
2 1119606
2 1009374
2 1054554
2 1016277
2 1039344
2 1032189
2 1031919
2 1049631
2 1046283
2 1053762
2 978288
2 1083777
2 1113603
2 1106979
2 1071150
2 1042575
2 1044636
2 1045401
2 1027149
2 1005819
2 1043376
2 1090707
2 1051179
2 1083876
2 1032819
2 997152
2 1033017
2 1039020
2 1003362
2 1018095
2 985200
2 1069872
2 1058145
2 1047939
2 1064067
2 1062429
2 1013046
2 1008888
2 1077252
2 1108617
