1 1188
1 1512
1 873
1 900
1 747
1 1179
1 1143
1 1098
1 1053
1 990
1 666
1 1098
1 963
1 720
1 810
1 1395
1 702
1 1134
1 1152
1 576
1 828
1 981
1 774
1 900
1 1251
1 990
1 1377
1 1620
1 900
1 1350
1 1305
1 927
1 621
1 855
1 801
1 954
1 1530
1 666
1 747
1 1818
1 900
1 693
1 846
1 603
1 612
1 945
1 846
1 1485
1 1089
1 747
1 711
1 828
1 855
1 1251
1 1323
1 1125
1 1071
1 1431
1 1710
1 1683
1 1098
1 675
1 612
1 585
1 1188
1 1620
1 2754
1 1521
1 828
1 882
1 1017
1 1602
1 1458
1 1053
1 1674
1 720
1 1233
1 585
1 1818
1 603
1 756
1 720
1 792
1 1143
1 999
1 2070
1 666
1 819
1 1917
1 1611
1 549
1 1017
1 981
1 1854
1 774
1 621
1 1350
1 1260
1 1260
1 954
1 1962
1 684
1 1161
1 954
1 1296
1 756
1 1332
1 1116
1 1755
1 918
1 1080
1 1386
1 1026
1 1098
1 1575
1 837
1 1341
1 801
1 828
1 1314
1 810
1 810
1 765
1 1188
1 900
1 1206
1 1557
1 765
1 1188
1 819
1 846
1 1044
1 936
1 1026
1 585
1 2178
1 1557
1 1755
1 1098
1 1251
1 927
1 1395
1 1449
1 1521
1 1017
1 855
1 1107
1 1125
1 1566
1 1044
1 1773
1 882
1 819
1 1440
1 1152
1 1197
1 1296
1 1035
1 774
1 1170
1 747
1 1080
1 1098
1 1386
1 909
1 882
1 630
1 657
1 1323
1 936
1 873
1 1125
1 963
1 837
1 990
1 1269
1 711
1 1413
1 1053
1 1269
1 1476
1 891
1 909
1 918
1 792
1 657
1 1251
1 900
1 1251
1 945
1 1593
1 981
1 1611
1 621
1 1179
1 999
1 2259
1 594
1 774
1 891
1 981
1 783
1 1620
1 873
1 819
1 1710
1 1467
1 1296
1 1053
1 1341
1 846
1 693
1 1296
1 828
1 1881
1 918
1 774
1 1476
1 1611
1 558
1 819
1 1134
1 873
1 1548
1 873
1 1674
1 1341
1 1386
1 603
1 963
1 1008
1 666
1 945
1 864
1 621
1 720
1 1206
1 531
1 756
1 981
1 927
1 882
1 1215
1 1368
1 1503
1 702
1 1170
1 738
1 486
1 792
1 648
1 1170
1 1323
1 801
1 891
1 1305
1 864
1 1989
1 1053
1 1026
1 819
1 1098
1 1548
1 648
1 585
1 792
1 891
1 1485
1 621
1 1206
1 873
1 1548
1 702
1 927
1 1485
1 1089
1 873
1 927
1 801
1 558
1 963
1 936
1 1287
1 702
1 1755
1 756
1 1053
1 747
1 756
1 1449
1 927
1 954
1 1593
1 1215
1 918
1 963
1 1062
1 837
1 819
1 1134
1 819
1 918
1 666
1 729
1 846
1 585
1 1035
1 1368
1 1422
1 1170
1 1809
1 864
1 792
1 1278
1 774
1 864
1 1296
1 954
1 756
1 792
1 819
1 1116
1 819
1 756
1 1377
1 1539
1 729
1 1071
1 1089
1 981
1 1647
1 702
1 1242
1 1251
1 783
1 837
1 1332
1 1152
1 1080
1 1278
1 702
1 630
1 810
1 612
1 1125
1 747
1 1476
1 1071
1 1053
1 1269
1 945
1 1215
1 819
1 1071
1 621
1 810
1 1017
1 711
1 621
1 1098
1 792
1 558
1 1782
1 1962
1 1125
1 747
1 1485
1 1530
1 891
1 729
1 1134
1 711
1 837
1 1269
1 720
1 1071
1 549
1 1332
1 666
1 1449
1 873
1 1395
1 1449
1 549
1 873
1 963
1 540
1 1476
1 918
1 1467
1 756
1 1575
1 999
1 1647
1 1278
1 882
1 1305
1 999
1 693
1 1620
1 1170
1 1044
1 1143
1 1296
1 1332
1 1575
1 810
1 666
1 774
1 1287
1 1512
1 1755
1 1863
1 1269
1 954
1 828
1 1719
1 1278
1 630
1 1413
1 1296
1 1323
1 1215
1 1062
1 954
1 1161
1 1044
1 765
1 891
1 1242
1 549
1 1368
1 927
1 675
1 972
1 648
1 837
1 1179
1 774
1 1116
1 720
1 1503
1 810
1 783
1 801
1 729
1 648
1 891
1 1467
1 648
1 1152
1 765
1 612
1 837
1 1521
1 1035
1 1503
1 1098
1 1134
1 882
1 2205
1 1377
1 945
1 999
1 1179
1 1386
1 1035
1 1089
1 936
1 846
1 2331
1 1197
1 1260
1 1611
1 729
1 936
1 567
1 648
1 765
1 1359
1 1053
1 1656
1 1386
1 1341
1 918
1 963
1 846
1 1287
1 1062
1 1800
1 1458
1 1530
1 2385
1 1809
1 1296
1 1125
1 1071
1 999
1 1323
1 1737
1 1413
1 909
1 1026
1 657
1 1206
1 963
1 1044
1 873
1 666
1 1404
1 1242
1 972
1 1071
1 891
1 1512
1 1440
1 828
1 1206
1 756
1 1350
1 693
1 1098
1 1116
1 1287
1 981
1 1251
1 693
1 1638
1 1593
1 675
1 720
1 1071
1 1008
1 909
1 720
1 630
1 882
1 918
1 1368
1 792
1 1053
1 603
1 963
1 963
1 810
1 630
1 1548
1 1431
1 675
1 1296
1 1071
1 1116
1 1827
1 756
1 972
1 1710
1 1476
1 1467
1 1836
1 909
1 801
1 855
1 999
1 2106
1 891
1 1395
1 720
1 1080
1 783
1 1530
1 630
1 657
1 900
1 1152
1 810
1 1305
1 1053
1 774
1 1125
1 828
1 828
1 1233
1 990
1 1953
1 828
1 828
1 810
1 612
1 630
1 1134
1 1233
1 1026
1 729
1 846
1 900
1 828
1 828
1 1296
1 846
1 1332
1 1215
1 1305
1 1278
1 1539
1 1449
1 1062
1 2142
1 576
1 1116
1 783
1 2133
1 711
1 1080
1 909
1 1413
1 963
1 711
1 1197
1 864
1 936
1 999
1 1008
1 1431
1 702
1 1278
1 1845
1 1278
1 945
1 1179
1 1080
1 954
1 945
1 1170
1 801
1 1287
1 711
1 675
1 981
1 1215
1 1305
1 999
1 1107
1 558
1 864
1 1566
1 810
1 828
1 873
1 738
1 1890
1 936
1 702
1 1080
1 1179
1 702
1 549
1 1557
1 765
1 873
1 1557
1 1620
1 1449
1 2466
1 1179
1 729
1 738
1 720
1 738
1 1107
1 693
1 1107
1 621
1 1143
1 828
1 1089
1 729
1 1242
1 1116
1 594
1 1206
1 882
1 1125
1 801
1 1071
1 909
1 1521
1 792
1 2313
1 1656
1 981
1 2034
1 1098
1 909
1 1224
1 963
1 1854
1 576
1 522
1 909
1 765
1 1152
1 702
1 486
1 999
1 1260
1 864
1 1368
1 909
1 1503
1 801
1 621
1 747
1 837
1 1062
1 747
1 1620
1 891
1 1233
1 540
1 1314
1 1413
1 900
1 1260
1 1089
1 1350
1 810
1 918
1 1107
1 1251
1 972
1 873
1 747
1 1269
1 1755
1 1260
1 1017
1 756
1 1044
1 1098
1 1008
1 1341
1 1161
1 1170
1 1116
1 1269
1 756
1 1179
1 945
1 1341
1 990
1 639
1 801
1 918
1 549
1 1512
1 684
1 738
1 711
1 1062
1 927
1 945
1 1017
1 918
1 1152
1 711
1 1431
1 1701
1 1422
1 864
1 1251
1 801
1 666
1 1206
1 1071
1 666
1 810
1 1233
1 1035
1 1179
1 1620
1 1215
1 882
1 1215
1 1872
1 657
1 756
1 882
1 846
1 810
1 576
1 1188
1 792
1 1089
1 684
1 837
1 756
1 1152
1 1206
1 1125
1 828
1 1917
1 594
1 1143
1 1089
1 963
1 810
1 711
1 639
1 648
1 2043
1 738
1 702
1 1476
1 1476
1 1008
1 945
1 954
1 1548
1 801
1 702
1 909
1 630
1 900
1 1359
1 711
1 918
1 747
1 1629
1 1080
1 1287
1 1107
1 1071
1 1278
1 567
1 1620
1 828
1 999
1 666
1 1314
1 1656
1 1359
1 1197
1 936
1 729
1 720
1 1872
1 684
1 999
1 1170
1 819
1 720
1 972
1 2016
1 1251
1 1395
1 1035
1 1386
1 675
1 1071
1 1008
1 1125
1 963
1 990
1 846
1 1170
1 1179
1 1170
1 999
1 1071
1 972
1 702
1 774
1 783
1 963
1 1197
1 891
1 1233
1 954
1 711
1 1044
1 1332
1 1116
1 837
1 1107
1 531
1 1170
1 936
1 2556
1 1314
1 882
1 1170
1 1125
1 1080
1 1071
1 513
1 2043
1 1089
1 846
1 1080
1 927
1 558
1 801
1 693
1 1458
1 792
1 576
1 765
1 1521
1 1134
1 657
1 990
1 909
1 999
1 1422
1 1017
1 1035
1 1485
1 837
1 1962
1 792
1 1539
1 1206
1 531
1 1773
1 1107
1 1143
1 927
1 1395
1 909
1 1557
1 1143
1 900
1 1098
1 738
1 1017
1 1341
1 1530
1 963
1 1044
1 657
1 1116
1 657
1 1071
1 1152
1 1224
1 1602
1 1125
1 801
1 1845
1 1170
1 1071
1 1512
1 918
1 1251
1 1143
1 927
1 873
1 1305
1 882
1 918
1 693
1 1242
1 1008
1 1224
1 738
1 720
1 1143
1 1035
1 873
1 567
1 891
1 1539
1 1422
1 1143
1 981
1 756
1 1242
1 1224
1 720
1 855
1 684
1 981
1 720
1 864
1 864
1 882
1 1197
1 1107
1 1089
1 1224
1 1044
1 675
1 747
1 1062
1 963
1 864
1 1098
1 819
1 936
1 1197
1 855
1 765
1 1827
1 765
1 801
1 1080
1 738
1 1098
1 972
1 1053
1 1017
1 1341
1 1602
1 945
1 990
1 1188
1 909
1 1215
1 999
1 1206
1 837
1 1233
1 999
1 1197
1 999
1 1107
1 702
1 1494
1 1494
1 981
1 1611
1 1125
1 999
1 963
1 1494
1 909
1 828
1 1089
1 1125
1 1422
1 1197
1 711
1 873
1 954
1 819
1 1458
1 783
1 873
1 999
1 918
1 1476
1 1557
1 675
1 729
1 657
1 846
1 1206
1 783
1 1017
1 927
1 1017
1 1017
1 1233
1 1035
1 747
1 954
1 837
1 747
1 1368
1 612
1 2250
1 1116
1 1404
1 1008
1 720
1 1413
1 1395
1 1224
1 2250
1 1197
1 720
1 1062
1 1548
1 558
1 1188
1 2142
1 729
1 1161
1 774
1 1008
1 810
1 846
1 1467
1 1062
1 684
1 891
1 1062
1 702
1 792
1 711
1 774
1 1341
1 2214
1 1422
1 1008
1 540
1 882
1 1170
1 666
1 945
1 1062
1 1125
1 702
1 1449
1 603
1 837
1 792
1 900
1 1512
1 801
1 828
1 954
1 639
1 531
1 2340
1 1197
1 864
1 1215
1 1242
1 2214
1 1773
1 1476
1 486
1 1791
1 1107
1 900
1 1467
1 1638
1 999
1 1890
1 1008
1 1044
1 1251
1 765
1 648
1 783
1 1431
1 846
1 810
1 972
1 1476
1 1107
1 576
1 1512
1 1476
1 1386
1 693
1 540
1 1332
1 486
1 837
1 1035
1 648
1 1305
1 1413
1 2115
1 513
1 1494
1 567
1 1611
1 972
1 1134
1 1332
1 1035
1 828
1 1719
1 792
1 1251
1 1242
1 1359
1 1125
1 819
1 1152
1 1431
1 585
1 945
1 1053
1 711
1 990
1 927
1 1089
1 819
1 1359
1 1359
1 873
1 459
1 1017
1 846
1 1116
1 774
1 927
1 612
1 1179
1 720
1 1044
1 963
1 1260
1 981
1 1665
1 1242
1 792
1 540
1 774
1 873
1 1269
1 1773
1 1179
1 846
1 486
1 1035
1 1179
1 2241
1 1107
1 1296
1 1044
1 1440
1 1017
1 936
1 774
1 918
1 1395
1 1422
1 765
1 801
1 1134
1 1035
1 1629
1 1296
1 684
1 747
1 1215
1 1764
1 972
1 765
1 918
1 1971
1 963
1 549
1 1359
1 1359
1 1179
1 1296
1 963
1 900
1 891
1 1440
1 1449
1 666
1 1188
1 1719
1 1611
1 1863
1 837
1 1935
1 1161
1 1503
1 1323
1 720
1 837
1 531
1 1962
1 1017
1 684
1 522
1 1116
1 747
1 1449
1 972
1 1179
1 1467
1 1647
1 531
1 630
1 1395
1 1152
1 1422
1 864
1 702
1 792
1 1629
1 927
1 882
1 954
1 1314
1 936
1 747
1 711
1 1881
1 783
1 972
1 1179
1 1242
1 846
1 1089
1 1476
1 2817
1 1530
1 2268
1 1422
1 702
1 1134
1 720
1 864
1 1152
1 909
1 792
1 765
1 1206
1 1305
1 801
1 1431
1 531
1 855
1 999
1 936
1 1611
1 1026
1 729
1 918
1 1161
1 1638
1 1458
1 1017
1 549
1 819
1 1431
1 1251
1 477
1 1341
1 693
1 1152
1 1107
1 774
1 1215
1 999
1 1278
1 1152
1 837
1 756
1 666
1 1332
1 477
1 774
1 810
1 837
1 1287
1 1629
1 1008
1 954
1 1395
1 1692
1 1260
1 1071
1 1296
1 1260
1 783
1 1197
1 810
1 738
1 1548
1 1125
1 702
1 1395
1 540
1 711
1 909
1 846
1 1764
1 1053
1 846
1 954
1 900
1 756
1 1125
1 477
1 1179
1 954
1 612
1 927
1 1260
1 1431
1 1116
1 918
1 639
1 1638
1 1098
1 1107
1 1053
1 594
1 711
1 1629
1 666
1 846
1 783
1 999
1 1062
1 873
1 1053
1 639
1 783
1 981
1 1818
1 774
1 1305
1 468
1 1215
1 1053
1 747
1 1566
1 936
1 1368
1 783
1 1296
1 927
1 1053
1 999
1 1008
1 1665
1 909
1 1179
1 1485
1 1098
1 1188
1 666
1 1602
1 684
1 1089
1 648
1 1053
1 1395
1 1035
1 1845
1 1305
1 990
1 1386
1 594
1 1206
1 765
1 864
1 837
1 657
1 693
1 1143
1 927
1 720
1 657
1 846
1 1890
1 576
1 594
1 1782
1 801
1 1089
1 567
1 1584
1 1557
1 1575
1 783
1 666
1 756
1 1152
1 792
1 603
1 864
1 1899
1 1836
1 1026
1 1341
1 576
1 990
1 936
1 2385
1 594
1 954
1 864
1 990
1 801
1 549
1 639
1 1413
1 675
1 774
1 1035
1 990
1 1089
1 1647
1 675
1 1431
1 1062
1 774
1 729
1 1215
1 810
1 1089
1 1422
1 855
1 486
1 666
1 828
1 1620
1 657
1 1602
1 1827
1 945
1 1098
1 1404
1 747
1 702
1 1215
1 882
1 1305
1 1809
1 630
1 1935
1 918
1 1971
1 1206
1 801
1 1161
1 666
1 1638
1 1368
1 1422
1 1017
1 756
1 1152
1 1008
1 828
1 855
1 1017
1 882
1 1323
1 963
1 621
1 1305
1 567
1 1476
1 2763
1 1116
1 1179
1 783
1 810
1 1179
1 711
1 954
1 999
1 1233
1 1341
1 1584
1 765
1 1089
1 810
1 1494
1 792
1 918
1 1269
1 1998
1 1377
1 981
1 855
1 801
1 1314
1 1062
1 1026
1 1557
1 846
1 1521
1 774
1 513
1 765
1 1215
1 1512
1 702
1 1179
1 765
1 1197
1 459
1 1044
1 738
1 909
1 783
1 801
1 1368
1 1224
1 756
1 954
1 756
1 1917
1 936
1 648
1 1260
1 1251
1 1341
1 999
1 1152
1 1026
1 990
1 936
1 747
1 702
1 1215
1 810
1 1215
1 1080
1 792
1 927
1 1503
1 621
1 1098
1 990
1 1791
1 1377
1 1494
1 639
1 2259
1 1224
1 1107
1 1062
1 819
1 693
1 594
1 1170
1 738
1 873
1 675
1 1125
1 882
1 693
1 936
1 792
1 873
1 954
1 747
1 684
1 1530
1 1935
1 1062
1 1107
1 729
1 855
1 1431
1 1026
1 927
1 918
1 675
1 1377
1 1116
1 594
1 1080
1 1260
1 1260
1 936
1 1143
1 810
1 909
1 909
1 882
1 855
1 801
1 747
1 1701
1 2394
1 918
1 891
1 1269
1 729
1 1125
1 873
1 1422
1 594
1 747
1 666
1 1692
1 1764
1 981
1 1134
1 765
1 621
1 747
1 1044
1 1791
1 2061
1 1404
1 891
1 855
1 675
1 1377
1 1026
1 1287
1 1287
1 1044
1 1116
1 747
1 1224
1 1512
1 1440
1 900
1 702
1 801
1 990
1 1431
1 927
1 666
1 909
1 1944
1 585
1 1431
1 918
1 1386
1 1017
1 1206
1 621
1 1341
1 801
1 954
1 729
1 1512
1 630
1 909
1 945
1 1179
1 1539
1 1008
1 720
1 864
1 1143
1 1026
1 756
1 567
1 666
1 1008
1 1998
1 1242
1 1080
1 1530
1 1548
1 1242
1 1494
1 1152
1 1125
1 909
1 1215
1 639
1 846
1 1269
1 1296
1 972
1 1224
1 1098
1 900
1 639
1 693
1 486
1 756
1 1143
1 846
1 1440
1 684
1 774
1 900
1 981
1 783
1 1287
1 1521
1 855
1 927
1 1053
1 666
1 1080
1 1305
1 873
1 945
1 1530
1 1278
1 1170
1 1107
1 1674
1 1026
1 630
1 1485
1 1071
1 792
1 2349
1 1215
1 756
1 873
1 1809
1 1359
1 1071
1 522
1 1467
1 819
1 774
1 1224
1 1116
1 513
1 1827
1 1683
1 612
1 909
1 963
1 819
1 711
1 1170
1 1161
1 936
1 1512
1 1287
1 1584
1 1053
1 945
1 540
1 1404
1 1341
1 1251
1 1449
1 1449
1 1089
1 999
1 1242
1 792
1 828
1 1179
1 900
1 1080
1 1062
1 477
1 864
1 828
1 1224
1 522
1 612
1 1287
1 1062
1 666
1 819
1 594
1 1359
1 630
1 1161
1 477
1 513
1 1107
1 1224
1 1206
1 1233
1 1026
1 990
1 1413
1 648
1 774
1 1251
1 1215
1 765
1 828
1 765
1 900
1 711
1 1044
1 1323
1 504
1 1197
1 1125
1 990
1 2187
1 1314
1 1017
1 873
1 855
1 882
1 981
1 1476
1 846
1 1008
1 747
1 864
1 1062
1 1251
1 1062
1 819
1 1134
1 1008
1 1188
1 666
1 711
1 882
1 549
1 936
1 846
1 999
1 1152
1 684
1 945
1 720
1 1089
1 981
1 945
1 963
1 981
1 558
1 765
1 918
1 711
1 1071
1 1809
1 1791
1 990
1 990
1 639
1 891
1 972
1 693
1 1323
1 1350
1 756
1 1404
1 693
1 657
1 873
1 2907
1 882
1 1134
1 936
1 846
1 981
1 1332
1 576
1 468
1 747
1 999
1 1368
1 711
1 1116
1 801
1 1332
1 792
1 1089
1 747
1 1224
1 1188
1 981
1 1062
1 1674
1 963
1 783
1 720
1 648
1 1071
1 1206
1 1260
1 846
1 1458
1 1008
1 1053
1 765
1 1026
1 900
1 765
1 918
1 1080
1 963
1 918
1 1107
1 1566
1 1062
1 1278
1 1215
1 765
1 630
1 1035
1 792
1 720
1 2241
1 801
1 864
1 540
1 891
1 945
1 909
1 1413
1 819
1 1224
1 720
1 1611
1 1485
1 1422
1 1548
1 1125
1 1215
1 1053
1 1386
1 1314
1 756
1 792
1 819
1 1872
1 1260
1 1071
1 684
1 1017
1 819
1 1431
1 873
1 1638
1 1062
1 1188
1 1287
1 1845
1 675
1 1017
1 720
1 1701
1 837
1 1809
1 918
1 945
1 1197
1 621
1 648
1 1080
1 684
1 1215
1 468
1 1143
1 756
1 828
1 1341
1 1251
1 864
1 1188
1 1053
1 2034
1 1593
1 810
1 1341
1 1278
1 819
1 936
1 1035
1 1701
1 810
1 810
1 828
1 927
1 1026
1 1044
1 1305
1 846
1 729
1 1539
1 738
1 972
1 1746
1 468
1 1134
1 1962
1 846
1 1431
1 1323
1 1053
1 756
1 882
1 1521
1 1161
1 477
1 927
1 927
1 558
1 828
1 1620
1 846
1 729
1 756
1 909
1 729
1 639
1 630
1 1206
1 1017
1 981
1 909
1 981
1 1224
1 675
1 495
1 810
1 1413
1 936
1 936
1 1179
1 1557
1 738
1 1116
1 1377
1 1602
1 1062
1 918
1 1404
1 1062
1 1701
1 1062
1 1377
1 666
1 927
1 927
1 657
1 1548
1 1332
1 711
1 1125
1 567
1 918
1 756
1 1026
1 837
1 765
1 1962
1 1350
1 2232
1 612
1 1953
1 1062
1 927
1 1368
1 1116
1 549
1 1035
1 1395
1 549
1 855
1 1449
1 927
1 648
1 1107
1 531
1 1269
1 981
1 585
1 2007
1 765
1 819
1 1161
1 1260
1 1152
1 1512
1 855
1 1053
1 963
1 792
1 945
1 594
1 828
1 1458
1 1089
1 648
1 1260
1 1359
1 1125
1 1161
1 1161
1 873
1 702
1 639
1 828
1 702
1 774
1 1071
1 774
1 801
1 1359
1 1629
1 1422
1 810
1 1098
1 873
1 927
1 468
1 747
1 828
1 1755
1 702
1 891
1 1053
1 1629
1 774
1 819
1 1206
1 1098
1 549
1 891
1 900
1 2331
1 612
1 900
1 1404
1 1035
1 1188
1 2133
1 954
1 1269
1 1044
1 1170
1 1071
1 621
1 1368
1 1242
1 909
1 1026
1 1179
1 693
1 1683
1 639
1 1377
1 720
1 1062
1 837
1 486
1 1233
1 1332
1 657
1 1665
1 1332
1 1008
1 1017
1 1287
1 1323
1 630
1 900
1 1251
1 621
1 1494
1 972
1 729
1 684
1 1017
1 1242
1 828
1 810
1 1962
1 1125
1 1152
1 1539
1 612
1 792
1 702
1 657
1 837
1 1125
1 1701
1 1656
1 774
1 1548
1 1008
1 819
1 828
1 1584
1 819
1 873
1 1566
1 855
1 1899
1 864
1 1197
1 1395
1 1197
1 1179
1 675
1 1035
1 1053
1 909
1 1404
1 909
1 1089
1 1791
1 1089
1 576
1 2043
1 1773
1 837
1 1017
1 774
1 468
1 909
1 747
1 630
1 945
1 711
1 1485
1 1152
1 1206
1 1656
1 576
1 774
1 1665
1 1197
1 855
1 639
1 2088
1 801
1 801
1 891
1 540
1 585
1 1107
1 801
1 621
1 1332
1 981
1 954
1 1260
1 837
1 1476
1 774
1 1080
1 1305
1 702
1 594
1 1296
1 477
1 1008
1 639
1 1251
1 1656
1 855
1 666
1 1017
1 990
1 783
1 900
1 1008
1 1197
1 1035
1 819
1 801
1 891
1 1017
1 927
1 657
1 864
1 909
1 1008
1 1197
1 1377
1 1098
1 1233
1 1449
1 927
1 774
1 792
1 1566
1 1809
1 945
1 1242
1 531
1 747
1 1251
1 549
1 549
1 765
1 477
1 1188
1 1971
1 1404
1 756
1 1296
1 747
1 1341
1 1242
1 1197
1 738
1 1170
1 720
1 1089
1 864
1 837
1 1863
1 1044
1 864
1 1431
1 891
1 981
1 1080
1 747
1 1827
1 1386
1 1026
1 1332
1 792
1 1449
1 1503
1 1611
1 909
1 621
1 1566
1 1116
1 2097
1 594
1 1179
1 936
1 684
1 576
1 900
1 1323
1 1071
1 621
1 621
1 558
1 999
1 639
1 1422
1 891
1 1161
1 1134
1 1764
1 954
1 1215
1 1854
1 1359
1 900
1 513
1 711
1 783
1 1107
1 945
1 1107
1 999
1 882
1 1548
1 1521
1 891
1 1017
1 549
1 819
1 1161
1 657
1 783
1 1107
1 918
1 882
1 648
1 711
1 2610
1 1800
1 837
1 1305
1 909
1 909
1 657
1 711
1 711
1 999
1 648
1 936
1 747
1 963
1 1080
1 531
1 1179
1 711
1 864
1 711
1 1026
1 1989
1 1314
1 918
1 1719
1 1062
1 873
1 1152
1 1026
1 1071
1 549
1 882
1 1017
1 810
1 531
1 657
1 1512
1 1512
1 630
1 936
1 1278
1 1179
1 936
1 1368
1 1197
1 1206
1 873
1 468
1 1026
1 729
1 774
1 819
1 738
1 477
1 1701
1 1611
1 999
1 945
1 549
1 801
1 747
1 1017
1 945
1 1341
1 666
1 1071
1 810
1 954
1 1188
1 1611
1 1017
1 819
1 1062
1 1035
1 909
1 747
1 630
1 1026
1 702
1 1647
1 1287
1 945
1 945
1 837
1 828
1 1188
1 1053
1 1566
1 801
1 1269
1 954
1 1431
1 1656
1 927
1 2304
1 1530
1 567
1 1053
1 2529
1 1053
1 1026
1 1377
1 738
1 909
1 1872
1 792
1 1107
1 1080
1 1116
1 1413
1 1800
1 963
1 1170
1 1413
1 1152
1 1062
1 963
1 1143
1 1188
1 1233
1 630
1 1647
1 1017
1 945
1 738
1 1647
1 1485
1 1116
1 900
1 540
1 846
1 774
1 531
1 630
1 1620
1 738
1 963
1 549
1 837
1 1260
1 900
1 1260
1 2196
1 1134
1 936
1 801
1 1224
1 819
1 729
1 846
1 729
1 1233
1 711
1 1053
1 954
1 999
1 1341
1 666
1 1107
1 1008
1 1323
1 891
1 1602
1 963
1 1242
1 990
1 1665
1 1377
1 1512
1 1377
1 1305
1 828
1 999
1 558
1 1377
1 1197
1 1161
1 828
1 1305
1 900
1 1368
1 1269
1 1080
1 684
1 963
1 1134
1 864
1 945
1 666
1 1197
1 1314
1 684
1 909
1 1143
1 819
1 1548
1 747
1 981
1 477
1 1494
1 747
1 711
1 765
1 612
1 882
1 693
1 1179
1 1746
1 1197
1 1116
1 1656
1 1296
1 1170
1 1224
1 927
1 1107
1 810
1 756
1 855
1 855
1 981
1 918
1 954
1 954
1 900
1 1566
1 1890
1 1161
1 1395
1 1143
1 1368
1 1098
1 2430
1 1692
1 1251
1 1998
1 1179
1 963
1 927
1 630
1 819
1 1179
1 783
1 1026
1 828
1 1044
1 1260
1 846
1 1197
1 1512
1 1287
1 783
1 846
1 666
1 945
1 549
1 2025
1 810
1 1467
1 702
1 1260
1 810
1 711
1 855
1 702
1 1008
1 1881
1 1269
1 1008
1 702
1 1251
1 684
1 1062
1 945
1 540
1 909
1 1008
1 1683
1 1593
1 1485
1 1206
1 603
1 1098
1 1188
1 909
1 801
1 684
1 675
1 1188
1 990
1 1152
1 738
1 1026
1 981
1 819
1 1143
1 1017
1 1998
1 1206
1 648
1 1224
1 765
1 954
1 1242
1 1296
1 486
1 558
1 720
1 549
1 1368
1 1107
1 1242
1 801
1 1260
1 720
1 1611
1 1449
1 1368
1 855
1 1575
1 1017
1 1737
1 1071
1 666
1 1386
1 1260
1 1566
1 747
1 720
1 1548
1 1035
1 1035
1 1485
1 1089
1 756
1 1116
1 693
1 783
1 1089
1 1206
1 873
1 1143
1 594
1 765
1 513
1 1035
1 954
1 702
1 738
1 846
1 747
1 936
1 819
1 1071
1 1305
1 792
1 630
1 882
1 792
1 846
1 639
1 612
1 1287
1 873
1 828
1 891
1 1566
1 1062
1 954
1 792
1 1179
1 1107
1 1260
1 738
1 855
1 810
1 954
1 1080
1 639
1 729
1 1665
1 945
1 1197
1 972
1 1062
1 918
1 1215
1 693
1 864
1 2052
1 918
1 2250
1 1098
1 1638
1 936
1 999
1 963
1 1233
1 1170
1 972
1 1233
1 621
1 1053
1 945
1 666
1 1242
1 1098
1 846
1 792
1 783
1 918
1 954
1 846
1 954
1 2070
1 1035
1 1161
1 1368
1 945
1 711
1 1422
1 1242
1 1863
1 1062
1 702
1 1629
1 774
1 702
1 1395
1 684
1 549
1 1593
1 1305
1 549
1 945
1 1350
1 1881
1 774
1 729
1 684
1 2844
1 1188
1 1413
1 1773
1 756
1 567
1 1269
1 1512
1 1017
1 756
1 1548
1 1143
1 945
1 900
1 918
1 1188
1 630
1 720
1 684
1 1089
1 891
1 594
1 720
1 801
1 765
1 720
1 1107
1 1125
1 918
1 837
1 1233
1 900
1 1053
1 1071
1 2079
1 945
1 1476
1 774
1 1008
1 990
1 936
1 1413
1 1350
1 702
1 603
1 1386
1 1422
1 1008
1 846
1 1062
1 1062
1 594
1 648
1 846
1 1494
1 1422
1 1044
1 972
1 2349
1 747
1 783
1 945
1 1368
1 1458
1 1557
1 1188
1 819
1 999
1 1989
1 675
1 828
1 603
1 963
1 702
1 684
1 1260
1 900
1 1242
1 1476
1 1251
1 648
1 864
1 2043
1 630
1 1989
1 702
1 999
1 1224
1 1287
1 1656
1 1260
1 1431
1 684
1 1008
1 531
1 1251
1 756
1 621
1 621
1 765
1 846
1 1035
1 891
1 774
1 1152
1 684
1 1620
1 1044
1 972
1 945
1 1494
1 792
1 1350
1 855
1 1044
1 810
1 2331
1 1035
1 1242
1 1233
1 873
1 1206
1 1008
1 972
1 1395
1 1341
1 648
1 819
1 1755
1 927
1 486
1 1224
1 729
1 963
1 1233
1 1395
1 1485
1 567
1 1026
1 873
1 1035
1 855
1 1782
1 1035
1 963
1 909
1 810
1 972
1 945
1 864
1 1656
1 2223
1 639
1 1053
1 828
1 1098
1 2628
1 558
1 792
1 1323
1 1341
1 1206
1 1305
1 1044
1 990
1 1611
1 1260
1 1044
1 945
1 693
1 657
1 1017
1 918
1 1044
1 999
1 1782
1 1881
1 936
1 891
1 1620
1 828
1 1044
1 585
1 1026
1 594
1 1548
1 954
1 1035
1 756
1 1998
1 1359
1 1017
1 891
1 1215
1 846
1 693
1 1692
1 891
1 549
1 918
1 1458
1 2322
1 1044
1 522
1 1296
1 846
1 1449
1 1035
1 1233
1 1152
1 1656
1 1161
1 1566
1 1215
1 1251
1 1026
1 1431
1 1638
1 873
1 2061
1 1323
1 1026
1 891
1 720
1 1224
1 1053
1 1188
1 522
1 1602
1 1170
1 1584
1 873
1 1098
1 846
1 882
1 774
1 738
1 1476
1 1449
1 1116
1 873
1 1107
1 1377
1 2286
1 756
1 819
1 1593
1 1467
1 765
1 1008
1 936
1 918
1 2043
1 1053
1 972
1 954
1 990
1 927
1 855
1 756
1 963
1 1404
1 630
1 1287
1 1107
1 900
1 909
1 819
1 1638
1 1107
1 738
1 1566
1 792
1 585
1 1350
1 1881
1 837
1 1233
1 1080
1 1539
1 1233
1 873
1 954
1 1116
1 1431
1 1215
1 684
1 1323
1 954
1 990
1 1125
1 972
1 1125
1 1539
1 612
1 1089
1 936
1 999
1 981
1 774
1 1629
1 720
1 702
1 1377
1 1062
1 747
1 1566
1 1395
1 1089
1 900
1 927
1 972
1 954
1 927
1 1134
1 747
1 1593
1 945
1 1512
1 810
1 999
1 1233
1 999
1 1332
1 1530
1 2187
1 1377
1 1206
1 990
1 1116
1 711
1 1341
1 1260
1 999
1 1134
1 774
1 918
1 1350
1 1584
1 918
1 567
1 666
1 918
1 954
1 1350
1 711
1 747
1 828
1 1521
1 900
1 1170
1 612
1 1314
1 1260
1 1161
1 891
1 936
1 1242
1 1395
1 657
1 738
1 963
1 1818
1 819
1 531
1 972
1 981
1 783
1 828
1 846
1 1404
1 1314
1 864
1 1566
1 747
1 1773
1 1089
1 1674
1 1026
1 900
1 1278
1 1161
1 936
1 1332
1 801
1 801
1 2142
1 1224
1 693
1 720
1 900
1 963
1 1071
1 720
1 900
1 1485
1 846
1 621
1 2223
1 936
1 666
1 738
1 990
1 1341
1 1710
1 1665
1 936
1 927
1 738
1 1287
1 1143
1 1080
1 1251
1 1161
1 738
1 1053
1 603
1 882
1 1071
1 1071
1 810
1 1116
1 1341
1 819
1 747
1 864
1 1062
1 1332
1 1215
1 1053
1 855
1 927
1 810
1 1368
1 1080
1 783
1 792
1 1404
1 1341
1 972
1 1188
1 1287
1 585
1 1071
1 882
1 945
1 864
1 1071
1 1719
1 657
1 756
1 1035
1 891
1 612
1 873
1 1602
1 837
1 1053
1 909
1 1431
1 1791
1 900
1 2259
1 891
1 972
1 621
1 1269
1 648
1 882
1 1701
1 1260
1 459
1 1314
1 927
1 1224
1 891
1 1107
1 1305
1 1071
1 1449
1 1485
1 765
1 819
1 693
1 1233
1 882
1 783
1 1440
1 837
1 1674
1 1017
1 1008
1 1422
1 711
1 1431
1 468
1 1116
1 882
1 819
1 1431
1 1134
1 1071
1 864
1 972
1 783
1 1530
1 1017
1 1098
1 1035
1 1116
1 738
1 1467
1 1881
1 1575
1 990
1 1215
1 1143
1 792
1 1413
1 1224
1 1080
1 1278
1 837
1 1980
1 2214
1 2250
1 468
1 666
1 792
1 837
1 1422
1 612
1 1350
1 657
1 720
1 972
1 1026
1 999
1 936
1 1701
1 1710
1 1341
1 1629
1 909
1 711
1 1215
1 747
1 675
1 1494
1 1008
1 1008
1 1188
1 675
1 900
1 1044
1 873
1 918
1 1215
1 819
1 801
1 1152
1 1035
1 1368
1 1269
1 1845
1 972
1 1323
1 1647
1 1071
1 1305
1 648
1 702
1 1332
1 711
1 477
1 1557
1 864
1 1305
1 1377
1 783
1 954
1 855
1 630
1 972
1 1134
1 1161
1 1017
1 657
1 756
1 1458
1 864
1 1863
1 882
1 1287
1 648
1 1170
1 927
1 2070
1 1521
1 2277
1 774
1 1188
1 1062
1 1422
1 1152
1 819
1 1314
1 747
1 1188
1 1251
1 1134
1 1125
1 1017
1 999
1 1359
1 1458
1 1206
1 927
1 1755
1 1593
1 1089
1 945
1 2133
1 612
1 1449
1 1692
1 1206
1 1080
1 918
1 1206
1 1062
1 837
1 882
1 1539
1 1341
1 1035
1 981
1 774
1 855
1 1098
1 990
1 1386
1 909
1 1188
1 1386
1 1071
1 1890
1 1485
1 1161
1 936
1 1728
1 738
1 1917
1 1170
1 1386
1 1557
1 882
1 1143
1 1044
1 1368
1 648
1 1107
1 1026
1 1629
1 747
1 882
1 648
1 1017
1 756
1 1755
1 630
1 990
1 963
1 909
1 1296
1 1449
1 1026
1 1188
1 666
1 1098
1 639
1 720
1 1215
1 963
1 936
1 837
1 1089
1 1107
1 864
1 1458
1 873
1 1053
1 738
1 738
1 990
1 720
1 1350
1 1494
1 972
1 1125
1 1143
1 738
1 1251
1 1134
1 2034
1 1296
1 1296
1 1035
1 918
1 1440
1 702
1 1188
1 603
1 1116
1 972
1 702
1 2475
1 891
1 1188
1 1251
1 999
1 819
1 1017
1 1665
1 963
1 567
1 1260
1 963
1 1170
1 1224
1 693
1 1278
1 765
1 891
1 1071
1 1395
1 1053
1 999
1 603
1 1359
1 1044
1 711
1 1251
1 1620
1 738
1 1278
1 1539
1 1035
1 729
1 1242
1 1044
1 1170
1 999
1 864
1 675
1 1206
1 657
1 1143
1 1656
1 702
1 1305
1 972
1 882
1 2061
1 1053
1 855
1 1017
1 774
1 783
1 846
1 837
1 1188
1 1044
1 765
1 1035
1 1314
1 1197
1 1260
1 1404
1 918
1 738
1 801
1 1224
1 1098
1 756
1 1206
1 1161
1 1008
1 765
1 1242
1 900
1 1557
1 810
1 2232
1 1494
1 909
1 1548
1 1008
1 1017
1 1584
1 1530
1 972
1 981
1 1737
1 981
1 963
1 819
1 972
1 837
1 972
1 1017
1 711
1 1305
1 693
1 999
1 1593
1 783
1 1287
1 1098
1 801
1 855
1 927
1 1170
1 765
1 1035
1 864
1 1116
1 558
1 900
1 1233
1 1278
1 891
1 828
1 1080
1 954
1 927
1 972
1 702
1 1071
1 1341
1 891
1 720
1 1017
1 657
1 927
1 900
1 1485
1 540
1 900
1 666
1 1215
1 702
1 1062
1 1035
1 837
1 1044
1 882
1 1737
1 1125
1 639
1 666
1 891
1 756
1 1125
1 1413
1 1503
1 1134
1 1224
1 1566
1 1503
1 657
1 945
1 1170
1 1332
1 1404
1 855
1 738
1 990
1 729
1 963
1 981
1 1728
1 657
1 1134
1 1269
1 1107
1 765
1 531
1 981
1 774
1 1485
1 981
1 963
1 1143
1 882
1 1026
1 1287
1 1575
1 729
1 1170
1 1332
1 927
1 1062
1 1188
1 972
1 576
1 1224
1 1089
1 900
1 1710
1 1170
1 1098
1 684
1 1305
1 819
1 837
1 1161
1 846
1 1899
1 666
1 1458
1 1719
1 927
1 1215
1 1161
1 963
1 1584
1 720
1 1080
1 927
1 846
1 945
1 1170
1 1530
1 1197
1 1332
1 981
1 684
1 1242
1 810
1 990
1 1260
1 1098
1 1386
1 909
1 918
1 540
1 873
1 837
1 693
1 1152
1 963
1 882
1 1215
1 1431
1 1566
1 882
1 711
1 729
1 1188
1 729
1 585
1 999
1 1053
1 1395
1 693
1 765
1 1089
1 729
1 1197
1 819
1 1287
1 693
1 945
1 927
1 1215
1 1089
1 567
1 1179
1 1458
1 711
1 756
1 702
1 738
1 1593
1 1116
1 1350
1 720
1 1233
1 945
1 738
1 1224
1 468
1 1188
1 720
1 1026
1 954
1 1233
1 810
1 909
1 1269
1 801
1 630
1 648
1 522
1 1332
1 1215
1 900
1 1197
1 684
1 1224
1 837
1 747
1 1350
1 1188
1 873
1 459
1 693
1 1026
1 1278
1 954
1 1287
1 873
1 1836
1 999
1 1206
1 918
1 936
1 810
1 909
1 1260
1 1323
1 1188
1 1467
1 774
1 1170
1 1359
1 1089
1 738
1 1251
1 837
1 1143
1 900
1 1503
1 1872
1 1017
1 747
1 2466
1 1242
1 1143
1 1260
1 801
1 1125
1 684
1 747
1 1026
1 1647
1 1521
1 1917
1 1089
1 1305
1 819
1 855
1 738
1 1152
1 567
1 666
1 1152
1 738
1 1125
1 882
1 756
1 954
1 900
1 864
1 1440
1 738
1 1701
1 639
1 1089
1 1467
1 1287
1 963
1 1395
1 792
1 1134
1 1206
1 954
1 1152
1 927
1 1224
1 738
1 963
1 1431
1 783
1 1035
1 927
1 1197
1 1413
1 468
1 1350
1 864
1 1719
1 918
1 1062
1 1062
1 909
1 936
1 810
1 1089
1 954
1 1449
1 1323
1 1269
1 927
1 1350
1 486
1 720
1 1008
1 531
1 1521
1 621
1 945
1 1044
1 639
1 756
1 1089
1 972
1 837
1 1359
1 1215
1 1638
1 1116
1 1467
1 999
1 1026
1 1098
1 675
1 1026
1 999
1 495
1 774
1 783
1 972
1 675
1 1566
1 972
1 1305
1 1665
1 1125
1 684
1 1332
1 1116
1 1467
1 1917
1 585
1 1017
1 720
1 1557
1 1161
1 837
1 1134
1 1377
1 999
1 1314
1 1062
1 1098
1 1278
1 1359
1 522
1 801
1 999
1 810
1 1485
1 630
1 1449
1 918
1 567
1 954
1 621
1 1062
1 477
1 1602
1 684
1 2025
1 945
1 1728
1 918
1 981
1 864
1 567
1 972
1 720
1 1305
1 1197
1 882
1 909
1 729
1 927
1 648
1 657
1 738
1 1413
1 1278
1 1125
1 792
1 1134
1 819
1 1107
1 882
1 819
1 1017
1 990
1 702
1 972
1 1197
1 1017
1 1314
1 1107
1 801
1 1395
1 1674
1 1593
1 1269
1 1053
1 1314
1 1431
1 1224
1 999
1 1584
1 1098
1 1260
1 1152
1 990
1 1530
1 1584
1 1269
1 747
1 1575
1 1044
1 1170
1 1179
1 657
1 1224
1 990
1 1422
1 882
1 891
1 1269
1 738
1 972
1 1890
1 1377
1 936
1 828
1 1602
1 1179
1 846
1 864
1 810
1 1287
1 1278
1 1152
1 1278
1 621
1 1368
1 972
1 1017
1 711
1 1395
1 1098
1 855
1 855
1 711
1 819
1 1521
1 1152
1 963
1 1449
1 837
1 720
1 981
1 819
1 891
1 846
1 1278
1 621
1 999
1 972
1 1323
1 1449
1 972
1 2052
1 819
1 1089
1 963
1 1332
1 738
1 1341
1 1485
1 1287
1 1728
1 1800
1 1143
1 1809
1 711
1 1197
1 954
1 990
1 828
1 1251
1 963
1 972
1 783
1 1413
1 882
1 900
1 810
1 999
1 1926
1 981
1 738
1 783
1 756
1 882
1 657
1 954
1 864
1 1314
1 1053
1 1494
1 855
1 864
1 828
1 882
1 2079
1 774
1 1395
1 963
1 1152
1 621
1 954
1 846
1 1098
1 801
1 558
1 846
1 1242
1 1386
1 756
1 1116
1 1143
1 1449
1 1035
1 1251
1 1368
1 666
1 864
1 621
1 594
1 567
1 1035
1 1179
1 1134
1 783
1 1359
1 648
1 1548
1 1305
1 1278
1 1224
1 1584
1 792
1 1683
1 1008
1 1413
1 2232
1 954
1 540
1 855
1 981
1 612
1 954
1 1296
1 909
1 900
1 1602
1 1233
1 639
1 1134
1 603
1 1215
1 1530
1 1737
1 1044
1 783
1 765
1 1692
1 765
1 927
1 963
1 1134
1 855
1 1701
1 1296
1 702
1 711
1 882
1 972
1 702
1 1332
1 1548
1 1035
1 837
1 1143
1 1062
1 693
1 1674
1 1377
1 1323
1 1584
1 819
1 801
1 675
1 1161
1 1467
1 1008
1 828
1 1125
1 2115
1 819
1 1035
1 702
1 1350
1 1116
1 1026
1 1359
1 657
1 711
1 1053
1 1008
1 1800
1 1098
1 1710
1 1098
1 1719
1 882
1 846
1 972
1 918
1 1683
1 873
1 468
1 1485
1 1422
1 927
1 1332
1 1008
1 936
1 936
1 576
1 981
1 1314
1 954
1 1629
1 1062
1 1215
1 1692
1 954
1 1197
1 1080
1 711
1 585
1 855
1 1386
1 1881
1 720
1 621
1 945
1 1053
1 639
1 882
1 1089
1 1881
1 486
1 1161
1 1008
1 1269
1 1053
1 972
1 1035
1 603
1 1215
1 1008
1 2007
1 1260
1 1161
1 1944
1 1305
1 576
1 1791
1 945
1 945
1 738
1 693
1 981
1 1062
1 981
1 1305
1 990
1 729
1 693
1 1872
1 1017
1 1368
1 945
1 882
1 1017
1 1674
1 1440
1 621
1 1305
1 1170
1 1017
1 1134
1 1026
1 900
1 792
1 2529
1 1152
1 1287
1 774
1 738
1 954
1 1044
1 900
1 819
1 1035
1 702
1 1026
1 1647
1 747
1 1170
1 1044
1 774
1 1701
1 1494
1 729
1 1332
1 1008
1 1026
1 1593
1 1062
1 1116
1 1908
1 981
1 972
1 963
1 963
1 747
1 1980
1 1089
1 864
1 1125
1 756
1 1071
1 1215
1 1170
1 1008
1 1161
1 549
1 1593
1 1170
1 1809
1 918
1 1233
1 1161
1 963
1 729
1 846
1 711
1 1269
1 945
1 1170
1 882
1 1125
1 828
1 657
1 702
1 837
1 828
1 792
1 1458
1 765
1 2034
1 1503
1 1242
1 801
1 1224
1 909
1 1161
1 1026
1 999
1 1395
1 927
1 1089
1 729
1 1872
1 945
1 1089
1 711
1 792
1 747
1 639
1 909
1 981
1 828
1 855
1 1314
1 1053
1 909
1 1152
1 1332
1 828
1 1206
1 891
1 1386
1 1296
1 1791
1 1008
1 747
1 954
1 1206
1 1584
1 1323
1 612
1 1449
1 1053
1 1458
1 792
1 981
1 648
1 1026
1 2223
1 990
1 1980
1 603
1 1116
1 846
1 918
1 1647
1 1512
1 549
1 567
1 828
1 945
1 1152
1 1188
1 1332
1 1701
1 1179
1 945
1 1458
1 675
1 1206
1 1476
1 1107
1 1017
1 981
1 1134
1 1008
1 1017
1 1197
1 1143
1 1395
1 1251
1 1116
1 2151
1 1233
1 675
1 1368
1 684
1 846
1 2124
1 1701
1 1359
1 1278
1 828
1 909
1 1359
1 648
1 639
1 603
1 981
1 1062
1 810
1 1638
1 531
1 1251
1 729
1 1071
1 1044
1 1152
1 828
1 765
1 1395
1 1440
1 819
1 999
1 1008
1 1332
1 783
1 1188
1 846
1 666
1 2043
1 1152
1 1458
1 837
1 819
1 936
1 1440
1 1530
1 774
1 1188
1 1935
1 1719
1 1431
1 621
1 522
1 918
1 1053
1 1089
1 765
1 972
1 783
1 648
1 729
1 1044
1 1008
1 711
1 1278
1 981
1 2052
1 1854
1 1494
1 1233
1 909
1 729
1 1359
1 846
1 2592
1 1044
1 1152
1 1233
1 1350
1 1287
1 954
1 693
1 1368
1 900
1 747
1 945
1 828
1 468
1 567
1 1170
1 990
1 1665
1 1431
1 936
1 963
1 936
1 1269
1 594
1 1404
1 1683
1 846
1 882
1 1881
1 1080
1 1692
1 1107
1 1431
1 774
1 1566
1 1044
1 1458
1 1332
1 711
1 846
1 972
1 756
1 1125
1 1170
1 783
1 630
1 774
1 963
1 1278
1 1575
1 657
1 1071
1 693
1 1683
1 1179
1 891
1 1287
1 1134
1 999
1 1062
1 999
1 828
1 639
1 810
1 963
1 1134
1 828
1 1134
1 900
1 2304
1 1467
1 1422
1 1332
1 954
1 1242
1 900
1 1332
1 1323
1 927
1 990
1 1116
1 630
1 1359
1 765
1 558
1 1377
1 1332
1 621
1 1845
1 1449
1 666
1 1125
1 747
1 1278
1 1152
1 1053
1 1629
1 828
1 1062
1 1080
1 1026
1 819
1 918
1 567
1 1314
1 1782
1 1863
1 1422
1 954
1 1566
1 1152
1 990
1 756
1 774
1 1620
1 675
1 927
1 900
1 756
1 1800
1 909
1 1098
1 1107
1 1125
1 1503
1 693
1 1035
1 1431
1 1242
1 909
1 990
1 837
1 1566
1 1035
1 1476
1 1206
1 1503
1 756
1 1269
1 675
1 981
1 1206
1 909
1 1188
1 999
1 891
1 1107
1 1107
1 972
1 801
1 936
1 549
1 1881
1 864
1 1242
1 1278
1 1395
1 729
1 909
1 1368
1 1044
1 792
1 846
1 1215
1 1062
1 927
1 1530
1 1287
1 1179
1 909
1 1656
1 1044
1 783
1 2304
1 1152
1 918
1 621
1 1125
1 819
1 981
1 1827
1 1530
1 927
1 999
1 1602
1 837
1 1062
1 1008
1 819
1 828
1 1116
1 900
1 873
1 981
1 945
1 693
1 1044
1 1233
1 1413
1 1107
1 945
1 1143
1 1638
1 1521
1 1935
1 1584
1 1233
1 1485
1 1026
1 612
1 1125
1 1116
1 1026
1 792
1 738
1 729
1 1044
1 657
1 1125
1 1287
1 1341
1 855
1 1080
1 1602
1 1503
1 1404
1 711
1 1494
1 999
1 765
1 720
1 990
1 1188
1 1557
1 819
1 945
1 918
1 1044
1 1161
1 900
1 1683
1 1053
1 1341
1 963
1 720
1 1224
1 1629
1 828
1 1008
1 657
1 1071
1 945
1 1008
1 774
1 1017
1 657
1 1917
1 567
1 891
1 567
1 1197
1 1035
1 1062
1 990
1 1170
1 927
1 1548
1 774
1 1737
1 1017
1 1422
1 1035
1 1035
1 1485
1 765
1 972
1 720
1 1233
1 1368
1 756
1 819
1 963
1 945
1 990
1 1431
1 639
1 846
1 981
1 756
1 1908
1 1215
1 1458
1 738
1 1251
1 693
1 972
1 1170
1 1440
1 1062
1 738
1 801
1 1161
1 1332
1 864
1 801
1 657
1 729
1 1251
1 981
1 1449
1 1107
1 1377
1 1494
1 900
1 1134
1 684
1 1107
1 819
1 1269
1 837
1 1017
1 855
1 1485
1 855
1 1377
1 738
1 873
1 486
1 1062
1 630
1 1305
1 855
1 1161
1 1170
1 1044
1 1107
1 1701
1 1287
1 927
1 1773
1 1296
1 1197
1 1008
1 864
1 945
1 522
1 1134
1 963
1 1035
1 1341
1 1098
1 1197
1 1368
1 1026
1 738
1 846
1 855
1 1611
1 1530
1 1998
1 666
1 1224
1 774
1 990
1 936
1 1530
1 927
1 783
1 1539
1 1260
1 657
1 1125
1 1143
1 621
1 684
1 1593
1 954
1 1143
1 1017
1 1458
1 621
1 873
1 1242
1 1395
1 657
1 1035
1 657
1 1008
1 1287
1 864
1 1287
1 1404
1 1278
1 666
1 1161
1 1575
1 1026
1 729
1 801
1 1314
1 1053
1 954
1 603
1 1350
1 1170
1 873
1 765
1 1386
1 945
1 945
1 531
1 1602
1 594
1 747
1 1251
1 657
1 1170
1 783
1 711
1 567
1 1071
1 2196
1 747
1 1233
1 765
1 837
1 1341
1 999
1 963
1 1287
1 837
1 1197
1 1161
1 693
1 918
1 1188
1 1908
1 1575
1 1341
1 972
1 873
1 684
1 1026
1 1026
1 1017
1 738
1 927
1 2043
1 1071
1 1116
1 1017
1 891
1 1359
1 1485
1 594
1 936
1 1089
1 1728
1 900
1 765
1 1197
1 1791
1 882
1 1053
1 1422
1 1539
1 801
1 1476
1 918
1 1224
1 972
1 639
1 981
1 1143
1 882
1 1629
1 1197
1 1332
1 3213
1 990
1 1287
1 1719
1 963
1 963
1 900
1 1368
1 1674
1 1080
1 1125
1 1305
1 1422
1 981
1 1188
1 936
1 603
1 1143
1 2196
1 963
1 783
1 1107
1 1449
1 540
1 657
1 810
1 729
1 657
1 999
1 1350
1 765
1 783
1 1017
1 567
1 1125
1 927
1 1143
1 828
1 1008
1 900
1 648
1 1278
1 1053
1 774
1 1053
1 1008
1 684
1 2016
1 1458
1 864
1 675
1 819
1 990
1 1314
1 459
1 1143
1 1008
1 684
1 1917
1 1467
1 1026
1 774
1 873
1 585
1 990
1 747
1 621
1 972
1 1368
1 1125
1 1116
1 1395
1 1494
1 1422
1 1359
1 1647
1 972
1 1161
1 720
1 1215
1 765
1 954
1 990
1 1476
1 1899
1 801
1 1350
1 918
1 1350
1 675
1 666
1 936
1 504
1 945
1 702
1 1341
1 810
1 792
1 927
1 972
1 1620
1 873
1 693
1 639
1 1260
1 837
1 1152
1 801
1 1737
1 1701
1 1026
1 909
1 1287
1 702
1 558
1 1350
1 1008
1 1035
1 846
1 918
1 1206
1 1719
1 1125
1 1134
1 918
1 2088
1 1764
1 666
1 1332
1 972
1 1170
1 765
1 1413
1 1215
1 792
1 801
1 1152
1 1386
1 1071
1 1539
1 1503
1 990
1 801
1 963
1 1548
1 1746
1 1071
1 756
1 1287
1 1233
1 2079
1 531
1 1620
1 1350
1 1161
1 1935
1 774
1 792
1 1161
1 1044
1 1134
1 702
1 1098
1 1062
1 630
1 954
1 1062
1 972
1 999
1 738
1 945
1 1593
1 936
1 693
1 477
1 1278
1 1287
1 1197
1 972
1 837
1 1152
1 1791
1 1449
1 1377
1 1080
1 1935
1 1179
1 1152
1 927
1 639
1 774
1 774
1 1179
1 639
1 1125
1 585
1 1134
1 1359
1 675
1 828
1 1125
1 1431
1 765
1 1611
1 1107
1 1188
1 720
1 792
1 1188
1 828
1 1098
1 756
1 621
1 936
1 747
1 846
1 1206
1 2205
1 657
1 1827
1 981
1 1026
1 1161
1 684
1 1026
1 981
1 972
1 1314
1 1179
1 954
1 1269
1 576
1 1458
1 1323
1 1017
1 1161
1 1017
1 693
1 675
1 729
1 693
1 972
1 1116
1 801
1 630
1 1989
1 900
1 1017
1 1188
1 1854
1 972
1 1053
1 774
1 819
1 639
1 909
1 1710
1 1278
1 1413
1 1269
1 846
1 2034
1 954
1 1017
1 1152
1 1359
1 1683
1 810
1 918
1 1575
1 1035
1 675
1 1755
1 927
1 1179
1 855
1 1098
1 1008
1 540
1 972
1 747
1 666
1 1035
1 1638
1 612
1 558
1 1908
1 855
1 1098
1 855
1 801
1 747
1 1035
1 963
1 900
1 621
1 927
1 810
1 999
1 936
1 1269
1 846
1 702
1 1773
1 1521
1 1449
1 603
1 936
1 1980
1 1755
1 1566
1 621
1 549
1 1179
1 1026
1 891
1 1422
1 1242
1 630
1 666
1 1305
1 945
1 1197
1 1287
1 1467
1 711
1 1386
1 1053
1 675
1 630
1 1116
1 1539
1 756
1 1107
1 1134
1 1404
1 792
1 981
1 882
1 1026
1 972
1 765
1 846
1 567
1 1215
1 585
1 1431
1 1377
1 1080
1 1611
1 1107
1 765
1 1593
1 1107
1 477
1 909
1 1440
1 576
1 801
1 693
1 783
1 630
1 522
1 1278
1 801
1 1215
1 783
1 1449
1 1170
1 2088
1 936
1 684
1 486
1 783
1 1242
1 1116
1 1116
1 1341
1 945
1 756
1 1683
1 729
1 774
1 810
1 756
1 1494
1 1053
1 873
1 639
1 900
1 1620
1 585
1 648
1 1386
1 630
1 945
1 1188
1 1629
1 2412
1 936
1 495
1 864
1 819
1 792
1 1395
1 999
1 882
1 954
1 1656
1 954
1 2322
1 657
1 1179
1 1314
1 954
1 774
1 576
1 1719
1 855
1 1125
1 1035
1 684
1 1170
1 630
1 990
1 990
1 684
1 954
1 891
1 1314
1 693
1 639
1 1152
1 1422
1 720
1 837
1 1350
1 837
1 1386
1 1296
1 2817
1 1125
1 891
1 1260
1 1413
1 1098
1 882
1 1053
1 981
1 567
1 549
1 1674
1 1026
1 864
1 1458
1 1035
1 1548
1 1143
1 1089
1 1017
1 873
1 882
1 729
1 1197
1 594
1 1206
1 1593
1 1305
1 1026
1 1575
1 720
1 792
1 1017
1 1818
1 2151
1 1314
1 1332
1 1449
1 1170
1 1188
1 801
1 1314
1 972
1 1593
1 900
1 1170
1 936
1 1431
1 1233
1 1062
1 1962
1 954
1 990
1 1008
1 477
1 828
1 783
1 909
1 720
1 1125
1 720
1 2727
1 864
1 936
1 720
1 657
1 675
1 1134
1 1512
1 810
1 585
1 1467
1 1008
1 1179
1 1053
1 1296
1 909
1 1044
1 756
1 927
1 702
1 882
1 1341
1 1008
1 1422
1 900
1 945
1 1305
1 1143
1 1161
1 1197
1 1062
1 648
1 1188
1 873
1 1161
1 1701
1 972
1 1125
1 1440
1 1044
1 468
1 936
1 702
1 1971
1 657
1 1089
1 1098
1 693
1 1557
1 684
1 657
1 630
1 927
1 1197
1 531
1 1062
1 2169
1 729
1 936
1 1143
1 1458
1 1647
1 756
1 918
1 1071
1 927
1 675
1 1053
1 873
1 846
1 765
1 1008
1 1251
1 1089
1 1485
1 1260
1 1053
1 657
1 1224
1 1440
1 1332
1 1305
1 828
1 1485
1 1359
1 1152
1 1134
1 2115
1 981
1 1044
1 1143
1 963
1 1881
1 1089
1 1161
1 621
1 864
1 1179
1 792
1 1116
1 630
1 1656
1 1179
1 1062
1 1413
1 873
1 792
1 1017
1 1485
1 1548
1 1035
1 1305
1 1215
1 747
1 1026
1 819
1 1656
1 819
1 855
1 1422
1 747
1 1161
1 1080
1 567
1 1179
1 1206
1 1458
1 981
1 819
1 1206
1 837
1 990
1 1062
1 945
1 765
1 873
1 603
1 1215
1 1809
1 594
1 981
1 972
1 846
1 1035
1 990
1 918
1 540
1 1233
1 1062
1 1314
1 774
1 1350
1 1215
1 882
1 594
1 1116
1 1359
1 1152
1 1791
1 684
1 1494
1 675
1 1026
1 1071
1 783
1 1629
1 1170
1 1917
1 828
1 945
1 846
1 810
1 954
1 1080
1 1494
1 1008
1 747
1 927
1 918
1 963
1 864
1 1062
1 774
1 891
1 1161
1 963
1 1458
1 810
1 2007
1 1215
1 1143
1 675
1 1008
1 603
1 2007
1 522
1 756
1 1170
1 1053
1 567
1 909
1 873
1 2214
1 756
1 990
1 1395
1 1521
1 747
1 1305
1 837
1 882
1 1467
1 1134
1 1206
1 900
1 702
1 828
1 1089
1 819
1 1629
1 621
1 918
1 873
1 1269
1 1053
1 738
1 1269
1 1692
1 792
1 828
1 819
1 1116
1 810
1 765
1 1602
1 711
1 1971
1 1278
1 801
1 891
1 846
1 1008
1 720
1 720
1 927
1 1467
1 801
1 1539
1 990
1 522
1 1305
1 1197
1 468
1 675
1 1611
1 1116
1 1845
1 1647
1 1422
1 1431
1 1287
1 1053
1 549
1 792
1 1170
1 1071
1 909
1 756
1 981
1 621
1 1386
1 810
1 1206
1 1161
1 936
1 891
1 1179
1 702
1 855
1 900
1 1071
1 1323
1 1899
1 1188
1 1116
1 1665
1 1125
1 936
1 999
1 1044
1 1215
1 1512
1 819
1 1008
1 1458
1 1071
1 999
1 1233
1 936
1 1341
1 1206
1 810
1 1485
1 990
1 846
1 477
1 900
1 864
1 972
1 576
1 891
1 1017
1 1197
1 801
1 621
1 1134
1 873
1 765
1 729
1 1035
1 1314
1 1116
1 1476
1 1008
1 1143
1 1026
1 738
1 1305
1 1062
1 1008
1 1350
1 810
1 1197
1 765
1 1026
1 963
1 1377
1 1368
1 1026
1 1818
1 1215
1 603
1 1305
1 909
1 1125
1 810
1 1296
1 873
1 891
1 729
1 1071
1 1179
1 801
1 1125
1 1134
1 459
1 549
1 1404
1 1197
1 1692
1 1620
1 1260
1 1683
1 1584
1 666
1 1503
1 945
1 927
1 1197
1 1638
1 1566
1 729
1 1125
1 837
1 747
1 891
1 918
1 972
1 855
1 1134
1 909
1 1485
1 855
1 1638
1 729
1 837
1 1125
1 783
1 1026
1 729
1 1611
1 1341
1 981
1 1548
1 900
1 936
1 918
1 1476
1 981
1 810
1 1017
1 693
1 981
1 954
1 1449
1 756
1 468
1 945
1 630
1 1476
1 882
1 1440
1 1008
1 801
1 1026
1 756
1 927
1 918
1 729
1 882
1 747
1 864
1 945
1 1044
1 810
1 648
1 828
1 1323
1 1521
1 585
1 1305
1 1413
1 1035
1 1053
1 720
1 1233
1 1125
1 1143
1 1089
1 711
1 1485
1 999
1 1359
1 1044
1 1170
1 1152
1 873
1 900
1 828
1 1134
1 1404
1 1251
1 1017
1 468
1 765
1 1080
1 1818
1 468
1 693
1 621
1 711
1 990
1 1053
1 1161
1 1458
1 837
1 756
1 1080
1 1170
1 648
1 1269
1 1143
1 1350
1 900
1 1134
1 954
1 783
1 1188
1 1458
1 1422
1 1062
1 1530
1 666
1 909
1 1233
1 711
1 576
1 1062
1 1116
1 954
1 693
1 1323
1 603
1 1269
1 603
1 2151
1 1359
1 918
1 864
1 1503
1 927
1 1044
1 1017
1 738
1 1476
1 855
1 1935
1 1188
1 2070
1 819
1 1287
1 711
1 1323
1 1314
1 918
1 666
1 1188
1 1053
1 594
1 882
1 693
1 891
1 1341
1 1242
1 1125
1 1395
1 792
1 963
1 1728
1 1179
1 1017
1 864
1 1323
1 720
1 1521
1 1233
1 1107
1 1359
1 999
1 783
1 1233
1 819
1 1683
1 783
1 1089
1 1224
1 1098
1 873
1 837
1 1305
1 720
1 1053
1 513
1 909
1 1377
1 738
1 1746
1 747
1 936
1 621
1 891
1 1413
1 981
1 1035
1 1062
1 936
1 666
1 900
1 1971
1 756
1 702
1 1629
1 1215
1 702
1 999
1 1386
1 810
1 1449
1 1215
1 1206
1 864
1 1008
1 1269
1 990
1 1008
1 972
1 801
1 1647
1 819
1 1242
1 1431
1 1251
1 1233
1 855
1 1044
1 675
1 1953
1 1152
1 1350
1 945
1 1188
1 1260
1 1953
1 1161
1 1170
1 1035
1 837
1 1116
1 954
1 900
1 855
1 1386
1 1467
1 1188
1 729
1 873
1 864
1 522
1 1728
1 855
1 1764
1 567
1 891
1 1179
1 711
1 738
1 1548
1 1296
1 2034
1 1251
1 1089
1 873
1 855
1 1188
1 792
1 756
1 756
1 1125
1 810
1 729
1 963
1 657
1 540
1 1161
1 540
1 909
1 1089
1 1116
1 738
1 747
1 972
1 981
1 846
1 1647
1 810
1 1683
1 621
1 729
1 558
1 927
1 774
1 981
1 864
1 1512
1 648
1 1125
1 900
1 999
1 1044
1 936
1 747
1 675
1 1854
1 909
1 1305
1 1953
1 882
1 801
1 2439
1 1395
1 918
1 1143
1 801
1 1251
1 630
1 657
1 1332
1 774
1 684
1 522
1 1341
1 2016
1 1287
1 1053
1 1080
1 1071
1 909
1 828
1 1035
1 900
1 1611
1 1296
1 1314
1 1359
1 801
1 1233
1 1134
1 1062
1 1170
1 963
1 1215
1 639
1 1053
1 540
1 1737
1 1872
1 1152
1 1359
1 702
1 576
1 2052
1 1296
1 1269
1 1350
1 1296
1 747
1 1314
1 1107
1 846
1 918
1 810
1 855
1 1305
1 990
1 1305
1 1035
1 603
1 1152
1 1908
1 729
1 756
1 1044
1 2106
1 927
1 963
1 1431
1 1089
1 1026
1 792
1 2295
1 747
1 900
1 666
1 1296
1 936
1 1170
1 702
1 882
1 1368
1 837
1 729
1 972
1 558
1 963
1 1026
1 1044
1 1215
1 945
1 639
1 1350
1 828
1 891
1 810
1 819
1 1377
1 1143
1 1224
1 1305
1 1719
1 1233
1 1242
1 1125
1 1665
1 612
1 1395
1 801
1 837
1 1044
1 738
1 990
1 1053
1 1260
1 1143
1 1584
1 2142
1 1341
1 1341
1 873
1 873
1 837
1 1026
1 756
1 819
1 1035
1 1953
1 1314
1 765
1 855
1 900
1 738
1 693
1 810
1 1665
1 711
1 954
1 522
1 1566
1 1377
1 1701
1 1071
1 1242
1 1143
1 684
1 702
1 828
1 1089
1 756
1 1098
1 702
1 1458
1 945
1 1674
1 801
1 684
1 999
1 1431
1 945
1 1323
1 720
1 1080
1 1152
1 576
1 999
1 1503
1 927
1 945
1 1602
1 738
1 765
1 981
1 540
1 1323
1 1665
1 1053
1 2169
1 972
1 918
1 1188
1 1197
1 909
1 711
1 1161
1 1539
1 990
1 1053
1 819
1 855
1 927
1 1089
1 1314
1 729
1 1017
1 1026
1 936
1 1260
1 846
1 1143
1 1026
1 1899
1 1836
1 765
1 702
1 1008
1 1575
1 828
1 747
1 1278
1 675
1 1620
1 918
1 1557
1 846
1 1485
1 720
1 1512
1 1494
1 882
1 972
1 891
1 1071
1 837
1 846
1 1395
1 927
1 1035
1 981
1 801
1 909
1 1107
1 702
1 999
1 1692
1 1593
1 1395
1 927
1 1062
1 1179
1 1260
1 639
1 720
1 1017
1 1305
1 1071
1 891
1 837
1 1386
1 630
1 657
1 1224
1 999
1 1395
1 1395
1 882
1 1791
1 810
1 1476
1 891
1 1026
1 1215
1 963
1 1215
1 666
1 882
1 864
1 891
1 2070
1 1332
1 1305
1 2007
1 783
1 1161
1 1062
1 810
1 1296
1 1512
1 756
1 810
1 972
1 810
1 1017
1 927
1 1476
1 1287
1 1476
1 783
1 1269
1 630
1 990
1 738
1 1026
1 999
1 612
1 972
1 1152
1 702
1 891
1 648
1 1368
1 1278
1 864
1 765
1 2034
1 1782
1 1359
1 1116
1 1440
1 999
1 972
1 1053
1 828
1 1125
1 936
1 1764
1 792
1 1863
1 990
1 1431
1 720
1 792
1 1098
1 1305
1 2034
1 1647
1 1539
1 855
1 810
1 1260
1 1287
1 1467
1 684
1 1260
1 756
1 828
1 990
1 1746
1 1485
1 666
1 1368
1 693
1 1098
1 927
1 1449
1 855
1 1098
1 963
1 1323
1 594
1 684
1 855
1 1170
1 612
1 1071
1 774
1 1602
1 1143
1 1620
1 675
1 1026
1 1440
1 720
1 1161
1 1368
1 1134
1 1053
1 873
1 918
1 2349
1 792
1 1332
1 972
1 1386
1 909
1 1233
1 846
1 684
1 648
1 1098
1 1080
1 918
1 729
1 1134
1 747
1 828
1 1359
1 648
1 2034
1 1197
1 1026
1 801
1 1305
1 630
1 1863
1 1413
1 2007
1 1422
1 1215
1 1269
1 1305
1 576
1 639
1 783
1 639
1 603
1 1332
1 891
1 981
1 1089
1 909
1 801
1 990
1 1107
1 1719
1 630
1 747
1 1332
1 1062
1 909
1 783
1 648
1 1143
1 1215
1 1260
1 1917
1 837
1 999
1 531
1 972
1 1179
1 468
1 513
1 927
1 720
1 702
1 1143
1 819
1 900
1 684
1 1089
1 954
1 1161
1 855
1 1755
1 738
1 1071
1 1530
1 1017
1 1242
1 711
1 1602
1 918
1 990
1 1575
1 729
1 1602
1 1008
1 1170
1 1152
1 828
1 864
1 855
1 1386
1 1062
1 1935
1 1215
1 1827
1 1485
1 585
1 1197
1 873
1 1017
1 1467
1 1143
1 1116
1 2853
1 1107
1 1098
1 1161
1 846
1 1593
1 1314
1 846
1 1287
1 837
1 621
1 720
1 765
1 1152
1 1404
1 1287
1 1080
1 1395
1 1044
1 873
1 1026
1 1008
1 999
1 1197
1 1674
1 729
1 783
1 1431
1 756
1 1377
1 648
1 846
1 1170
1 756
1 819
1 1089
1 612
1 936
1 1269
1 1521
1 927
1 1521
1 1269
1 963
1 1512
1 756
1 837
1 1242
1 1143
1 2250
1 747
1 1233
1 720
1 603
1 990
1 1107
1 1008
1 810
1 936
1 873
1 1125
1 873
1 576
1 756
1 1332
1 900
1 981
1 1071
1 747
1 540
1 819
1 1026
1 657
1 783
1 792
1 747
1 1080
1 837
1 936
1 1017
1 810
1 1251
1 927
1 873
1 810
1 1143
1 612
1 639
1 639
1 648
1 1296
1 918
1 1071
1 1080
1 1998
1 846
1 1197
1 486
1 729
1 639
1 1062
1 873
1 936
1 1089
1 711
1 567
1 945
1 1053
1 1170
1 1458
1 1179
1 972
1 1161
1 1107
1 639
1 1152
1 810
1 756
1 873
1 1233
1 1332
1 1359
1 891
1 702
1 1350
1 666
1 810
1 891
1 972
1 1269
1 630
1 891
1 1008
1 783
1 819
1 1278
1 1233
1 1179
1 531
1 1143
1 2376
1 1206
1 1017
1 1215
1 1017
1 1071
1 846
1 891
1 1170
1 666
1 702
1 1305
1 1089
1 1062
1 873
1 612
1 783
1 882
1 783
1 810
1 1485
1 1098
1 963
1 693
1 738
1 1575
1 891
1 774
1 1170
1 1179
1 927
1 900
1 1719
1 1287
1 846
1 765
1 963
1 1485
1 846
1 891
1 1602
1 1611
1 1206
1 1251
1 1053
1 909
1 2205
1 1431
1 1197
1 1566
1 1611
1 558
1 1125
1 666
1 846
1 1593
1 882
1 801
1 1098
1 1278
1 1071
1 657
1 882
1 1782
1 1161
1 981
1 1584
1 828
1 1098
1 1737
1 972
1 1458
1 1125
1 1332
1 1530
1 1287
1 1278
1 603
1 783
1 1233
1 1053
1 1044
1 1260
1 1017
1 1278
1 1152
1 1161
1 999
1 1188
1 738
1 999
1 1530
1 756
1 918
1 1053
1 1224
1 1233
1 747
1 873
1 621
1 972
1 639
1 909
1 1062
1 1287
1 783
1 1143
1 1170
1 1350
1 468
1 891
1 1422
1 639
1 675
1 792
1 1035
1 1008
1 792
1 945
1 2448
1 837
1 918
1 999
1 477
1 1107
1 1152
1 1458
1 1395
1 1188
1 1242
1 1206
1 900
1 702
1 1134
1 1287
1 828
1 1242
1 954
1 1674
1 639
1 1953
1 1701
1 1026
1 711
1 612
1 855
1 945
1 1305
1 1161
1 909
1 2295
1 756
1 1116
1 702
1 1476
1 1341
1 1350
1 936
1 828
1 675
1 675
1 954
1 1305
1 2322
1 729
1 738
1 1494
1 792
1 882
1 1611
1 1233
1 1746
1 729
1 1008
1 1170
1 657
1 1179
1 603
1 504
1 792
1 1386
1 819
1 1026
1 1197
1 1143
1 558
1 1215
1 1215
1 1062
1 774
1 1188
1 729
1 1305
1 576
1 792
1 1422
1 1944
1 675
1 846
1 1071
1 954
1 1143
1 873
1 1197
1 1170
1 558
1 1017
1 882
1 1476
1 567
1 1764
1 918
1 945
1 828
1 1350
1 630
1 648
1 1593
1 837
1 1071
1 468
1 1161
1 738
1 909
1 1053
1 720
1 657
1 963
1 1719
1 639
1 837
1 1395
1 747
1 1548
1 999
1 954
1 1143
1 1089
1 1044
1 1296
1 819
1 1008
1 891
1 900
1 945
1 972
1 1944
1 828
1 1098
1 522
1 603
1 864
1 945
1 1035
1 1107
1 612
1 1368
1 900
1 801
1 855
1 936
1 2322
1 1566
1 720
1 1188
1 1908
1 1107
1 729
1 1053
1 900
1 1053
1 1179
1 1953
1 612
1 792
1 972
1 2466
1 1674
1 1827
1 1233
1 873
1 1233
1 837
1 1737
1 1593
1 1008
1 837
1 1755
1 1269
1 1098
1 873
1 1008
1 504
1 846
1 1305
1 1962
1 693
1 846
1 855
1 1161
1 1242
1 1017
1 747
1 837
1 1332
1 855
1 630
1 972
1 837
1 954
1 765
1 927
1 1206
1 738
1 999
1 540
1 1314
1 873
1 1629
1 1548
1 1125
1 1386
1 1449
1 1107
1 927
1 576
1 1746
1 873
1 1251
1 1512
1 765
1 711
1 1368
1 585
1 1026
1 999
1 918
1 891
1 801
1 783
1 1107
1 603
1 1143
1 945
1 576
1 819
1 1242
1 1458
1 1746
1 963
1 1062
1 603
1 819
1 1413
1 648
1 549
1 1206
1 648
1 873
1 585
1 1449
1 792
1 729
1 675
1 1539
1 927
1 801
1 756
1 1395
1 1422
1 1035
1 1701
1 1341
1 1017
1 819
1 864
1 936
1 1197
1 1827
1 801
1 1260
1 900
1 1377
1 711
1 1845
1 927
1 1386
1 801
1 1260
1 1044
1 1476
1 774
1 612
1 747
1 1413
1 1161
1 1647
1 1098
1 891
1 612
1 1116
1 990
1 675
1 1089
1 594
1 684
1 963
1 1602
1 621
1 1053
1 1026
1 1359
1 666
1 792
1 990
1 981
1 801
1 693
1 1278
1 738
1 1539
1 1278
1 1260
1 1566
1 702
1 657
1 729
1 891
1 891
1 1089
1 684
1 1926
1 1701
1 837
1 684
1 684
1 810
1 702
1 1341
1 972
1 864
1 639
1 981
1 1026
1 1080
1 1602
1 1224
1 1035
1 1197
1 765
1 1404
1 1845
1 927
1 1026
1 1125
1 1215
1 963
1 1485
1 855
1 873
1 801
1 1341
1 1269
1 1530
1 1206
1 1287
1 1395
1 1251
1 747
1 846
1 1755
1 1584
1 1449
1 1008
1 774
1 1332
1 1107
1 1332
1 972
1 882
1 999
1 882
1 1080
1 1638
1 1260
1 756
1 1008
1 945
1 819
1 1224
1 1233
1 918
1 945
1 1053
1 648
1 675
1 1134
1 909
1 801
1 1098
1 612
1 1080
1 819
1 2772
1 792
1 936
1 783
1 666
1 2223
1 2592
1 1287
1 909
1 594
1 1125
1 1161
1 1566
1 1143
1 963
1 1611
1 558
1 1962
1 1080
1 621
1 900
1 1647
1 2052
1 1494
1 1008
1 585
1 1539
1 1656
1 1701
1 891
1 1566
1 1215
1 1368
1 981
1 837
1 1323
1 711
1 828
1 765
1 1035
1 1080
1 1269
1 801
1 891
1 1710
1 882
1 1053
1 1053
1 1224
1 900
1 1701
1 630
1 1359
1 1242
1 1449
1 783
1 963
1 1035
1 864
1 738
1 657
1 1296
1 1521
1 1872
1 783
1 837
1 1143
1 801
1 927
1 1098
1 801
1 612
1 765
1 990
1 1233
1 1098
1 1035
1 1053
1 1341
1 630
1 909
1 1197
1 747
1 1143
1 1287
1 1395
1 981
1 1449
1 1008
1 666
1 945
1 729
1 612
1 1098
1 909
1 1503
1 1188
1 531
1 1206
1 1008
1 1593
1 639
1 1125
1 1737
1 495
1 1998
1 792
1 1476
1 1431
1 1251
1 1071
1 540
1 945
1 1539
1 1125
1 918
1 612
1 1071
1 1737
1 1035
1 918
1 1035
1 1143
1 1512
1 963
1 1971
1 864
1 846
1 1080
1 1512
1 1332
1 648
1 1170
1 1098
1 792
1 882
1 1035
1 1026
1 828
1 801
1 1485
1 1440
1 927
1 963
1 675
1 1251
1 630
1 1224
1 810
1 1179
1 1467
1 1593
1 1089
1 1125
1 999
1 972
1 1791
1 855
1 774
1 1152
1 2070
1 855
1 1233
1 693
1 828
1 909
1 1521
1 1431
1 1962
1 1179
1 1197
1 1503
1 729
1 918
1 1359
1 1359
1 1278
1 1008
1 1035
1 810
1 1116
1 3375
1 657
1 909
1 1071
1 783
1 1701
1 630
1 828
1 1161
1 1566
1 873
1 549
1 1800
1 1854
1 882
1 927
1 1449
1 702
1 1044
1 1080
1 1224
1 1008
1 1368
1 981
1 1089
1 1053
1 945
1 1080
1 972
1 1161
1 972
1 1557
1 1953
1 1314
1 792
1 747
1 1026
1 1044
1 747
1 612
1 981
1 711
1 450
1 576
1 1143
1 1206
1 684
1 2520
1 684
1 684
1 819
1 1134
1 792
1 1557
1 1044
1 1386
1 1125
1 1008
1 1224
1 1350
1 1404
1 531
1 1080
1 1548
1 846
1 819
1 1152
1 1413
1 1080
1 918
1 522
1 2151
1 1143
1 855
1 1206
1 1143
1 2295
1 999
1 810
1 747
1 1305
1 1053
1 1197
1 1350
1 1233
1 1089
1 918
1 1179
1 657
1 828
1 1080
1 1161
1 819
1 1683
1 972
1 1107
1 576
1 1089
1 1071
1 864
1 1323
1 675
1 657
1 729
1 792
1 945
1 1125
1 1035
1 720
1 873
1 1395
1 963
1 1494
1 666
1 1431
1 1080
1 1629
1 801
1 873
1 1791
1 783
1 1449
1 1566
1 1152
1 1836
1 684
1 1017
1 522
1 1332
1 774
1 1341
1 1188
1 954
1 756
1 774
1 855
1 1107
1 954
1 909
1 891
1 990
1 954
1 972
1 1422
1 1386
1 774
1 828
1 747
1 1071
1 720
1 513
1 1152
1 1692
1 981
1 1188
1 1224
1 1242
1 1152
1 972
1 2052
1 846
1 1080
1 774
1 1026
1 1278
1 1872
1 666
1 990
1 882
1 1026
1 468
1 1647
1 1476
1 837
1 1188
1 2475
1 999
1 909
1 909
1 1206
1 1008
1 756
1 657
1 702
1 1035
1 981
1 1341
1 1206
1 1242
1 918
1 1188
1 954
1 729
1 1404
1 1287
1 1458
1 1161
1 1035
1 801
1 1278
1 657
1 1107
1 1521
1 783
1 1287
1 1467
1 1071
1 900
1 1251
1 1449
1 1188
1 792
1 1188
1 711
1 639
1 1179
1 1458
1 801
1 693
1 801
1 1188
1 864
1 1422
1 549
1 612
1 1656
1 837
1 774
1 765
1 837
1 1179
1 918
1 684
1 738
1 1350
1 756
1 1656
1 1638
1 666
1 621
1 1179
1 1440
1 621
1 1035
1 1404
1 1197
1 1224
1 1125
1 1215
1 1053
1 657
1 846
1 1062
1 1557
1 1305
1 1044
1 927
1 810
1 1521
1 1314
1 1215
1 711
1 1305
1 1503
1 882
1 909
1 783
1 783
1 1080
1 2322
1 927
1 990
1 990
1 1017
1 981
1 990
1 711
1 675
1 1872
1 1323
1 891
1 729
1 621
1 612
1 945
1 1170
1 846
1 999
1 1206
1 837
1 846
1 1647
1 765
1 666
1 855
1 522
1 1413
1 657
1 819
1 999
1 729
1 747
1 909
1 1647
1 720
1 729
1 999
1 1548
1 963
1 2061
1 747
1 873
1 747
1 783
1 1116
1 1719
1 558
1 612
1 1413
1 981
1 1575
1 1917
1 1341
1 1512
1 864
1 765
1 720
1 1341
1 729
1 1161
1 828
1 2016
1 1377
1 1008
1 927
1 828
1 612
1 1098
1 1863
1 1233
1 1152
1 1458
1 1107
1 2115
1 648
1 1044
1 1314
1 828
1 1818
1 1044
1 1170
1 765
1 630
1 720
1 783
1 1296
1 1404
1 1503
1 900
1 459
1 1080
1 1350
1 963
1 747
1 909
1 954
1 1845
1 630
1 1179
1 1260
1 1143
1 2223
1 873
1 612
1 1305
1 1521
1 549
1 1026
1 2610
1 1710
1 747
1 720
1 1638
1 936
1 963
1 918
1 729
1 810
1 810
1 711
1 1467
1 1188
1 711
1 882
1 1386
1 1116
1 954
1 1764
1 1449
1 1305
1 774
1 792
1 612
1 1323
1 981
1 1215
1 945
1 1143
1 828
1 1206
1 576
1 630
1 1143
1 1179
1 1053
1 2196
1 882
1 1242
1 990
1 909
1 1296
1 963
1 1413
1 1152
1 738
1 1161
1 936
1 1323
1 828
1 747
1 1053
1 1656
1 828
1 1206
1 1044
1 1557
1 1377
1 1899
1 1098
1 819
1 1233
1 1089
1 819
1 1350
1 1485
1 1575
1 1521
1 990
1 459
1 702
1 927
1 1773
1 648
1 1161
1 945
1 693
1 1035
1 1386
1 2070
1 1395
1 846
1 477
1 1008
1 747
1 1008
1 1215
1 1431
1 1152
1 900
1 1377
1 1107
1 675
1 612
1 1170
1 1242
1 1188
1 801
1 1278
1 1494
1 1161
1 1125
1 927
1 882
1 1224
1 1080
1 1143
1 1440
1 846
1 1647
1 765
1 2025
1 1053
1 882
1 1746
1 972
1 1440
1 1116
1 891
1 1458
1 909
1 1278
1 810
1 909
1 1008
1 459
1 756
1 1377
1 1629
1 1395
1 855
1 549
1 900
1 666
1 1557
1 1008
1 1071
1 918
1 1224
1 666
1 774
1 1116
1 1530
1 1980
1 873
1 909
1 1953
1 1341
1 1323
1 1116
1 1971
1 1098
1 918
1 900
1 756
1 585
1 1269
1 801
1 1377
1 927
1 909
1 1098
1 1566
1 936
1 1044
1 774
1 1017
1 1332
1 1179
1 720
1 666
1 1827
1 936
1 819
1 648
1 882
1 711
1 1017
1 1125
1 747
1 1161
1 783
1 1215
1 1233
1 801
1 2007
1 1215
1 927
1 1008
1 972
1 1548
1 738
1 756
1 1233
1 1116
1 801
1 855
1 819
1 1395
1 1296
1 1440
1 828
1 1656
1 1503
1 1098
1 774
1 1314
1 1125
1 738
1 999
1 1764
1 1143
1 1071
1 756
1 702
1 684
1 1107
1 468
1 918
1 999
1 720
1 972
1 1332
1 774
1 1026
1 1512
1 1143
1 1413
1 1008
1 1665
1 729
1 1350
1 675
1 1017
1 1260
1 747
1 1314
1 1269
1 972
1 693
1 1665
1 1305
1 828
1 1323
1 1935
1 1305
1 621
1 819
1 738
1 801
1 837
1 1656
1 792
1 2403
1 981
1 1620
1 756
1 981
1 2043
1 936
1 1521
1 504
1 1224
1 1044
1 1269
1 1836
1 1134
1 936
1 882
1 891
1 1251
1 1206
1 1755
1 1125
1 1503
1 846
1 864
1 963
1 1053
1 630
1 1044
1 1431
1 1386
1 1008
1 837
1 1089
1 1314
1 1458
1 1116
1 999
1 675
1 846
1 747
1 1071
1 945
1 765
1 1926
1 810
1 1197
1 873
1 3312
1 1323
1 729
1 927
1 1242
1 1161
1 1395
1 1764
1 1116
1 1863
1 1125
1 1296
1 1107
1 1719
1 1044
1 936
1 936
1 1251
1 1467
1 1278
1 1260
1 702
1 711
1 1125
1 1134
1 2466
1 567
1 1512
1 747
1 1404
1 981
1 666
1 891
1 1026
1 1413
1 1755
1 1179
1 693
1 1062
1 576
1 972
1 2736
1 1089
1 1548
1 594
1 1215
1 1278
1 1143
1 666
1 1359
1 2304
1 603
1 684
1 1287
1 1440
1 918
1 1251
1 1062
1 792
1 1125
1 1062
1 1017
1 756
1 1332
1 1089
1 1647
1 1647
1 927
1 1521
1 1017
1 801
1 882
1 1035
1 927
1 855
1 1152
1 1206
1 1098
1 855
1 1998
1 891
1 1107
1 1971
1 1098
1 774
1 1188
1 819
1 1260
1 963
1 801
1 1107
1 1584
1 603
1 1152
1 657
1 1503
1 1116
1 720
1 801
1 1521
1 783
1 1395
1 801
1 1206
1 828
1 711
1 657
1 1206
1 1125
1 621
1 774
1 792
1 1206
1 1062
1 1098
1 1035
1 828
1 828
1 963
1 684
1 1341
1 1152
1 900
1 828
1 477
1 540
1 1035
1 1215
1 1044
1 1566
1 657
1 801
1 1593
1 1179
1 1773
1 1260
1 648
1 1413
1 1368
1 1296
1 1287
1 1215
1 783
1 927
1 1035
1 927
1 639
1 1098
1 963
1 1062
1 675
1 1341
1 1530
1 981
1 927
1 927
1 927
1 1341
1 711
1 1161
1 1215
1 783
1 945
1 1107
1 1431
1 765
1 810
1 1143
1 1062
1 1098
1 1548
1 1305
1 774
1 900
1 1035
1 981
1 1197
1 819
1 675
1 774
1 1476
1 1494
1 1062
1 1116
1 1179
1 936
1 711
1 1404
1 990
1 1134
1 567
1 2232
1 648
1 1548
1 1350
1 801
1 918
1 1485
1 972
1 1062
1 639
1 918
1 1098
1 612
1 954
1 1143
1 837
1 972
1 630
1 1620
1 1107
1 549
1 846
1 1422
1 1269
1 648
1 1152
1 1206
1 801
1 837
1 1692
1 963
1 810
1 1530
1 981
1 1368
1 927
1 666
1 954
1 1350
1 882
1 1071
1 2367
1 1269
1 819
1 1242
1 855
1 621
1 891
1 837
1 666
1 1359
1 1872
1 792
1 1197
1 1134
1 855
1 810
1 954
1 855
1 819
1 630
1 639
1 1935
1 1008
1 1395
1 1152
1 1017
1 1269
1 954
1 693
1 639
1 927
1 1629
1 1377
1 774
1 882
1 1062
1 846
1 918
1 729
1 864
1 1089
1 1107
1 783
1 1386
1 1143
1 1395
1 1053
1 1143
1 891
1 909
1 594
1 567
1 1053
1 1584
1 1152
1 1098
1 1062
1 1026
1 1008
1 702
1 801
1 855
1 1233
1 1323
1 1143
1 1359
1 711
1 801
1 1179
1 2601
1 1107
1 576
1 1152
1 603
1 1350
1 567
1 2286
1 2205
1 1386
1 1224
1 1251
1 774
1 1467
1 522
1 810
1 1026
1 1287
1 666
1 711
1 846
1 999
1 1440
1 1620
1 972
1 1386
1 1908
1 1260
1 1098
1 1152
1 891
1 810
1 1350
1 1584
1 990
1 1305
1 648
1 837
1 1071
1 981
1 1161
1 1098
1 1683
1 1350
1 1179
1 900
1 1269
1 972
1 1017
1 477
1 1071
1 1287
1 1098
1 801
1 630
1 1350
1 1017
1 1467
1 873
1 792
1 1719
1 918
1 855
1 810
1 729
1 756
1 1278
1 1170
1 675
1 837
1 963
1 882
1 1548
1 1800
1 1017
1 864
1 1431
1 1656
1 846
1 1026
1 801
1 702
1 909
1 1269
1 828
1 1134
1 693
1 549
1 2052
1 621
1 1575
1 540
1 1152
1 882
1 1134
1 936
1 720
1 945
1 1584
1 1026
1 900
1 1341
1 504
1 774
1 1008
1 1089
1 1539
1 1017
1 1278
1 1593
1 756
1 927
1 693
1 648
1 1152
1 666
1 666
1 810
1 1296
1 1260
1 1296
1 1152
1 1197
1 792
1 729
1 1953
1 1260
1 1530
1 945
1 1548
1 855
1 1287
1 936
1 657
1 819
1 828
1 1134
1 846
1 909
1 1089
1 1017
1 1017
1 594
1 1260
1 675
1 1701
1 999
1 702
1 1953
1 558
1 1629
1 486
1 1251
1 693
1 1350
1 612
1 1962
1 1152
1 756
1 990
1 846
1 1152
1 675
1 522
1 891
1 2394
1 1908
1 1035
1 936
1 1323
1 936
1 2079
1 1332
1 1809
1 1170
1 837
1 2214
1 666
1 981
1 765
1 999
1 666
1 747
1 567
1 1017
1 990
1 1107
1 810
1 954
1 1746
1 639
1 864
1 1404
1 1476
1 693
1 1143
1 1359
1 990
1 927
1 684
1 756
1 1152
1 594
1 846
1 1188
1 819
1 1773
1 927
1 945
1 1557
1 1782
1 1116
1 693
1 1017
1 729
1 1026
1 918
1 792
1 1296
1 1359
1 1071
1 855
1 900
1 1269
1 1134
1 1179
1 1017
1 1287
1 1359
1 1278
1 1350
1 621
1 1323
1 837
1 1071
1 999
1 1350
1 1665
1 1224
1 1368
1 1746
1 999
1 927
1 720
1 1008
1 1071
1 612
1 990
1 783
1 1008
1 729
1 1188
1 1233
1 819
1 792
1 1089
1 1134
1 1233
1 1251
1 585
1 1116
1 954
1 954
1 738
1 639
1 990
1 1026
1 855
1 1125
1 918
1 1044
1 657
1 657
1 837
1 540
1 1224
1 1242
1 1458
1 1089
1 747
1 1431
1 1026
1 900
1 549
1 648
1 675
1 954
1 1044
1 1251
1 765
1 1287
1 1512
1 1062
1 1332
1 2034
1 1188
1 1332
1 990
1 1089
1 693
1 603
1 945
1 1377
1 1224
1 882
1 756
1 1008
1 1125
1 1053
1 666
1 1242
1 1017
1 1269
1 1008
1 756
1 1044
1 783
1 1089
1 1314
1 1107
1 1629
1 801
1 900
1 738
1 945
1 711
1 1053
1 999
1 1341
1 873
1 621
1 1035
1 810
1 1557
1 783
1 684
1 1125
1 2547
1 891
1 918
1 1287
1 666
1 603
1 1107
1 972
1 1584
1 1359
1 1071
1 1125
1 1125
1 675
1 1395
1 927
1 1494
1 1107
1 891
1 1557
1 927
1 1476
1 1377
1 576
1 1575
1 873
1 1017
1 801
1 990
1 1260
1 1098
1 738
1 1359
1 675
1 1314
1 864
1 1215
1 738
1 909
1 657
1 2250
1 801
1 765
1 873
1 738
1 1269
1 1359
1 891
1 1062
1 702
1 873
1 549
1 711
1 1323
1 693
1 1125
1 864
1 1053
1 1017
1 954
1 963
1 792
1 864
1 900
1 666
1 666
1 1521
1 963
1 1620
1 738
1 1134
1 981
1 1125
1 972
1 990
1 1278
1 1278
1 1269
1 1107
1 1584
1 918
1 837
1 711
1 846
1 1134
1 873
1 900
1 963
1 1521
1 1134
1 900
1 945
1 684
1 522
1 1242
1 1989
1 1467
1 612
1 747
1 864
1 1440
1 765
1 1305
1 711
1 819
1 1449
1 1611
1 1422
1 1305
1 1017
1 1008
1 675
1 657
1 792
1 1017
1 1035
1 1053
1 1089
1 882
1 792
1 1224
1 990
1 1215
1 657
1 612
1 1116
1 945
1 864
1 1017
1 954
1 801
1 1269
1 1251
1 1539
1 1143
1 981
1 1143
1 1035
1 1404
1 1089
1 1161
1 900
1 1188
1 531
1 891
1 1521
1 837
1 801
1 891
1 765
1 1278
1 1179
1 1971
1 1314
1 1062
1 837
1 729
1 1449
1 1143
1 810
1 873
1 1548
1 1341
1 1017
1 1008
1 1026
1 1098
1 693
1 612
1 756
1 1215
1 1062
1 1251
1 1125
1 918
1 1134
1 837
1 855
1 2097
1 594
1 720
1 765
1 792
1 765
1 711
1 1611
1 1233
1 1017
1 891
1 891
1 576
1 1305
1 1161
1 1026
1 1989
1 783
1 1764
1 1116
1 1341
1 1944
1 828
1 531
1 990
1 981
1 1935
1 1278
1 1800
1 1917
1 891
1 1062
1 1017
1 828
1 720
1 1332
1 927
1 1782
1 792
1 1161
1 1089
1 1287
1 1125
1 828
1 1278
1 1521
1 1656
1 747
1 963
1 1512
1 1458
1 1152
1 1188
1 900
1 972
1 918
1 801
1 909
1 1125
1 1206
1 1026
1 1008
1 1548
1 1368
1 801
1 900
1 774
1 1035
1 855
1 1134
1 945
1 855
1 1008
1 1269
1 495
1 1620
1 2133
1 909
1 1161
1 585
1 918
1 810
1 486
1 891
1 927
1 990
1 1557
1 657
1 1089
1 1224
1 1395
1 810
1 675
1 630
1 846
1 1620
1 1341
1 954
1 1161
1 1026
1 1152
1 1188
1 1395
1 675
1 639
1 711
1 1566
1 1530
1 1017
1 999
1 1116
1 666
1 1107
1 954
1 1017
1 603
1 1323
1 1080
1 927
1 981
1 1026
1 954
1 1332
1 1215
1 1188
1 1269
1 783
1 1422
1 720
1 1008
1 693
1 855
1 1863
1 1134
1 1530
1 1620
1 1377
1 522
1 1125
1 576
1 828
1 954
1 981
1 1764
1 747
1 693
1 1449
1 1350
1 1125
1 918
1 999
1 963
1 1188
1 837
1 945
1 990
1 1386
1 765
1 990
1 1323
1 1638
1 1539
1 900
1 882
1 945
1 702
1 594
1 648
1 711
1 720
1 1521
1 801
1 963
1 1125
1 1017
1 783
1 747
1 1125
1 1233
1 1395
1 1044
1 1035
1 999
1 1152
1 918
1 927
1 711
1 1476
1 1179
1 756
1 1206
1 729
1 522
1 657
1 855
1 2034
1 774
1 1035
1 936
1 1458
1 1035
1 1737
1 1098
1 666
1 891
1 594
1 801
1 1800
1 1026
1 1485
1 1881
1 1251
1 648
1 1872
1 2061
1 666
1 1323
1 576
1 1134
1 846
1 711
1 1620
1 837
1 936
1 1764
1 1206
1 1566
1 1521
1 1332
1 1053
1 630
1 972
1 1152
1 1197
1 972
1 1260
1 1188
1 1215
1 837
1 1008
1 1107
1 909
1 1692
1 675
1 738
1 1062
1 1251
1 954
1 1134
1 855
1 1152
1 729
1 693
1 810
1 1395
1 1215
1 1296
1 1062
1 1134
1 1449
1 1386
1 1161
1 585
1 1593
1 1359
1 837
1 1260
1 900
1 882
1 567
1 864
1 1170
1 1224
1 1377
1 1053
1 972
1 729
1 621
1 1107
1 1350
1 1044
1 1404
1 1215
1 738
1 1233
1 1044
1 1566
1 1116
1 1089
1 783
1 1944
1 1170
1 756
1 1458
1 1179
1 954
1 846
1 918
1 738
1 711
1 666
1 603
1 702
1 621
1 1611
1 981
1 801
1 936
1 1377
1 1080
1 657
1 1368
1 936
1 1017
1 1224
1 702
1 1197
1 810
1 999
1 900
1 756
1 1017
1 1044
1 981
1 981
1 828
1 954
1 621
1 981
1 567
1 1485
1 882
1 1539
1 1053
1 1071
1 828
1 936
1 1026
1 630
1 1188
1 828
1 954
1 1233
1 1134
1 1107
1 1296
1 1521
1 711
1 990
1 1224
1 1197
1 1125
1 630
1 738
1 711
1 1440
1 1161
1 792
1 1368
1 1737
1 1359
1 1629
1 720
1 1260
1 1449
1 819
1 1098
1 738
1 810
1 1890
1 828
1 1233
1 1134
1 1017
1 1611
1 918
1 1431
1 1305
1 1395
1 990
1 1026
1 702
1 1134
1 936
1 792
1 1008
1 1251
1 1251
1 1467
1 1674
1 927
1 1359
1 1242
1 1674
1 936
1 828
1 1017
1 1215
1 1233
1 675
1 1494
1 576
1 1035
1 954
1 1107
1 918
1 855
1 774
1 693
1 855
1 783
1 1341
1 1602
1 1485
1 909
1 1764
1 990
1 1305
1 963
1 954
1 963
1 1044
1 990
1 1062
1 792
1 1377
1 1710
1 666
1 630
1 1134
1 1098
1 621
1 891
1 1332
1 963
1 1161
1 693
1 981
1 891
1 1485
1 603
1 765
1 594
1 2448
1 531
1 1152
1 747
1 603
1 1053
1 1647
1 846
1 954
1 1350
1 1467
1 999
1 927
1 963
1 738
1 855
1 1962
1 1341
1 2106
1 1737
1 684
1 1242
1 909
1 801
1 729
1 1125
1 990
1 855
1 999
1 531
1 1377
1 927
1 972
1 927
1 1116
1 1278
1 1125
1 1161
1 1026
1 1440
1 1143
1 963
1 1323
1 1152
1 1161
1 639
1 1125
1 1143
1 1170
1 999
1 1296
1 666
1 1125
1 720
1 945
1 1017
1 1134
1 900
1 1017
1 1440
1 621
1 927
1 495
1 1899
1 756
1 990
1 819
1 738
1 2187
1 1017
1 999
1 1062
1 702
1 1656
1 1107
1 1062
1 1026
1 1602
1 558
1 1314
1 1161
1 828
1 1224
1 981
1 459
1 1107
1 756
1 1269
1 1341
1 1368
1 855
1 468
1 2313
1 1170
1 846
1 693
1 657
1 1386
1 981
1 621
1 774
1 1035
1 1206
1 1161
1 567
1 612
1 810
1 864
1 990
1 486
1 1134
1 810
1 1224
1 1467
1 1089
1 720
1 549
1 1179
1 1341
1 1269
1 1323
1 1278
1 819
1 1836
1 1134
1 1188
1 1125
1 2241
1 1710
1 684
1 963
1 846
1 1152
1 882
1 738
1 1071
1 1332
1 1458
1 1305
1 1170
1 1242
1 864
1 945
1 1044
1 837
1 1323
1 702
1 819
1 873
1 1161
1 909
1 1314
1 1017
1 1044
1 765
1 891
1 612
1 2466
1 1233
1 1062
1 900
1 1260
1 981
1 1215
1 1440
1 1539
1 1323
1 2223
1 1026
1 1215
1 900
1 702
1 1089
1 1521
1 1080
1 1719
1 990
1 549
1 972
1 1467
1 990
1 2799
1 963
1 2421
1 963
1 1242
1 1980
1 783
1 1224
1 720
1 729
1 648
1 954
1 765
1 558
1 1008
1 612
1 1566
1 1917
1 1584
1 855
1 657
1 873
1 1413
1 963
1 783
1 1377
1 1386
1 765
1 1566
1 729
1 1152
1 549
1 1179
1 1755
1 1539
1 1017
1 819
1 1125
1 522
1 1125
1 1296
1 684
1 765
1 1116
1 954
1 1233
1 693
1 1359
1 1089
1 1476
1 1755
1 954
1 756
1 1404
1 837
1 657
1 1602
1 1242
1 1071
1 990
1 1008
1 945
1 1989
1 666
1 1782
1 1422
1 2268
1 594
1 900
1 1062
1 999
1 846
1 936
1 1098
1 1404
1 1296
1 1107
1 945
1 1269
1 846
1 1359
1 666
1 972
1 747
1 891
1 846
1 747
1 1386
1 729
1 1332
1 675
1 1143
1 873
1 1242
1 711
1 873
1 900
1 963
1 1314
1 882
1 594
1 900
1 954
1 684
1 909
1 657
1 1206
1 1395
1 2412
1 1359
1 558
1 648
1 1107
1 927
1 891
1 657
1 927
1 1062
1 828
1 891
1 981
1 873
1 2277
1 1017
1 675
1 1017
1 702
1 549
1 702
1 1458
1 864
1 918
1 1026
1 801
1 936
1 1323
1 1251
1 711
1 630
1 1692
1 1008
1 1215
1 972
1 1125
1 1737
1 576
1 891
1 1341
1 648
1 783
1 720
1 1089
1 1116
1 1755
1 2646
1 567
1 567
1 1467
1 1584
1 540
1 1557
1 1386
1 1215
1 765
1 819
1 1098
1 855
1 909
1 1080
1 1107
1 999
1 702
1 765
1 630
1 567
1 1161
1 909
1 1431
1 864
1 765
1 1260
1 1035
1 1593
1 1143
1 1386
1 990
1 639
1 972
1 1197
1 1053
1 1008
1 1062
1 1323
1 1467
1 765
1 1179
1 1854
1 495
1 909
1 765
1 981
1 1260
1 738
1 882
1 1116
1 1683
1 756
1 1512
1 765
1 1305
1 666
1 801
1 783
1 954
1 1341
1 1332
1 1503
1 477
1 630
1 1404
1 918
1 1143
1 882
1 1791
1 1377
1 909
1 1062
1 585
1 1332
1 954
1 1143
1 963
1 1017
1 1422
1 1449
1 990
1 1161
1 810
1 1125
1 594
1 684
1 1062
1 981
1 1179
1 1404
1 1107
1 477
1 1035
1 486
1 855
1 981
1 1566
1 846
1 666
1 576
1 972
1 621
1 1602
1 783
1 783
1 666
1 1665
1 774
1 783
1 1017
1 1098
1 1692
1 1404
1 1044
1 612
1 1197
1 756
1 729
1 549
1 936
1 981
1 999
1 1404
1 2061
1 963
1 1116
1 1233
1 918
