3 200934
3 259362
3 342369
3 222228
3 296496
3 314802
3 286929
3 302832
3 374247
3 407862
3 178632
3 382680
3 220554
3 272592
3 262845
3 187029
3 269649
3 343854
3 300627
3 329553
3 228816
3 392787
3 269163
3 215478
3 127305
3 257337
3 290736
3 345123
3 321588
3 380637
3 236601
3 301464
3 329346
3 284400
3 192186
3 285678
3 344808
3 361530
3 298566
3 240786
3 289593
3 249273
3 144315
3 346536
3 273510
3 197478
3 231363
3 267507
3 286758
3 380718
3 310005
3 244962
3 293283
3 287622
3 249606
3 302112
3 157455
3 246123
3 317250
3 297243
3 314118
3 244620
3 146898
3 247176
3 162846
3 274671
3 183303
3 337743
3 173007
3 252621
3 380583
3 231030
3 223353
3 287469
3 285453
3 358164
3 223002
3 287253
3 279594
3 270045
3 403353
3 294813
3 312867
3 252909
3 257076
3 220185
3 227016
3 215883
3 283608
3 306324
3 293895
3 273033
3 212616
3 256347
3 177741
3 232812
3 217953
3 303498
3 228564
3 276831
3 351891
3 336519
3 215262
3 304020
3 279648
3 305955
3 276210
3 281322
3 284058
3 285912
3 266598
3 318033
3 345879
3 365904
3 333639
3 370107
3 383481
3 138636
3 240012
3 285984
3 321291
3 323370
3 306792
3 243963
3 216108
3 299799
3 313677
3 389610
3 272466
3 358128
3 352125
3 355482
3 269901
3 352737
3 292851
3 351324
3 253980
3 250290
3 301797
3 258408
3 290979
3 99261
3 342711
3 180747
3 256536
3 299799
3 187074
3 323631
3 327096
3 209214
3 150336
3 280332
3 170775
3 351819
3 134676
3 288441
3 202554
3 219870
3 313983
3 317340
3 291015
3 306684
3 204741
3 230481
3 305793
3 259398
3 249516
3 418068
3 292248
3 230283
3 334125
3 304200
3 144657
3 285390
3 285129
3 242964
3 343548
3 245187
3 337023
3 249255
3 370008
3 297612
3 247329
3 382356
3 273294
3 317016
3 331767
3 318060
3 294687
3 102564
3 180612
3 240390
3 341343
3 297576
3 311823
3 303858
3 241884
3 304020
3 304398
3 264096
3 314217
3 227061
3 258858
3 309141
3 264825
3 369270
3 378639
3 321471
3 343044
3 323712
3 190557
3 405657
3 129753
3 236808
3 224271
3 314505
3 311058
3 462519
3 114219
3 207180
3 343854
3 276777
3 283176
3 311742
3 284049
3 161397
3 368118
3 421335
3 256743
3 170649
3 374211
3 220410
3 332784
3 303867
3 257769
3 150966
3 239553
3 231219
3 210006
3 428310
3 351954
3 268974
3 312111
3 268911
3 352989
3 310410
3 342072
3 151803
3 338427
3 329877
3 170253
3 365373
3 227169
3 116388
3 288828
3 270873
3 195255
3 343719
3 289854
3 382851
3 258282
3 310050
3 319437
3 393039
3 290430
3 343503
3 159174
3 364131
3 144855
3 362745
3 326565
3 321435
3 332694
3 214380
3 393435
3 388989
3 322443
3 207477
3 217143
3 168948
3 337950
3 354744
3 235359
3 222390
3 191538
3 312075
3 375993
3 276327
3 307548
3 274095
3 198495
3 235890
3 239184
3 157779
3 257922
3 290205
3 321444
3 234270
3 312147
3 369333
3 257355
3 210411
3 321219
3 257121
3 146493
3 149526
3 313371
3 247482
3 289206
3 385209
3 288864
3 354888
3 345924
3 280980
3 195597
3 296397
3 256221
3 357966
3 326331
3 221256
3 131193
3 265500
3 113778
3 366327
3 274923
3 378711
3 251226
3 391707
3 180117
3 337590
3 333270
3 158067
3 59472
3 296460
3 319284
3 245502
3 253233
3 275184
3 338427
3 294219
3 196866
3 223740
3 233973
3 213453
3 304371
3 381465
3 171756
3 233082
3 300204
3 312039
3 290862
3 357804
3 102807
3 237078
3 99576
3 234549
3 332802
3 413190
3 220662
3 285345
3 214047
3 206406
3 253476
3 262476
3 341280
3 435600
3 274059
3 301032
3 285039
3 270315
3 369270
3 322056
3 336681
3 333864
3 319590
3 326124
3 264249
3 360621
3 357741
3 281610
3 281799
3 165717
3 235152
3 387603
3 293274
3 278694
3 280467
3 334980
3 351855
3 265572
3 81315
3 338463
3 285129
3 294759
3 246924
3 324945
3 320094
3 290637
3 366579
3 357282
3 317322
3 246951
3 266472
3 285084
3 308439
3 345087
3 138339
3 203697
3 208809
3 251082
3 342774
3 338049
3 296001
3 312561
3 334611
3 274536
3 243837
3 295227
3 255366
3 369891
3 185364
3 235638
3 235404
3 319950
3 319626
3 254817
3 242550
3 320571
3 327816
3 214488
3 208107
3 328518
3 301725
3 270639
3 429084
3 382896
3 335394
3 354735
3 275202
3 262872
3 285435
3 344439
3 310194
3 278973
3 327816
3 261369
3 259353
3 248796
3 181683
3 209304
3 186624
3 267003
3 293301
3 87444
3 279693
3 293274
3 285309
3 188532
3 299718
3 281106
3 350910
3 329427
3 278883
3 192780
3 194733
3 278217
3 301860
3 200457
3 209952
3 284688
3 281601
3 360432
3 318123
3 303984
3 281295
3 257283
3 348759
3 343053
3 366921
3 359631
3 266877
3 231345
3 254061
3 192726
3 262458
3 212229
3 203148
3 281133
3 215775
3 276516
3 181485
3 307107
3 277560
3 336069
3 339543
3 376884
3 324756
3 245979
3 288396
3 242424
3 306639
3 208350
3 294264
3 181611
3 239130
3 277983
3 426744
3 353322
3 189801
3 385362
3 214740
3 336078
3 390222
3 195363
3 213021
3 302805
3 240939
3 254160
3 192348
3 337140
3 122760
3 251271
3 239193
3 271782
3 285012
3 204021
3 327492
3 228348
3 220536
3 218421
3 186453
3 267651
3 207423
3 241155
3 338922
3 301149
3 269019
3 270108
3 248571
3 234018
3 261468
3 308115
3 226107
3 340092
3 331425
3 215289
3 384561
3 300294
3 191124
3 403128
3 163368
3 201888
3 159804
3 303678
3 214893
3 202113
3 205065
3 337104
3 242586
3 411426
3 330399
3 255267
3 295938
3 163494
3 221463
3 281655
3 103941
3 342999
3 207486
3 315306
3 340461
3 351774
3 323685
3 218493
3 264933
3 199566
3 286848
3 269307
3 282330
3 292617
3 324414
3 193365
3 328482
3 184086
3 316098
3 194211
3 276318
3 283086
3 179676
3 254673
3 254106
3 347589
3 233262
3 118611
3 274077
3 280197
3 260856
3 312795
3 286632
3 346779
3 198144
3 268623
3 132354
3 175599
3 162063
3 301041
3 123930
3 212391
3 242289
3 377280
3 293967
3 161712
3 333333
3 233811
3 352053
3 358263
3 248463
3 348840
3 245097
3 388602
3 317043
3 267687
3 174546
3 257742
3 263727
3 317934
3 379098
3 285984
3 137106
3 381672
3 310509
3 224118
3 251037
3 217287
3 295164
3 233901
3 369216
3 333126
3 307251
3 218457
3 331434
3 199764
3 294273
3 264339
3 266013
3 424575
3 312642
3 284094
3 316620
3 233208
3 308160
3 218781
3 266697
3 295695
3 220482
3 159831
3 364563
3 339291
3 254547
3 221112
3 331713
3 322767
3 299583
3 313506
3 294354
3 315900
3 348633
3 155844
3 265212
3 88542
3 301716
3 258885
3 289413
3 371925
3 243558
3 172476
3 261369
3 325125
3 423846
3 201132
3 320292
3 275823
3 148797
3 356553
3 361044
3 312624
3 210609
3 395460
3 151542
3 311742
3 320346
3 277182
3 432405
3 385425
3 286218
3 302382
3 270189
3 352764
3 335997
3 212004
3 266454
3 209763
3 256734
3 277047
3 176319
3 276039
3 214677
3 330984
3 189585
3 171864
3 272502
3 296361
3 301527
3 240552
3 377136
3 212121
3 281439
3 328968
3 356976
3 288126
3 283158
3 335241
3 252738
3 294165
3 290799
3 266985
3 265320
3 130680
3 281646
3 128619
3 290574
3 245718
3 332154
3 202527
3 349803
3 194346
3 320130
3 318636
3 176427
3 141300
3 218007
3 362007
3 255978
3 339903
3 270279
3 355491
3 314541
3 301761
3 152577
3 280422
3 222795
3 292689
3 291672
3 164934
3 317673
3 316836
3 285318
3 275184
3 215658
3 88452
3 344619
3 245340
3 282483
3 352692
3 202158
3 205434
3 253719
3 240984
3 306405
3 338571
3 292923
3 331947
3 263286
3 309726
3 374913
3 254934
3 324000
3 292077
3 451089
3 361719
3 356517
3 355608
3 80505
3 378396
3 367389
3 360936
3 277191
3 342855
3 257148
3 186192
3 240273
3 346005
3 207819
3 133794
3 300366
3 296910
3 319338
3 333144
3 322119
3 271548
3 172089
3 305829
3 193896
3 152856
3 139617
3 200997
3 234603
3 333684
3 60129
3 277812
3 298287
3 168912
3 324738
3 278154
3 288054
3 224199
3 298422
3 420552
3 405036
3 414207
3 305955
3 275382
3 212634
3 253233
3 360441
3 181611
3 402192
3 181449
3 270900
3 281664
3 324162
3 312525
3 307863
3 85419
3 312885
3 375813
3 238923
3 293301
3 196281
3 301275
3 210879
3 193590
3 336771
3 261657
3 288783
3 324459
3 290196
3 320373
3 328824
3 301392
3 289728
3 155871
3 231660
3 186102
3 228501
3 364941
3 167499
3 322713
3 380817
3 423909
3 396135
3 299484
3 339111
3 306873
3 336591
3 308655
3 271179
3 302463
3 226521
3 265626
3 263934
3 289863
3 181278
3 294435
3 193356
3 315900
3 299475
3 316584
3 219861
3 277974
3 272394
3 164286
3 284859
3 257238
3 306243
3 94914
3 297531
3 303498
3 349425
3 373014
3 206901
3 310689
3 223821
3 230958
3 274995
3 334224
3 235764
3 254367
3 284031
3 231354
3 128565
3 185697
3 264438
3 226602
3 272673
3 280719
3 112563
3 348795
3 304020
3 346203
3 260901
3 316899
3 236340
3 207981
3 131904
3 268488
3 313119
3 328842
3 220338
3 238671
3 232083
3 365994
3 372573
3 300816
3 374139
3 155439
3 89829
3 278838
3 216297
3 145899
3 332856
3 249390
3 388800
3 189999
3 305019
3 249039
3 293175
3 243099
3 52434
3 242010
3 284985
3 400275
3 272736
3 327393
3 362025
3 246834
3 236772
3 274950
3 144765
3 293544
3 192960
3 271665
3 221157
3 204570
3 222741
3 384003
3 199755
3 227817
3 390807
3 221391
3 255330
3 303930
3 341109
3 230337
3 126180
3 333990
3 348507
3 247068
3 373014
3 332964
3 323325
3 292491
3 79632
3 240480
3 227403
3 358218
3 281484
3 366849
3 341802
3 150300
3 236619
3 195705
3 261513
3 363051
3 211509
3 192105
3 279144
3 315153
3 353241
3 203355
3 276930
3 210987
3 231246
3 266697
3 249129
3 294174
3 287928
3 334611
3 201510
3 240984
3 455634
3 145449
3 361908
3 107622
3 238068
3 339903
3 397809
3 321759
3 349866
3 271719
3 111429
3 339489
3 218916
3 305433
3 358002
3 90126
3 381258
3 54819
3 372069
3 250011
3 296226
3 354843
3 411309
3 324612
3 190485
3 199386
3 333558
3 332343
3 351603
3 381969
3 276399
3 332577
3 335610
3 182691
3 307989
3 234864
3 196776
3 254025
3 163575
3 221742
3 379593
3 128160
3 136638
3 148644
3 334188
3 187542
3 271962
3 200817
3 305298
3 319230
3 260667
3 242946
3 273042
3 293400
3 331677
3 409644
3 242604
3 200025
3 268803
3 306945
3 326412
3 301824
3 434664
3 192330
3 371106
3 111807
3 378576
3 343251
3 239436
3 167724
3 274761
3 306171
3 144855
3 265905
3 178893
3 261828
3 275211
3 227403
3 283194
3 129555
3 190692
3 200403
3 239508
3 348714
3 292824
3 241740
3 184563
3 277785
3 184599
3 389700
3 311670
3 312057
3 285516
3 279891
3 307359
3 398151
3 392778
3 223281
3 346887
3 294696
3 317367
3 84222
3 316269
3 207819
3 261846
3 390870
3 212904
3 241830
3 351351
3 211500
3 269199
3 302652
3 445545
3 356535
3 223686
3 308151
3 237789
3 216288
3 206199
3 293778
3 310617
3 288486
3 316296
3 95616
3 240849
3 250668
3 396801
3 262602
3 307962
3 356418
3 377442
3 338607
3 274752
3 214497
3 320751
3 261378
3 348354
3 245961
3 204876
3 167706
3 377937
3 282807
3 265050
3 201681
3 198477
3 316341
3 379440
3 198585
3 268416
3 297999
3 318744
3 148959
3 447300
3 175275
3 177354
3 302328
3 402732
3 181971
3 312120
3 354573
3 206676
3 311355
3 249570
3 236106
3 158724
3 304074
3 402903
3 395847
3 216801
3 303435
3 276597
3 181089
3 307206
3 246915
3 266418
3 236205
3 213066
3 313677
3 311895
3 209232
3 142092
3 351486
3 223614
3 104013
3 242136
3 78264
3 207387
3 431109
3 364347
3 310320
3 306045
3 188748
3 287010
3 330435
3 251118
3 256671
3 342855
3 252126
3 236934
3 208062
3 269901
3 329274
3 274122
3 287370
3 371601
3 248382
3 311184
3 349434
3 359676
3 266040
3 292023
3 265545
3 372150
3 288459
3 177579
3 317673
3 194247
3 278361
3 275769
3 160272
3 340200
3 391464
3 300816
3 257544
3 373662
3 141975
3 253386
3 322263
3 304056
3 404487
3 287748
3 313182
3 214767
3 208395
3 359028
3 327042
3 217152
3 270414
3 188118
3 185265
3 261153
3 334800
3 329553
3 283347
3 152154
3 198972
3 343575
3 292644
3 375876
3 260739
3 343485
3 338157
3 158022
3 181647
3 415845
3 251478
3 272007
3 276696
3 195201
3 293058
3 228096
3 196497
3 199440
3 270549
3 177750
3 234819
3 244161
3 361467
3 339066
3 185445
3 284679
3 277524
3 236763
3 292473
3 312723
3 300798
3 200142
3 174483
3 191925
3 201114
3 332145
3 286137
3 269028
3 248886
3 285867
3 241785
3 170298
3 142299
3 281655
3 301860
3 365517
3 350766
3 289854
3 248481
3 252144
3 253341
3 325260
3 311958
3 272574
3 207234
3 215064
3 288954
3 232389
3 351396
3 250074
3 173457
3 124596
3 197343
3 344916
3 122760
3 202932
3 266076
3 120186
3 337518
3 181233
3 297801
3 275085
3 303021
3 273060
3 314082
3 351279
3 233262
3 255249
3 271710
3 258975
3 437895
3 218799
3 240084
3 370323
3 431451
3 131229
3 261657
3 210483
3 305091
3 343854
3 266220
3 302139
3 291906
3 317511
3 289692
3 301905
3 288882
3 346320
3 216594
3 340263
3 256887
3 243378
3 216108
3 348867
3 252342
3 284319
3 343431
3 321147
3 362295
3 254133
3 354132
3 267885
3 233658
3 209682
3 388368
3 309276
3 487449
3 310599
3 303057
3 216765
3 247203
3 243027
3 294804
3 297108
3 133542
3 268866
3 268587
3 198666
3 340920
3 330318
3 300564
3 175167
3 325683
3 284004
3 327798
3 337851
3 415899
3 154179
3 313974
3 156951
3 302157
3 292536
3 332685
3 271035
3 297711
3 284544
3 350100
3 183672
3 264663
3 185931
3 237636
3 281403
3 361098
3 271674
3 264906
3 192159
3 358974
3 281421
3 317655
3 333036
3 171900
3 309186
3 377694
3 247878
3 458613
3 224253
3 315063
3 343269
3 284787
3 162396
3 274014
3 214092
3 261666
3 131319
3 315189
3 306090
3 302130
3 162576
3 134271
3 405234
3 268785
3 185256
3 222606
3 355122
3 380529
3 291618
3 419157
3 312777
3 248319
3 362835
3 298881
3 244098
3 248382
3 252513
3 344025
3 258039
3 334503
3 168372
3 373509
3 314307
3 345726
3 179838
3 212274
3 351900
3 303273
3 288774
3 205749
3 326205
3 319401
3 292725
3 321975
3 312822
3 270324
3 244044
3 383202
3 210960
3 391500
3 266490
3 330894
3 274671
3 160056
3 196839
3 300618
3 301221
3 331137
3 192069
3 215253
3 288306
3 224910
3 299862
3 285057
3 247608
3 311859
3 314703
3 196443
3 322362
3 248994
3 248589
3 346707
3 162036
3 241488
3 373572
3 283437
3 318294
3 269964
3 279072
3 310464
3 203148
3 205452
3 198054
3 446310
3 170379
3 338805
3 274581
3 289557
3 270423
3 216189
3 282897
3 343251
3 296667
3 198855
3 185760
3 266832
3 180081
3 297099
3 307080
3 276417
3 296541
3 408429
3 287163
3 376209
3 322785
3 358938
3 256950
3 135693
3 388431
3 335079
3 288603
3 269037
3 118647
3 409734
3 319365
3 295002
3 341046
3 302688
3 286119
3 447237
3 293985
3 259029
3 297927
3 328527
3 278334
3 143541
3 307323
3 241533
3 159543
3 238050
3 248499
3 292554
3 211950
3 279666
3 227088
3 322191
3 238527
3 307701
3 312750
3 245907
3 313137
3 304362
3 232443
3 231624
3 276777
3 295317
3 238950
3 250776
3 242226
3 163278
3 306261
3 223893
3 257076
3 261153
3 185382
3 269676
3 264537
3 272898
3 453267
3 307692
3 331821
3 361332
3 319482
3 386685
3 331092
3 283194
3 273141
3 350469
3 278136
3 388089
3 275274
3 164538
3 72963
3 317196
3 251640
3 341415
3 239211
3 361989
3 351963
3 202437
3 399744
3 243315
3 259668
3 217080
3 315306
3 354528
3 164619
3 235881
3 274023
3 312399
3 146331
3 290835
3 60534
3 361377
3 287667
3 247041
3 240174
3 166347
3 233910
3 295686
3 308862
3 316386
3 237726
3 260154
3 221517
3 380250
3 262530
3 304614
3 144612
3 217215
3 322740
3 254727
3 184599
3 415395
3 333639
3 329103
3 190017
3 209187
3 259686
3 227295
3 208134
3 292725
3 381411
3 166905
3 202176
3 284346
3 280476
3 235836
3 321165
3 268344
3 213075
3 416952
3 225603
3 330732
3 332037
3 327852
3 289395
3 349695
3 246456
3 168588
3 274770
3 127413
3 179712
3 299475
3 303282
3 184068
3 254223
3 159984
3 304686
3 303129
3 320202
3 242748
3 212067
3 253017
3 260685
3 290358
3 160839
3 257940
3 250605
3 271026
3 318231
3 375966
3 267282
3 222714
3 171882
3 288864
3 309708
3 297828
3 281259
3 198324
3 311895
3 214956
3 273249
3 248877
3 189243
3 322146
3 258984
3 308286
3 122859
3 296361
3 298584
3 278865
3 324486
3 316719
3 261405
3 330849
3 278379
3 275004
3 295668
3 458532
3 289872
3 252630
3 292941
3 330201
3 136323
3 303903
3 302022
3 317682
3 139617
3 275427
3 309942
3 202725
3 275571
3 244521
3 75933
3 175050
3 276219
3 267138
3 326106
3 272133
3 287451
3 183843
3 341820
3 158697
3 293517
3 284310
3 231282
3 356661
3 298089
3 165069
3 313191
3 247374
3 260433
3 333486
3 196245
3 237609
3 220356
3 358344
3 297981
3 260541
3 354060
3 328545
3 247392
3 246285
3 240921
3 221562
3 173178
3 270441
3 152307
3 168687
3 75816
3 110079
3 262161
3 330516
3 153045
3 243315
3 260334
3 392751
3 197415
3 274140
3 193599
3 330750
3 255744
3 88020
3 297675
3 197811
3 299853
3 321057
3 162990
3 329670
3 363429
3 227394
3 338778
3 147573
3 205317
3 364986
3 300231
3 182493
3 295452
3 343791
3 147186
3 340353
3 262098
3 297846
3 368973
3 284445
3 244323
3 248868
3 201816
3 310113
3 212355
3 238833
3 316404
3 140796
3 358758
3 269919
3 200763
3 282510
3 233496
3 295677
3 326862
3 202662
3 402039
3 331137
3 300051
3 334737
3 159984
3 337293
3 337932
3 314694
3 231264
3 197406
3 367974
3 471924
3 287991
3 338148
3 267723
3 301158
3 236430
3 200952
3 358002
3 300150
3 361116
3 278982
3 272979
3 316728
3 304308
3 351477
3 321192
3 293571
3 276543
3 208566
3 274572
3 194823
3 133785
3 238113
3 348255
3 238536
3 216972
3 202005
3 171828
3 162495
3 241074
3 244152
3 258138
3 314451
3 348147
3 306675
3 270972
3 327645
3 208854
3 418968
3 269289
3 394164
3 397602
3 345339
3 277605
3 286659
3 243954
3 327429
3 251289
3 222795
3 315423
3 195633
3 268074
3 281250
3 224289
3 80298
3 295578
3 175635
3 301509
3 348975
3 352404
3 261648
3 161613
3 320598
3 429534
3 230373
3 200745
3 164745
3 250020
3 215181
3 302337
3 287334
3 206001
3 318690
3 216486
3 171387
3 356598
3 396360
3 348129
3 392067
3 330453
3 199350
3 319536
3 317880
3 295173
3 249444
3 254268
3 256383
3 237249
3 275517
3 254844
3 279657
3 247536
3 264267
3 218997
3 244098
3 199053
3 318420
3 251280
3 376398
3 245997
3 360009
3 274131
3 161145
3 291555
3 281232
3 288549
3 364086
3 78741
3 230445
3 228447
3 127062
3 320247
3 277254
3 279783
3 434196
3 143001
3 312273
3 307287
3 332361
3 336465
3 123021
3 200025
3 304758
3 157824
3 225783
3 248085
3 233154
3 275976
3 344889
3 150318
3 206712
3 287883
3 240111
3 415062
3 170379
3 315522
3 219717
3 167967
3 273708
3 306405
3 270711
3 317520
3 291321
3 264411
3 302175
3 275337
3 303201
3 124434
3 263466
3 281826
3 293220
3 268335
3 239004
3 316557
3 289449
3 279891
3 285912
3 235314
3 381042
3 261153
3 319446
3 394380
3 220068
3 398259
3 315153
3 217008
3 290988
3 349434
3 242388
3 388368
3 330138
3 272583
3 267327
3 349434
3 310662
3 237636
3 171225
3 395199
3 208089
3 327951
3 251667
3 346734
3 363780
3 401364
3 253494
3 350838
3 281034
3 274500
3 307341
3 259668
3 299196
3 269307
3 340596
3 376623
3 273915
3 222597
3 223497
3 250875
3 353781
3 371268
3 261738
3 207306
3 416610
3 263340
3 327663
3 199674
3 329697
3 240534
3 215424
3 314172
3 274995
3 337725
3 177552
3 213138
3 322065
3 259434
3 255258
3 256149
3 258912
3 334287
3 218295
3 165033
3 256230
3 377919
3 191403
3 278910
3 351972
3 271890
3 221256
3 269298
3 331920
3 365994
3 296856
3 257904
3 296109
3 268380
3 184176
3 191358
3 306549
3 271809
3 276966
3 249705
3 231705
3 320805
3 409725
3 352845
3 320004
3 294885
3 342576
3 333315
3 230886
3 349713
3 345033
3 347544
3 289719
3 356166
3 252036
3 434547
3 244215
3 354123
3 251100
3 351477
3 357984
3 349056
3 251901
3 372636
3 239175
3 321300
3 105804
3 95625
3 297540
3 280557
3 349893
3 219375
3 352746
3 235755
3 294408
3 223074
3 343620
3 169218
3 194949
3 253683
3 253611
3 185580
3 326313
3 237186
3 212832
3 363051
3 250821
3 177705
3 286182
3 150651
3 336906
3 266616
3 188316
3 413649
3 277704
3 233064
3 417699
3 304776
3 319536
3 187524
3 346725
3 273564
3 251892
3 220041
3 185085
3 229041
3 316296
3 275427
3 285894
3 253881
3 347436
3 209718
3 189090
3 364347
3 229338
3 371079
3 236151
3 135729
3 303912
3 334791
3 407709
3 248184
3 385839
3 310959
3 248913
3 219708
3 397134
3 320544
3 364374
3 143370
3 142731
3 304209
3 258489
3 297387
3 321354
3 224901
3 288477
3 347022
3 360360
3 258849
3 168075
3 174438
3 303084
3 192672
3 242136
3 199269
3 178263
3 252756
3 326826
3 103347
3 371169
3 180459
3 229455
3 276615
3 343296
3 206028
3 230220
3 306396
3 332820
3 303318
3 291663
3 297279
3 381582
3 222390
3 266040
3 307098
3 286371
3 295434
3 336555
3 291519
3 254763
3 212769
3 366345
3 236889
3 203283
3 347490
3 229635
3 280224
3 118899
3 236565
3 240426
3 355806
3 331470
3 237546
3 292275
3 250632
3 304956
3 322911
3 320886
3 272529
3 196191
3 249408
3 236745
3 349191
3 259884
3 331461
3 260100
3 332478
3 183735
3 268353
3 196722
3 363834
3 185517
3 322965
3 302157
3 253575
3 236403
3 276561
3 295695
3 233082
3 290574
3 202374
3 310797
3 174393
3 317214
3 223533
3 214731
3 200214
3 271557
3 308034
3 212823
3 412848
3 344880
3 369954
3 401841
3 433944
3 310266
3 358839
3 157806
3 236439
3 329706
3 287919
3 347247
3 212310
3 345591
3 141705
3 311868
3 326250
3 383364
3 252063
3 321255
3 182763
3 401859
3 240912
3 275652
3 302472
3 251370
3 190404
3 323757
3 153549
3 274842
3 265212
3 126414
3 330912
3 340254
3 228447
3 293247
3 290619
3 339291
3 336762
3 233991
3 293292
3 226440
3 285651
3 302445
3 268452
3 308574
3 213660
3 191988
3 300402
3 388062
3 330876
3 156186
3 328887
3 251010
3 350208
3 200520
3 280305
3 204048
3 397395
3 332793
3 281880
3 254673
3 272970
3 213093
3 311526
3 305091
3 142074
3 436464
3 338094
3 195561
3 300879
3 321480
3 91737
3 357903
3 314172
3 303822
3 238734
3 334350
3 271062
3 313812
3 300654
3 376353
3 220752
3 267921
3 308115
3 279711
3 239985
3 350316
3 315243
3 260892
3 181800
3 105597
3 232803
3 337023
3 343764
3 245664
3 230427
3 244134
3 216828
3 324396
3 193338
3 267228
3 369756
3 270666
3 257994
3 280278
3 184410
3 294300
3 322938
3 233145
3 263250
3 128718
3 354420
3 370683
3 222138
3 235521
3 360072
3 195309
3 113319
3 282807
3 285732
3 327834
3 239499
3 168363
3 264168
3 327348
3 294309
3 138465
3 340272
3 303381
3 303102
3 226161
3 303741
3 174393
3 348750
3 380889
3 146160
3 240462
3 280728
3 331182
3 256770
3 105903
3 360846
3 176994
3 401175
3 163332
3 226215
3 309204
3 391365
3 306522
3 316746
3 254916
3 261054
3 247446
3 312075
3 216414
3 290889
3 318996
3 331335
3 263862
3 357219
3 223317
3 319401
3 203166
3 330120
3 148275
3 219042
3 397260
3 393363
3 119916
3 290745
3 179577
3 415647
3 277722
3 344916
3 322803
3 294426
3 212076
3 319005
3 268209
3 247536
3 272655
3 297315
3 194976
3 247383
3 337158
3 306891
3 265581
3 231291
3 346860
3 310194
3 403785
3 116694
3 368136
3 298674
3 288423
3 84402
3 106137
3 281385
3 289809
3 404604
3 275733
3 280008
3 294183
3 306189
3 170910
3 327960
3 252333
3 415629
3 222426
3 326574
3 231399
3 250101
3 333990
3 243171
3 331542
3 238266
3 254061
3 291789
3 285723
3 232875
3 404127
3 133074
3 232848
3 266481
3 393822
3 214452
3 321471
3 269550
3 282996
3 253557
3 377685
3 246168
3 245088
3 306279
3 314811
3 259713
3 261630
3 267264
3 316602
3 337455
3 320733
3 343350
3 218952
3 312840
3 257373
3 208782
3 165078
3 182358
3 134109
3 301527
3 328986
3 342675
3 285480
3 337464
3 272268
3 402444
3 317862
3 300024
3 302850
3 255492
3 266814
3 116703
3 292680
3 376803
3 255105
3 222696
3 275076
3 278856
3 352242
3 230418
3 223659
3 362988
3 297675
3 296766
3 196362
3 337878
3 301482
3 308610
3 211239
3 280773
3 272547
3 257922
3 405036
3 291672
3 332802
3 262971
3 207846
3 304830
3 233721
3 327699
3 237861
3 317133
3 229806
3 334206
3 273357
3 354141
3 317475
3 368343
3 332001
3 339723
3 350469
3 230517
3 300717
3 308502
3 215919
3 247509
3 318798
3 304875
3 271827
3 293328
3 460278
3 300762
3 286488
3 240975
3 314118
3 359406
3 247086
3 350847
3 293643
3 286272
3 357759
3 324468
3 160326
3 331668
3 333531
3 309573
3 354816
3 343935
3 286632
3 202158
3 298395
3 375111
3 238347
3 212058
3 394812
3 321336
3 291978
3 313398
3 226557
3 317907
3 245610
3 208827
3 283698
3 173340
3 141786
3 397278
3 319617
3 183798
3 362457
3 237573
3 249282
3 322992
3 320427
3 266049
3 264564
3 275292
3 168795
3 154611
3 332793
3 394146
3 242919
3 221679
3 302328
3 348876
3 380439
3 320418
3 244773
3 238293
3 267399
3 291285
3 193005
3 200007
3 324531
3 180216
3 164583
3 224334
3 129924
3 354852
3 98982
3 370539
3 273924
3 328401
3 395802
3 246906
3 232677
3 280233
3 72864
3 337041
3 176274
3 339273
3 242514
3 309168
3 217818
3 290952
3 278982
3 262800
3 316917
3 319815
3 295722
3 253026
3 309312
3 310275
3 174060
3 150543
3 169461
3 282078
3 344295
3 327348
3 389574
3 241101
3 288963
3 263718
3 368343
3 251352
3 236619
3 383967
3 366093
3 191070
3 373860
3 170658
3 191061
3 286533
3 382968
3 275652
3 381591
3 397557
3 320913
3 212508
3 242379
3 304740
3 288126
3 324495
3 139356
3 289809
3 259290
3 309213
3 119781
3 270855
3 286191
3 292680
3 277398
3 200106
3 284868
3 285093
3 93636
3 250875
3 277515
3 369774
3 214713
3 283401
3 330462
3 344052
3 378189
3 357975
3 323595
3 250416
3 200889
3 295614
3 284274
3 109854
3 178596
3 359910
3 207351
3 331929
3 289548
3 326898
3 287712
3 388107
3 410688
3 385290
3 285336
3 195696
3 86733
3 370323
3 385749
3 334179
3 255807
3 271521
3 221382
3 364446
3 246888
3 314001
3 155061
3 189126
3 217143
3 332379
3 320211
3 257166
3 315837
3 248706
3 270873
3 249219
3 251343
3 332118
3 318411
3 256896
3 317988
3 344808
3 251532
3 144288
3 124623
3 360675
3 336285
3 244233
3 232983
3 236925
3 178632
3 296154
3 289998
3 337635
3 160074
3 238176
3 260343
3 315747
3 237303
3 332154
3 169263
3 250416
3 168858
3 280413
3 260298
3 337338
3 403695
3 387513
3 244017
3 295677
3 284499
3 313164
3 341406
3 302751
3 293319
3 243909
3 249165
3 239706
3 303696
3 313785
3 176274
3 380610
3 334539
3 155979
3 316791
3 268425
3 292662
3 207486
3 404397
3 216549
3 270882
3 267417
3 416871
3 227574
3 333405
3 298350
3 263988
3 257994
3 241362
3 285930
3 335322
3 317934
3 220698
3 162126
3 68733
3 360639
3 295839
3 334044
3 200259
3 414531
3 233406
3 201168
3 267642
3 166572
3 172746
3 328878
3 242496
3 304506
3 196002
3 264186
3 285417
3 283572
3 129276
3 322641
3 223983
3 268056
3 295182
3 364059
3 275904
3 372789
3 336501
3 266742
3 335250
3 272817
3 415242
3 216729
3 354717
3 282501
3 263808
3 365175
3 326250
3 336573
3 385371
3 269334
3 359550
3 216135
3 292023
3 192600
3 201159
3 312840
3 144396
3 279918
3 275166
3 172764
3 175599
3 326565
3 282771
3 309438
3 130311
3 274662
3 329706
3 378045
3 143397
3 317997
3 330975
3 140580
3 169038
3 175905
3 159534
3 290844
3 249984
3 166365
3 289035
3 230175
3 152298
3 300933
3 180270
3 265329
3 179955
3 343251
3 241965
3 226251
3 375507
3 305775
3 308601
3 160011
3 354384
3 192546
3 396225
3 278190
3 361521
3 188091
3 387810
3 262404
3 396072
3 155457
3 284058
3 311571
3 311598
3 220671
3 178614
3 290115
3 280611
3 310131
3 340785
3 302184
3 196137
3 349110
3 340434
3 315378
3 345438
3 277596
3 325053
3 346869
3 286974
3 308340
3 308691
3 318483
3 278721
3 288306
3 128160
3 321867
3 274158
3 394479
3 280035
3 151902
3 141669
3 209070
3 235746
3 293751
3 314469
3 184680
3 329940
3 406449
3 324927
3 232803
3 422640
3 301149
3 305460
3 233595
3 205218
3 214587
3 200484
3 293121
3 341334
3 310086
3 283563
3 324999
3 149229
3 384372
3 274716
3 302022
3 247662
3 240678
3 176049
3 242316
3 386721
3 178128
3 328707
3 236844
3 337068
3 273951
3 271980
3 165213
3 270621
3 181620
3 329319
3 329616
3 259911
3 297099
3 368487
3 322317
3 301221
3 274653
3 147312
3 316035
3 227610
3 267300
3 367560
3 385479
3 277605
3 350361
3 195570
3 258399
3 273051
3 202347
3 416232
3 302364
3 329202
3 244692
3 185652
3 278784
3 179991
3 341370
3 222030
3 341397
3 261225
3 340731
3 299448
3 270018
3 77967
3 302247
3 297279
3 149382
3 297153
3 280350
3 250155
3 231741
3 168291
3 200889
3 345465
3 274221
3 184338
3 365481
3 375912
3 321336
3 339804
3 262665
3 278730
3 279486
3 223605
3 397953
3 179226
3 352836
3 250875
3 386640
3 259587
3 286362
3 353016
3 235116
3 327501
3 276426
3 339282
3 266076
3 200808
3 325818
3 284031
3 298692
3 202968
3 174897
3 222174
3 271062
3 292014
3 355923
3 290943
3 275769
3 222732
3 255006
3 294480
3 232686
3 322578
3 314550
3 235458
3 278865
3 238869
3 318960
3 295920
3 273834
3 303912
3 173142
3 302490
3 305685
3 251037
3 180171
3 273438
3 200772
3 245934
3 289494
3 353394
3 251901
3 418509
3 183276
3 163908
3 210573
3 321912
3 288495
3 198378
3 291852
3 301032
3 90675
3 149373
3 215361
3 324459
3 190485
3 402597
3 160515
3 135927
3 100710
3 260478
3 244377
3 116145
3 298665
3 140166
3 251901
3 410859
3 366849
3 337653
3 172548
3 379962
3 243189
3 189054
3 263799
3 387585
3 368775
3 247464
3 170001
3 331569
3 293481
3 273267
3 389268
3 233712
3 228780
3 206100
3 349263
3 371961
3 226035
3 292914
3 273231
3 439434
3 332136
3 329130
3 129861
3 246033
3 323739
3 300573
3 199188
3 204840
3 261153
3 210393
3 341334
3 304200
3 327357
3 378657
3 378891
3 354672
3 264762
3 340983
3 206649
3 239427
3 365607
3 288036
3 164781
3 186525
3 249462
3 318897
3 336708
3 354150
3 322164
3 332208
3 278685
3 314964
3 409752
3 182106
3 384129
3 203841
3 238986
3 266580
3 303723
3 362565
3 225549
3 169578
3 336645
3 273159
3 263718
3 305973
3 343053
3 204102
3 184275
3 331119
3 308637
3 272727
3 313029
3 224802
3 146610
3 260865
3 288090
3 312417
3 325314
3 247680
3 312921
3 257571
3 199494
3 298530
3 244305
3 280719
3 263475
3 305991
3 355158
3 365517
3 241056
3 303669
3 348831
3 391482
3 209430
3 253260
3 205920
3 246447
3 353061
3 295920
3 267561
3 236682
3 271107
3 377199
3 201546
3 247824
3 202266
3 297396
3 168273
3 348957
3 301122
3 233874
3 247671
3 325314
3 213984
3 308115
3 296550
3 324432
3 289791
3 359523
3 284985
3 286497
3 272988
3 270378
3 354411
3 326574
3 224244
3 323091
3 219816
3 397215
3 296334
3 305703
3 260289
3 142227
3 169299
3 294462
3 138060
3 210123
3 277722
3 317790
3 230499
3 101943
3 264690
3 252324
3 353781
3 232533
3 239733
3 333117
3 335727
3 173115
3 270756
3 251838
3 208233
3 310653
3 253035
3 342207
3 232848
3 177867
3 287118
3 102447
3 232335
3 274374
3 186228
3 244161
3 304794
3 292581
3 259047
3 160245
3 173673
3 187164
3 348660
3 126405
3 196299
3 362979
3 231399
3 191097
3 348336
3 250506
3 304488
3 214659
3 297792
3 306945
3 265527
3 278172
3 175356
3 372942
3 171018
3 276948
3 232065
3 300825
3 312363
3 256518
3 203589
3 318429
3 271584
3 220086
3 268740
3 234117
3 195138
3 244179
3 251001
3 285390
3 266922
3 230814
3 339246
3 320094
3 268713
3 174213
3 260586
3 294939
3 263223
3 262584
3 245223
3 311832
3 308682
3 149256
3 394902
3 315531
3 231570
3 239184
3 256005
3 259947
3 316782
3 318843
3 312075
3 327393
3 243630
3 268038
3 405324
3 423216
3 283464
3 231696
3 303912
3 323064
3 291060
3 297666
3 271863
3 398025
3 305415
3 191727
3 315513
3 219483
3 229941
3 185778
3 303930
3 279648
3 250938
3 267408
3 298980
3 235161
3 278829
3 301176
3 322758
3 310671
3 279783
3 349407
3 314973
3 282672
3 328356
3 155565
3 196227
3 270963
3 252630
3 308025
3 172818
3 273960
3 288270
3 255960
3 208872
3 203418
3 307530
3 255600
3 238626
3 355986
3 309240
3 353412
3 235296
3 179514
3 220212
3 287685
3 322713
3 383292
3 246789
3 247689
3 355842
3 169596
3 362448
3 391428
3 152163
3 328986
3 170901
3 221292
3 280323
3 205776
3 338571
3 179847
3 391941
3 391320
3 303309
3 298665
3 174438
3 186075
3 312903
3 292230
3 378477
3 303786
3 290007
3 338868
3 399132
3 373689
3 256968
3 324189
3 238860
3 383229
3 294111
3 260613
3 285651
3 274680
3 304587
3 249399
3 389214
3 286335
3 274554
3 295074
3 319113
3 317601
3 261270
3 280080
3 356571
3 210897
3 229095
3 282267
3 371637
3 236430
3 331749
3 267579
3 284337
3 331794
3 233496
3 315054
3 332226
3 261963
3 379971
3 263718
3 237951
3 249003
3 326628
3 277443
3 312336
3 205317
3 369711
3 226350
3 362871
3 226395
3 287694
3 187317
3 243936
3 133569
3 364266
3 345798
3 314559
3 318150
3 295506
3 342279
3 242451
3 98208
3 232965
3 308610
3 358056
3 84402
3 408555
3 261270
3 293508
3 154332
3 282942
3 349290
3 296946
3 342432
3 334287
3 272205
3 185256
3 263871
3 221319
3 294327
3 302526
3 270351
3 268866
3 221391
3 182916
3 297864
3 274257
3 229275
3 265536
3 304614
3 344358
3 207306
3 157500
3 387387
3 351306
3 255789
3 176238
3 221616
3 205335
3 239454
3 367335
3 184608
3 212373
3 344529
3 349497
3 240498
3 291654
3 171792
3 241461
3 212742
3 349326
3 304227
3 327636
3 341019
3 260028
3 341514
3 332739
3 289476
3 303678
3 222444
3 341181
3 264294
3 245925
3 132363
3 204588
3 183690
3 373500
3 343656
3 315810
3 338940
3 326106
3 224568
3 216252
3 354069
3 331758
3 72576
3 374346
3 289656
3 207540
3 223767
3 334827
3 195408
3 240642
3 348192
3 248229
3 234693
3 253368
3 305901
3 242937
3 344421
3 284229
3 328266
3 258597
3 349767
3 269190
3 241506
3 251334
3 231597
3 259056
3 335637
3 387189
3 108423
3 294210
3 336915
3 282528
3 355788
3 253638
3 255789
3 237564
3 281295
3 353619
3 338661
3 362736
3 229770
3 341262
3 155763
3 336060
3 308961
3 86787
3 147321
3 381330
3 250659
3 315666
3 320382
3 280530
3 232272
3 392859
3 283950
3 162981
3 249165
3 219375
3 242775
3 355239
3 279333
3 336924
3 314091
3 296253
3 326628
3 76914
3 255474
3 311112
3 263727
3 96930
3 266634
3 302094
3 222912
3 300870
3 177849
3 222894
3 274671
3 190485
3 312426
3 240372
3 256149
3 256806
3 377235
3 391572
3 277227
3 213066
3 319437
3 263151
3 227619
3 297567
3 265770
3 284382
3 386568
3 335286
3 291015
3 299448
3 119160
3 319338
3 335547
3 266697
3 280926
3 392931
3 217242
3 143631
3 197118
3 98667
3 306225
3 275112
3 91413
3 225684
3 225063
3 333315
3 289917
3 269028
3 248607
3 176976
3 398385
3 201447
3 324063
3 405774
3 184878
3 373779
3 288729
3 93879
3 156132
3 267534
3 323046
3 221769
3 243333
3 305676
3 239157
3 237663
3 66258
3 312408
3 385578
3 276975
3 307584
3 360315
3 318447
3 275949
3 175473
3 153576
3 231480
3 312849
3 155655
3 329661
3 296064
3 225765
3 316863
3 306378
3 281826
3 227430
3 217278
3 278532
3 298386
3 404091
3 385011
3 179505
3 334170
3 418815
3 297639
3 256698
3 145287
3 268443
3 343512
3 349497
3 248445
3 82512
3 355896
3 227115
3 259155
3 403578
3 216450
3 170505
3 407988
3 130293
3 310581
3 220608
3 177174
3 262071
3 231354
3 307359
3 157986
3 382437
3 336033
3 234630
3 210195
3 317997
3 363573
3 138240
3 232605
3 225000
3 294201
3 388521
3 317142
3 305568
3 262251
3 246699
3 412902
3 227691
3 295650
3 405621
3 154098
3 137043
3 332415
3 271566
3 316629
3 342333
3 142434
3 298710
3 308790
3 323037
3 252540
3 347130
3 249552
3 200682
3 274590
3 312030
3 328149
3 278397
3 217431
3 288972
3 338922
3 368442
3 237087
3 287802
3 223803
3 279468
3 412263
3 199584
3 205839
3 352611
3 355563
3 269289
3 99504
3 265203
3 180180
3 297918
3 81306
3 314397
3 311022
3 240318
3 322272
3 321885
3 330237
3 313416
3 280125
3 346077
3 274851
3 199458
3 159597
3 250569
3 310734
3 260136
3 193536
3 221436
3 268488
3 364950
3 368415
3 289656
3 207846
3 271431
3 303849
3 297603
3 309681
3 290988
3 235143
3 181341
3 104967
3 288522
3 306882
3 300465
3 147744
3 298332
3 117396
3 249957
3 352044
3 364491
3 139509
3 381501
3 268497
3 191556
3 291042
3 259911
3 178974
3 194445
3 206586
3 298125
3 279531
3 275427
3 248202
3 285336
3 300123
3 140409
3 343809
3 261774
3 216837
3 336231
3 244053
3 330552
3 391131
3 321363
3 231948
3 175365
3 325206
3 254016
3 296073
3 293193
3 296604
3 334818
3 296190
3 355005
3 295839
3 327879
3 249147
3 234549
3 246825
3 277164
3 277353
3 275373
3 372951
3 412767
3 226368
3 340083
3 299466
3 320859
3 432279
3 313119
3 208485
3 242766
3 311562
3 117387
3 371718
3 343026
3 430758
3 155925
3 136503
3 238167
3 268704
3 317862
3 191439
3 208782
3 265779
3 225036
3 305127
3 232236
3 357390
3 287631
3 92232
3 242226
3 295866
3 266526
3 335448
3 241083
3 302850
3 170991
3 214200
3 340308
3 205686
3 279108
3 282384
3 350604
3 299745
3 235125
3 279855
3 343962
3 293346
3 255609
3 138087
3 329715
3 229005
3 297558
3 281790
3 382725
3 320751
3 270558
3 182277
3 294903
3 184545
3 350505
3 233829
3 164313
3 243684
3 238077
3 196407
3 214884
3 365238
3 237897
3 257076
3 224919
3 120798
3 327888
3 246492
3 166743
3 302193
3 244917
3 221895
3 279567
3 238563
3 289566
3 393759
3 288675
3 266166
3 271908
3 290331
3 411201
3 297396
3 221067
3 296649
3 325044
3 209484
3 344079
3 302976
3 294336
3 328824
3 176040
3 322821
3 329130
3 353466
3 397458
3 144441
3 263619
3 262431
3 341325
3 168633
3 367956
3 404595
3 226818
3 258732
3 263079
3 295848
3 266805
3 298251
3 254277
3 272493
3 308484
3 245934
3 289611
3 271764
3 317907
3 186660
3 171522
3 344025
3 163017
3 260622
3 192888
3 255411
3 158220
3 347562
3 297954
3 220662
3 297540
3 251064
3 327177
3 354042
3 417843
3 289728
3 337743
3 305685
3 255438
3 348561
3 325296
3 146781
3 301860
3 249867
3 243828
3 370881
3 267651
3 345708
3 191142
3 271944
3 370179
3 273222
3 251352
3 134064
3 228798
3 155943
3 246276
3 355023
3 421200
3 285066
3 177417
3 294075
3 288612
3 321399
3 266157
3 257040
3 290907
3 303246
3 237024
3 247149
3 209286
3 306252
3 151344
3 322497
3 168390
3 318204
3 326592
3 437589
3 230490
3 238122
3 192798
3 250029
3 285453
3 251109
3 155286
3 247176
3 232803
3 210231
3 348426
3 296325
3 271863
3 274239
3 301833
3 323946
3 250389
3 209610
3 466056
3 221589
3 319905
3 242703
3 315936
3 416916
3 337374
3 297810
3 281664
3 183222
3 366021
3 267615
3 334638
3 240102
3 265770
3 165726
3 88218
3 348273
3 234567
3 197325
3 359730
3 288216
3 244440
3 344034
3 294687
3 343179
3 268425
3 239472
3 177957
3 163872
3 354528
3 376362
3 157068
3 358038
3 345546
3 245295
3 188055
3 288081
3 283554
3 307413
3 325026
3 225099
3 167229
3 173376
3 351783
3 253485
3 351036
3 177381
3 270441
3 241731
3 306774
3 317664
3 279558
3 325332
3 373437
3 285867
3 270009
3 236943
3 326736
3 163593
3 314487
3 239175
3 311427
3 219420
3 349254
3 305937
3 286101
3 372159
3 318276
3 247995
3 278514
3 277695
3 256887
3 267768
3 265365
3 225801
3 226215
3 237078
3 358731
3 394650
3 203328
3 185913
3 247761
3 276705
3 363204
3 375822
3 275364
3 248355
3 330030
3 268128
3 353070
3 315855
3 266157
3 281016
3 269730
3 234270
3 257895
3 239166
3 181107
3 248535
3 342405
3 389439
3 257598
3 405567
3 314946
3 262044
3 354735
3 338256
3 322200
3 252018
3 326043
3 227682
3 233118
3 170937
3 253827
3 379449
3 309870
3 331101
3 347805
3 273816
3 322317
3 282492
3 102348
3 257571
3 154620
3 355860
3 276570
3 268344
3 267696
3 305487
3 315657
3 290763
3 316674
3 378306
3 356823
3 231894
3 351963
3 266409
3 372888
3 361071
3 235035
3 272664
3 293904
3 152343
3 170343
3 240966
3 393237
3 238446
3 317007
3 288918
3 168462
3 156168
3 206019
3 138114
3 292284
3 315324
3 365868
3 150660
3 369270
3 253836
3 365508
3 306639
3 360819
3 150687
3 333648
3 318978
3 251019
3 276750
3 253278
3 332091
3 286875
3 260244
3 268101
3 258399
3 119412
3 264303
3 354366
3 261819
3 272232
3 225981
3 277236
3 259191
3 168624
3 175644
3 139779
3 270279
3 336528
3 264069
3 262413
3 310725
3 328185
3 255438
3 243936
3 313641
3 374454
3 291600
3 185706
3 332334
3 299322
3 263952
3 242883
3 270936
3 330687
3 252837
3 299493
3 309816
3 354960
3 359397
3 295002
3 338616
3 233433
3 249597
3 123030
3 330507
3 257454
3 285939
3 181026
3 244143
3 214587
3 283806
3 265572
3 317691
3 217134
3 344682
3 269847
3 243828
3 140319
3 295893
3 130158
3 80037
3 367650
3 376551
3 198954
3 335547
3 399204
3 256734
3 343080
3 304227
3 348237
3 377514
3 255618
3 392004
3 297531
3 223542
3 235962
3 240804
3 135207
3 311706
3 303228
3 397575
3 279783
3 177561
3 365166
3 273780
3 308988
3 202230
3 300510
3 338751
3 366174
3 305676
3 258894
3 153441
3 375345
3 247266
3 258273
3 404325
3 219330
3 314451
3 223074
3 235386
3 250353
3 237573
3 348129
3 205920
3 133425
3 315243
3 329148
3 393138
3 306702
3 369351
3 346734
3 236448
3 170847
3 188595
3 247527
3 264672
3 250173
3 300852
3 277281
3 302499
3 247752
3 398151
3 334917
3 256599
3 232731
3 250713
3 185814
3 345285
3 317160
3 324657
3 319734
3 306693
3 242937
3 81711
3 202617
3 386919
3 126126
3 231669
3 237429
3 265158
3 258642
3 311913
3 402741
3 186255
3 266166
3 353034
3 117603
3 283401
3 329157
3 194751
3 291906
3 270261
3 242523
3 389781
3 318384
3 140031
3 199458
3 348939
3 139473
3 161820
3 175203
3 137025
3 323343
3 224181
3 230121
3 304317
3 217116
3 262962
3 398115
3 372501
3 285660
3 317781
3 97785
3 296136
3 223695
3 285165
3 177183
3 378783
3 256833
3 309015
3 343422
3 259758
3 358524
3 241236
3 350748
3 258102
3 223182
3 296775
3 100809
3 210960
3 340596
3 266094
3 304236
3 327150
3 243198
3 204525
3 297045
3 208260
3 261882
3 253062
3 303687
3 348183
3 187686
3 321183
3 327924
3 271161
3 386604
3 111258
3 319410
3 416475
3 216810
3 179658
3 205740
3 285903
3 374850
3 342108
3 280809
3 236898
3 106308
3 304191
3 395298
3 332145
3 156285
3 324675
3 269514
3 274149
3 259623
3 346203
3 232551
3 293967
3 188811
3 205299
3 432171
3 254187
3 115002
3 245718
3 242424
3 263619
3 317808
3 321606
3 272322
3 350478
3 281619
3 237078
3 173538
3 309438
3 378567
3 374724
3 204840
3 217818
3 348156
3 329517
3 299592
3 384102
3 228906
3 308016
3 220833
3 193311
3 158445
3 328302
3 284022
3 292761
3 155223
3 204795
3 175149
3 351990
3 337455
3 223623
3 265545
3 231264
3 312561
3 446247
3 326250
3 145341
3 306765
3 139293
3 267579
3 340848
3 207513
3 184410
3 255321
3 325719
3 221787
3 346635
3 369810
3 331848
3 250812
3 309276
3 119304
3 333351
3 268641
3 252072
3 332028
3 261495
3 245385
3 369522
3 294867
3 319545
3 214506
3 238608
3 264807
3 324666
3 223857
3 396972
3 386901
3 306054
3 402057
3 172341
3 288495
3 218826
3 300438
3 329292
3 259605
3 216936
3 337527
3 218286
3 355545
3 169614
3 248643
3 295317
3 244197
3 237204
3 337275
3 235809
3 288603
3 276921
3 300510
3 400527
3 311112
3 238329
3 245772
3 218349
3 376515
3 255672
3 247482
3 385776
3 245799
3 204723
3 222804
3 352161
3 295452
3 218358
3 380349
3 289314
3 164277
3 343494
3 331614
3 154458
3 295245
3 306549
3 204048
3 296109
3 184509
3 270306
3 222381
3 287550
3 107910
3 289368
3 246798
3 349749
3 294093
3 279747
3 274185
3 391689
3 284607
3 419292
3 294849
3 379683
3 52299
3 174969
3 216684
3 236547
3 217368
3 144342
3 212796
3 354141
3 259776
3 316881
3 251388
3 227448
3 251946
3 271575
3 231183
3 78921
3 299718
3 304245
3 388530
3 316737
3 305262
3 368316
3 168237
3 292428
3 283410
3 262620
3 267102
3 202455
3 244026
3 287604
3 313416
3 189333
3 371088
3 200916
3 286164
3 244818
3 255420
3 299511
3 245187
3 347031
3 294066
3 310842
3 453924
3 232407
3 217710
3 216423
3 265113
3 352674
3 242505
3 319365
3 188064
3 335835
3 271818
3 231408
3 254439
3 315432
3 272664
3 180054
3 254808
3 271737
3 395019
3 357786
3 359640
3 276246
3 253431
3 414954
3 137160
3 252378
3 256176
3 299511
3 325071
3 193626
3 189216
3 328770
3 339219
3 369162
3 318798
3 301662
3 311841
3 306612
3 300312
3 136782
3 335142
3 240759
3 240183
3 223119
3 365076
3 216783
3 235647
3 367740
3 293904
3 284814
3 366885
3 180612
3 174375
3 263214
3 277821
3 244188
3 193626
3 246276
3 354474
3 243459
3 177147
3 345222
3 262737
3 323334
3 299745
3 237618
3 236259
3 268794
3 294012
3 231039
3 324252
3 232704
3 289485
3 310806
3 315342
3 278019
3 341388
3 314046
3 370224
3 367524
3 243054
3 309852
3 285642
3 294993
3 303435
3 332604
3 107370
3 373959
3 228690
3 301752
3 337005
3 322128
3 167895
3 238698
3 369999
3 257274
3 201474
3 421956
3 271170
3 283455
3 139167
3 349569
3 383940
3 191961
3 335277
3 133650
3 220437
3 319446
3 240093
3 392157
3 230589
3 302922
3 406269
3 253440
3 323154
3 259911
3 309168
3 284040
3 286938
3 161487
3 206622
3 383283
3 122769
3 319500
3 105534
3 343566
3 370674
3 303039
3 331002
3 210204
3 330129
3 381600
3 325503
3 225792
3 184977
3 204246
3 291393
3 198405
3 235350
3 194148
3 389619
3 303219
3 150561
3 246177
3 259056
3 353646
3 222858
3 213714
3 300834
3 353250
3 327753
3 171099
3 299241
3 219204
3 265140
3 298503
3 352602
3 361017
3 344097
3 322875
3 360324
3 342711
3 210114
3 132057
3 284949
3 209808
3 227124
3 120645
3 248643
3 284895
3 363294
3 339624
3 268038
3 281169
3 292851
3 343188
3 322578
3 93501
3 338670
3 159921
3 321849
3 289521
3 318915
3 328653
3 254295
3 385056
3 244530
3 404343
3 398034
3 381420
3 330750
3 372591
3 201582
3 333729
3 380457
3 320814
3 265275
3 254736
3 336798
3 206793
3 249984
3 307233
3 264753
3 352710
3 291330
3 392445
3 196677
3 314433
3 299061
3 268992
3 227043
3 346473
3 285786
3 361755
3 358578
3 399465
3 311616
3 224415
3 195471
3 206118
3 219780
3 243657
3 310626
3 264330
3 93609
3 346914
3 247122
3 282672
3 356976
3 314802
3 166941
3 314442
3 229068
3 210888
3 323280
3 277641
3 328203
3 469449
3 248490
3 343386
3 325476
3 173304
3 364464
3 285939
3 334242
3 258867
3 282150
3 235611
3 255186
3 240471
3 226242
3 281241
3 244728
3 326286
3 284490
3 332136
3 304218
3 211977
3 244926
3 287100
3 261504
3 290007
3 229275
3 272124
3 411507
3 126621
3 364392
3 254673
3 228447
3 282303
3 316764
3 359082
3 243081
3 310455
3 328032
3 284364
3 226035
3 284211
3 205209
3 383670
3 272691
3 314145
3 232470
3 359514
3 187479
3 302688
3 239499
3 258210
3 394524
3 267048
3 302553
3 335502
3 194562
3 277272
3 343314
3 208998
3 151920
3 347697
3 217800
3 296100
3 262737
3 329139
3 263079
3 203328
3 258813
3 184239
3 181341
3 216207
3 246834
3 252621
3 350550
3 320868
3 263142
3 246951
3 288756
3 249624
3 310356
3 273816
3 187209
3 293976
3 375480
3 161487
3 205740
3 306171
3 257067
3 98091
3 361953
3 179586
3 263502
3 227835
3 252675
3 347175
3 222534
3 318456
3 249588
3 329868
3 416601
3 349947
3 200142
3 230193
3 239580
3 269370
3 334899
3 272214
3 322956
3 231588
3 116397
3 217395
3 308556
3 232065
3 305019
3 307647
3 223839
3 244818
3 283914
3 164529
3 160353
3 368712
3 345042
3 178857
3 391896
3 293409
3 228258
3 217683
3 250119
3 248607
3 243378
3 203526
3 107802
3 227187
3 203733
3 178668
3 272583
3 353403
3 270261
3 296793
3 309726
3 145377
3 285561
3 345906
3 212301
3 385281
3 337527
3 207810
3 334431
3 335880
3 255807
3 316692
3 354222
3 302886
3 183960
3 275850
3 258669
3 231975
3 265095
3 259254
3 298620
3 356265
3 250695
3 277191
3 248913
3 295785
3 253323
3 285309
3 289800
3 358902
3 271539
3 303642
3 344673
3 244458
3 315054
3 87939
3 327393
3 208620
3 253476
3 311796
3 338508
3 342972
3 206910
3 301779
3 298944
3 236430
3 280449
3 218205
3 255663
3 203814
3 289890
3 420939
3 227106
3 212157
3 233739
3 263547
3 271908
3 322911
3 202014
3 284670
3 266436
3 172485
3 331947
3 296271
3 275040
3 197883
3 310716
3 108837
3 350181
3 341163
3 217683
3 247824
3 288747
3 385497
3 342738
3 312390
3 294930
3 266355
3 414081
3 325656
3 347742
3 311355
3 224991
3 310365
3 250191
3 303057
3 323505
3 343044
3 288198
3 190854
3 274014
3 135702
3 317466
3 176814
3 331515
3 160965
3 250218
3 299853
3 183807
3 315927
3 438597
3 274419
3 349956
3 274446
3 146700
3 342369
3 334548
3 245268
3 280629
3 339408
3 349299
3 159003
3 358218
3 243513
3 151704
3 208260
3 274149
3 375327
3 258426
3 347220
3 256599
3 307458
3 255321
3 327330
3 303813
3 204138
3 195579
3 186471
3 157095
3 390069
3 222894
3 207081
3 264564
3 248184
3 310374
3 253782
3 268443
3 354492
3 210627
3 289755
3 427563
3 314460
3 285075
3 329436
3 361935
3 347103
3 368163
3 328779
3 271341
3 302544
3 238716
3 430794
3 233748
3 234441
3 238653
3 323892
3 182934
3 295038
3 371637
3 344043
3 224037
3 289962
3 279585
3 249228
3 329238
3 261315
3 242181
3 240174
3 403677
3 385515
3 158886
3 323226
3 279477
3 345222
3 290286
3 344196
3 293418
3 225198
3 287829
3 344934
3 233334
3 386676
3 203391
3 138411
3 256581
3 286092
3 131688
3 210933
3 342162
3 390168
3 344178
3 159021
3 210222
3 324954
3 411966
3 404406
3 232416
3 211455
3 336078
3 133722
3 334683
3 279432
3 258453
3 386451
3 282861
3 271953
3 139635
3 190800
3 330543
3 207711
3 263781
3 184230
3 72495
3 263475
3 288252
3 300033
3 327573
3 244575
3 300078
3 242109
3 285012
3 217872
3 390078
3 207162
3 252612
3 228834
3 240840
3 283527
3 302841
3 189900
3 345897
3 377208
3 198846
3 330858
3 211662
3 253746
3 297279
3 191106
3 298746
3 295407
3 294993
3 303624
3 292077
3 236313
3 303462
3 220284
3 266877
3 355815
3 209196
3 262179
3 384543
3 267642
3 342738
3 184959
3 353421
3 314064
3 327411
3 269136
3 357075
3 268020
3 392184
3 210177
3 229869
3 322191
3 180351
3 297504
3 364194
3 294462
3 167256
3 365706
3 296847
3 317286
3 333432
3 125532
3 286515
3 357579
3 257130
3 241902
3 287397
3 80082
3 344988
3 408501
3 167175
3 276138
3 177669
3 159462
3 243018
3 219159
3 203292
3 317907
3 353304
3 162792
3 248310
3 108684
3 257202
3 274293
3 274779
3 351585
3 367704
3 283752
3 325791
3 181161
3 295011
3 156159
3 224091
3 268020
3 290880
3 348858
3 402615
3 242388
3 319779
3 259335
3 361611
3 231111
3 354051
3 242802
3 321291
3 211356
3 257175
3 359127
3 187092
3 240255
3 225153
3 281808
3 335241
3 311706
3 116244
3 182664
3 320238
3 337743
3 377334
3 290727
3 284571
3 279396
3 258075
3 258768
3 244233
3 275589
3 318681
3 237348
3 315954
3 298458
3 325305
3 318780
3 436095
3 198864
3 262953
3 354834
3 290682
3 398358
3 212688
3 267471
3 195147
3 275148
3 322362
3 321849
3 268191
3 314316
3 262458
3 284661
3 293121
3 298503
3 195228
3 230211
3 264357
3 316233
3 188199
3 326583
3 278847
3 355203
3 315504
3 286596
3 268488
3 373329
3 411597
3 289944
3 316899
3 271962
3 295407
3 247113
3 248661
3 290700
3 376821
3 115011
3 332604
3 222219
3 318726
3 298368
3 359937
3 283968
3 266481
3 282033
3 240615
3 190980
3 338994
3 371619
3 126243
3 248787
3 337293
3 264411
3 239796
3 342090
3 262341
3 178488
3 163314
3 317826
3 284841
3 231804
3 303147
3 271602
3 257787
3 332568
3 364437
3 244143
3 306504
3 310833
3 289008
3 285165
3 242676
3 254115
3 165411
3 183582
3 331236
3 190917
3 153657
3 233892
3 74259
3 226350
3 125208
3 310626
3 361323
3 197586
3 326898
3 382815
3 207342
3 291627
3 385272
3 269406
3 312849
3 302490
3 205938
3 304821
3 308511
3 162675
3 201861
3 333990
3 346302
3 390501
3 256086
3 384336
3 294489
3 254853
3 324441
3 244197
3 269397
3 323208
3 194526
3 270189
3 263583
3 252000
3 294975
3 257571
3 266985
3 355347
3 254997
3 190728
3 296460
3 308142
3 341082
3 295407
3 314703
3 384381
3 292455
3 246816
3 279162
3 268920
3 305496
3 300654
3 259029
3 180297
3 251559
3 329265
3 124362
3 309303
3 176670
3 388008
3 298809
3 332694
3 202689
3 245700
3 320598
3 221931
3 246780
3 227889
3 239787
3 290988
3 277722
3 198063
3 257904
3 360936
3 292410
3 312840
3 284229
3 286902
3 380196
3 452970
3 392508
3 249534
3 268389
3 231084
3 300339
3 238968
3 246420
3 200871
3 220617
3 158607
3 195768
3 291177
3 217386
3 332856
3 276696
3 303660
3 303201
3 278559
3 252603
3 151380
3 96003
3 361035
3 202104
3 266895
3 235098
3 309303
3 322263
3 353205
3 341280
3 253611
3 395424
3 205038
3 354564
3 363096
3 278730
3 231696
3 190908
3 287766
3 306099
3 261171
3 295533
3 260766
3 307638
3 210564
3 270936
3 232461
3 219870
3 185391
3 346455
3 309987
3 235125
3 189711
3 295983
3 201294
3 281979
3 226593
3 294147
3 213732
3 168543
3 277776
3 156825
3 326457
3 281628
3 140058
3 221787
3 296442
3 278208
3 194283
3 364140
3 188307
3 194625
3 328626
3 250506
3 249696
3 72666
3 266499
3 187182
3 104283
3 364680
3 247005
3 315315
3 276012
3 332334
3 354825
3 331083
3 127386
3 276084
3 130140
3 334215
3 179037
3 324810
3 327942
3 347004
3 223776
3 251838
3 356013
3 298881
3 300762
3 205101
3 298755
3 286299
3 450504
3 279045
3 163422
3 370629
3 286353
3 213840
3 263205
3 215820
3 214983
3 337329
3 378117
3 259245
3 359721
3 231264
3 139203
3 283185
3 220833
3 232308
3 249633
3 263178
3 293310
3 331587
3 265095
3 287217
3 268110
3 297990
3 225306
3 157824
3 268101
3 189135
3 293751
3 255150
3 320706
3 336735
3 332001
3 319167
3 399393
3 219798
3 387108
3 312561
3 217548
3 209349
3 358533
3 278316
3 349875
3 228519
3 234171
3 261180
3 217863
3 268299
3 354492
3 227718
3 322578
3 270594
3 295731
3 342972
3 329760
3 174168
3 358155
3 168003
3 230562
3 290682
3 323874
3 364437
3 280593
3 175788
3 149985
3 290718
3 224361
3 260064
3 343314
3 203634
3 286110
3 311868
3 326997
3 278424
3 297531
3 305280
3 327474
3 309141
3 253449
3 364590
3 301833
3 181908
3 284409
3 269388
3 302823
3 184077
3 316647
3 203373
3 356283
3 284922
3 273564
3 291339
3 302220
3 292563
3 266994
3 240831
3 356868
3 345780
3 231660
3 368631
3 330237
3 372150
3 252684
3 290925
3 238563
3 208440
3 450450
3 271242
3 194364
3 157788
3 316503
3 192231
3 162153
3 297612
3 185580
3 292437
3 173412
3 304182
3 440163
3 138123
3 293040
3 289323
3 304614
3 284454
3 345348
3 230247
3 169713
3 212832
3 361575
3 248454
3 286983
3 256473
3 238077
3 279036
3 365112
3 303165
3 335601
3 281142
3 224748
3 172575
3 256635
3 185481
3 303201
3 329706
3 325953
3 247275
3 302769
3 266580
3 217620
3 132147
3 200646
3 365076
3 267633
3 338454
3 219240
3 271440
3 243342
3 309375
3 223110
3 258462
3 336051
3 282186
3 295497
3 278442
3 245538
3 298143
3 391536
3 284346
3 291600
3 412722
3 239868
3 315828
3 234135
3 252261
3 427059
3 231534
3 302499
3 221805
3 227736
3 210294
3 236016
3 228150
3 296190
3 307278
3 308745
3 104868
3 362700
3 245259
3 325836
3 138564
3 191538
3 330516
3 255348
3 123345
3 241371
3 290898
3 266427
3 273231
3 393444
3 230625
3 369180
3 383130
3 342351
3 231192
3 274734
3 301680
3 322344
3 231750
3 324612
3 236493
3 305649
3 319635
3 102582
3 359469
3 198405
3 171567
3 333657
3 283482
3 363348
3 323253
3 279333
3 252765
3 305730
3 321894
3 204381
3 251226
3 354717
3 307854
3 170478
3 246861
3 257661
3 338724
3 284013
3 358146
3 383103
3 293490
3 285048
3 255861
3 258066
3 191115
3 295254
3 202140
3 107532
3 179712
3 185193
3 358443
3 299529
3 300537
3 217197
3 198567
3 135639
3 312858
3 312237
3 196452
3 210438
3 182826
3 372879
3 305982
3 113841
3 263646
3 224055
3 341415
3 311652
3 127620
3 328410
3 272268
3 354258
3 280890
3 326187
3 240975
3 249057
3 151614
3 226116
3 241767
3 271908
3 303156
3 278550
3 313785
3 278613
3 326142
3 274905
3 365940
3 210240
3 212931
3 210798
3 410661
3 391266
3 220860
3 283185
3 152010
3 270585
3 250209
3 156519
3 434277
3 195237
3 367938
3 203391
3 276534
3 229698
3 291996
3 196578
3 197514
3 251802
3 195921
3 303822
3 217620
3 253080
3 256185
3 182889
3 320742
3 209142
3 309744
3 421182
3 191286
3 301068
3 362241
3 218088
3 286074
3 283221
3 242964
3 285813
3 286182
3 257625
3 292068
3 232830
3 337743
3 131409
3 219519
3 183492
3 378072
3 300690
3 340407
3 124938
3 361674
3 282222
3 272943
3 205218
3 291402
3 314118
3 277200
3 294201
3 261783
3 273573
3 257940
3 270792
3 278937
3 294534
3 308052
3 218853
3 255879
3 211194
3 311877
3 308736
3 146304
3 276120
3 317988
3 178920
3 319257
3 221949
3 190584
3 275796
3 88803
3 360432
3 387450
3 380385
3 267894
3 177435
3 159192
3 434097
3 303885
3 281619
3 404856
3 346833
3 304785
3 318852
3 288648
3 306171
3 216900
3 239418
3 338067
3 370467
3 80928
3 276912
3 241695
3 349119
3 242307
3 329571
3 284625
3 157095
3 313524
3 251640
3 369279
3 176184
3 279279
3 178623
3 206856
3 296217
3 284220
3 197775
3 230634
3 366012
3 365391
3 321318
3 251901
3 347058
3 321516
3 358470
3 296235
3 307602
3 404955
3 294732
3 265734
3 262125
3 217035
3 295983
3 302256
3 240255
3 252297
3 239301
3 315594
3 238950
3 258714
3 281817
3 195858
3 270558
3 204381
3 326025
3 286488
3 329751
3 292833
3 321804
3 194400
3 293670
3 283716
3 255528
3 259326
3 325548
3 333198
3 228375
3 382878
3 301104
3 328392
3 159336
3 282843
3 230958
3 382554
3 208080
3 237105
3 261684
3 294255
3 254538
3 410940
3 254268
3 313641
3 218763
3 389979
3 377298
3 382257
3 196569
3 130959
3 291933
3 364554
3 381141
3 275877
3 179415
3 230805
3 289080
3 291096
3 215604
3 275517
3 306918
3 306765
3 304704
3 322614
3 366912
3 261639
3 133362
3 336762
3 418419
3 250173
3 244728
3 334161
3 268002
3 236250
3 281628
3 333099
3 277497
3 285642
3 195732
3 174771
3 201366
3 212868
3 98982
3 268893
3 401508
3 329850
3 341154
3 250173
3 218682
3 182061
3 267381
3 336015
3 257967
3 129519
3 313344
3 312354
3 355779
3 311373
3 350334
3 127296
3 385065
3 337473
3 309141
3 280314
3 337590
3 346158
3 182034
3 124641
3 350568
3 242766
3 349362
3 221238
3 374346
3 363789
3 432387
3 357075
3 253116
3 195372
3 249282
3 317925
3 135828
3 319851
3 385902
3 320013
3 254241
3 161847
3 300906
3 255267
3 136044
3 161397
3 307512
3 304686
3 302454
3 360513
3 204408
3 278802
3 240768
3 195561
3 122652
3 337167
3 236151
3 303030
3 315756
3 330948
3 231768
3 217062
3 376047
3 212571
3 344691
3 304965
3 229302
3 421614
3 263232
3 257958
3 367605
3 351738
3 360081
3 290124
3 317556
3 242568
3 176418
3 249273
3 338229
3 314343
3 234576
3 262827
3 202599
3 331821
3 376056
3 373059
3 290826
3 278892
3 311328
3 154494
3 310626
3 292104
3 257166
3 145647
3 241209
3 292464
3 318042
3 267966
3 226179
3 137160
3 259209
3 293418
3 264285
3 333558
3 276165
3 235746
3 143838
3 256977
3 350397
3 226296
3 133632
3 250002
3 319212
3 255834
3 273852
3 339813
3 288306
3 263052
3 213300
3 201150
3 305928
3 330750
3 185904
3 263934
3 207648
3 280251
3 453150
3 309114
3 271494
3 224325
3 306828
3 348732
3 291951
3 252828
3 280404
3 173385
3 259587
3 310032
3 315324
3 305955
3 183600
3 348633
3 209646
3 373734
3 311472
3 233577
3 188226
3 298926
3 303723
3 209646
3 330381
3 248310
3 182448
3 348372
3 210042
3 431712
3 142713
3 358551
3 354033
3 279864
3 288432
3 280422
3 275148
3 297891
3 295731
3 323442
3 300204
3 156555
3 316350
3 302067
3 382815
3 333873
3 317025
3 451575
3 319230
3 328455
3 325044
3 306450
3 291006
3 176148
3 350946
3 230463
3 288891
3 282681
3 46440
3 331272
3 351945
3 283860
3 171045
3 321750
3 227160
3 347553
3 217710
3 350730
3 275625
3 277830
3 182637
3 253485
3 207036
3 315711
3 111231
3 313065
3 307728
3 375759
3 328347
3 141903
3 323361
3 378252
3 233622
3 213975
3 195678
3 356319
3 359937
3 115002
3 299178
3 239013
3 302805
3 244944
3 313578
3 190449
3 198999
3 302715
3 288738
3 380043
3 259569
3 324441
3 331434
3 220869
3 242388
3 297819
3 362169
3 165231
3 281259
3 370854
3 238536
3 216054
3 344331
3 236745
3 195975
3 216396
3 334188
3 236502
3 354681
3 281844
3 251460
3 223380
3 324774
3 364581
3 321489
3 251748
3 317745
3 297981
3 242334
3 305514
3 245979
3 273825
3 224865
3 303948
3 320841
3 230445
3 245043
3 325521
3 357570
3 306648
3 251172
3 194913
3 264402
3 215955
3 221598
3 381510
3 228114
3 104274
3 233721
3 271557
3 405783
3 318051
3 275418
3 377388
3 353538
3 245754
3 307278
3 302157
3 296973
3 434223
3 279486
3 195462
3 321093
3 261126
3 294633
3 383679
3 312345
3 310941
3 332019
3 361494
3 182736
3 322011
3 356004
3 358893
3 342819
3 281754
3 333072
3 301806
3 160173
3 231813
3 146448
3 182457
3 296685
3 350541
3 322065
3 315765
3 311301
3 266796
3 320535
3 304263
3 234666
3 271359
3 328869
3 193797
3 244314
3 159732
3 195003
3 275715
3 349101
3 258183
3 315621
3 207477
3 297765
3 265698
3 447363
3 134721
3 237834
3 126864
3 251082
3 320184
3 298854
3 320769
3 326403
3 317403
3 362862
3 217503
3 338652
3 419814
3 316638
3 198045
3 237897
3 240939
3 211410
3 112293
3 270864
3 240912
3 174123
3 304299
3 268659
3 208908
3 307980
3 243153
3 317619
3 255420
3 315414
3 381591
3 308268
3 78399
3 312507
3 296910
3 153423
3 284814
3 347319
3 143982
3 289530
3 343800
3 293886
3 383913
3 288108
3 284778
3 278541
3 280854
3 338958
3 434754
3 367515
3 314280
3 286515
3 240768
3 250821
3 253944
3 287559
3 304056
3 75195
3 333306
3 307854
3 311022
3 357552
3 285570
3 292581
3 298566
3 346383
3 231399
3 407124
3 187110
3 251613
3 304758
3 241884
3 261117
3 322677
3 386586
3 272448
3 234612
3 323010
3 299844
3 327528
3 268434
3 280917
3 262467
3 194571
3 288180
3 281745
3 386910
3 143964
3 315270
3 228276
3 288783
3 199503
3 155016
3 255537
3 279414
3 272340
3 296361
3 375975
3 301113
3 296874
3 269811
3 183303
3 427626
3 247077
3 164133
3 239382
3 315495
3 291996
3 184041
3 394065
3 122805
3 125550
3 280512
3 229950
3 278694
3 198738
3 307035
3 278226
3 304155
3 134496
3 96426
3 251199
3 152028
3 259569
3 379413
3 291870
3 195552
3 305955
3 300834
3 256383
3 297432
3 237888
3 336096
3 245790
3 315684
3 203202
3 279837
3 241182
3 188244
3 368748
3 270576
3 325602
3 139500
3 211104
3 351342
3 294444
3 403641
3 261702
3 224073
3 226062
3 235611
3 279252
3 313344
3 266373
3 221166
3 153153
3 362232
3 285597
3 191709
3 376749
3 291006
3 261243
3 197298
3 302823
3 309609
3 148500
3 217854
3 320976
3 214479
3 362853
3 258804
3 247896
3 349326
3 275391
3 230481
3 292041
3 288819
3 266247
3 279243
3 158814
3 321786
3 353853
3 338166
3 329868
3 284247
3 260262
3 284031
3 195642
3 222183
3 222318
3 128376
3 134217
3 312003
3 272763
3 276201
3 356967
3 361044
3 276489
3 303228
3 249849
3 319023
3 206001
3 211410
3 309303
3 384921
3 257085
3 286011
3 297837
3 249372
3 143703
3 335664
3 247338
3 165573
3 407016
3 263403
3 289890
3 275769
3 292923
3 326655
3 250893
3 209295
3 339579
3 263529
3 289485
3 330381
3 270090
3 381600
3 148113
3 316350
3 307629
3 310545
3 324432
3 357012
3 333477
3 284337
3 320760
3 285318
3 310140
3 318420
3 323496
3 290925
3 350190
3 284130
3 239643
3 432693
3 266625
3 332343
3 223857
3 249075
3 227718
3 297567
3 174591
3 267363
3 129258
3 117873
3 169515
3 262386
3 351198
3 316485
3 272898
3 184104
3 326187
3 326421
3 279990
3 178398
3 105732
3 279837
3 235953
3 304101
3 234918
3 340443
3 333396
3 315936
3 302886
3 242703
3 309006
3 108315
3 230004
3 244206
3 334908
3 272412
3 294318
3 185589
3 336294
3 267336
3 278010
3 350982
3 309645
3 185571
3 283536
3 244845
3 319833
3 306324
3 256095
3 189918
3 301968
3 167490
3 371349
3 249975
3 376164
3 205839
3 320184
3 276966
3 367281
3 205704
3 166374
3 387711
3 281538
3 299457
3 266112
3 237375
3 327231
3 229608
3 406305
3 242361
3 265707
3 239400
3 292968
3 287568
3 320562
3 227835
3 299007
3 167967
3 210411
3 394299
3 181044
3 249363
3 336816
3 294525
3 313272
3 236979
3 271926
3 249183
3 346032
3 162486
3 223749
3 200997
3 288450
3 260289
3 344016
3 266670
3 222246
3 230706
3 281916
3 287478
3 322812
3 147600
3 306225
3 274635
3 262044
3 197874
3 192978
3 302310
3 324792
3 285201
3 318042
3 285525
3 144333
3 187344
3 313875
3 247662
3 297531
3 242676
3 168300
3 371988
3 197001
3 308808
3 330507
3 223938
3 259614
3 167292
3 271890
3 189765
3 357372
3 321579
3 249066
3 207333
3 332784
3 174393
3 277974
3 228330
3 429039
3 232434
3 345060
3 255015
3 300465
3 377991
3 203337
3 364005
3 329004
3 289341
3 344880
3 216522
3 293778
3 282771
3 129753
3 347400
3 296091
3 422739
3 286299
3 264780
3 186741
3 183582
3 267354
3 361233
3 98622
3 223002
3 258669
3 216261
3 271008
3 233334
3 312201
3 214722
3 310995
3 292059
3 259695
3 328428
3 306090
3 323766
3 115686
3 194076
3 274293
3 213066
3 259245
3 243198
3 352728
3 358461
3 292509
3 287685
3 205272
3 292005
3 314937
3 167292
3 306441
3 224073
3 105102
3 246285
3 320769
3 353565
3 165069
3 256230
3 229392
3 228996
3 315504
3 294939
3 337482
3 252882
3 301833
3 285813
3 231768
3 252657
3 274185
3 268065
3 347409
3 286587
3 315423
3 277812
3 143820
3 336762
3 201384
3 381096
3 200502
3 322992
3 227097
3 436518
3 280737
3 184788
3 253998
3 364932
3 262026
3 301221
3 302715
3 336483
3 222219
3 303084
3 83934
3 292500
3 182718
3 249615
3 261432
3 224856
3 162018
3 267552
3 284301
3 313245
3 189549
3 371727
3 237825
3 316872
3 317574
3 341595
3 346635
3 237645
3 272826
3 329067
3 341172
3 266292
3 213363
3 231111
3 277380
3 240327
3 302175
3 273609
3 285138
3 250047
3 279513
3 343872
3 300663
3 344169
3 267984
3 214614
3 352080
3 285426
3 230571
3 384975
3 380043
3 343395
3 301149
3 363177
3 302022
3 293598
3 310095
3 268578
3 230949
3 217260
3 368478
3 221841
3 281223
3 231255
3 283113
3 276741
3 142812
3 172827
3 311256
3 229608
3 143073
3 287541
3 303174
3 230868
3 243747
3 314253
3 224406
3 338841
3 245169
3 379755
3 210987
3 204498
3 228222
3 343494
3 153846
3 214425
3 372015
3 221076
3 224226
3 295821
3 186849
3 248724
3 225468
3 304272
3 298611
3 221094
3 296433
3 338562
3 317934
3 392238
3 318816
3 241740
3 133308
3 251433
3 274239
3 298395
3 269046
3 235116
3 325719
3 300375
3 356931
3 259605
3 279630
3 210483
3 172908
3 411642
3 257022
3 331011
3 180144
3 332586
3 213921
3 310581
3 359631
3 303228
3 195057
3 175680
3 389835
3 200061
3 370602
3 311067
3 294750
3 353376
3 219798
3 310581
3 291789
3 314676
3 306018
3 213282
3 275814
3 296883
3 261315
3 227691
3 252216
3 295245
3 274923
3 287244
3 327906
3 260136
3 253917
3 328554
3 369918
3 171774
3 167238
3 355941
3 359001
3 212634
3 195993
3 108162
3 227646
3 334062
3 290394
3 266688
3 238356
3 311157
3 274914
3 239868
3 112185
3 180333
3 266823
3 302877
3 153369
3 211275
3 417627
3 294669
3 375300
3 329382
3 356076
3 310437
3 107487
3 252738
3 217944
3 312057
3 192402
3 226422
3 323892
3 269991
3 331164
3 331416
3 233703
3 327672
3 219456
3 256617
3 304956
3 257868
3 259101
3 259803
3 295641
3 296397
3 317844
3 362727
3 275607
3 220959
3 395874
3 329391
3 294660
3 151551
3 227943
3 347796
3 232587
3 319671
3 81954
3 241551
3 262431
3 244935
3 351585
3 285669
3 257436
3 144585
3 364752
3 231372
3 267408
3 145467
3 370458
3 318960
3 272115
3 199539
3 310491
3 194958
3 273915
3 225504
3 266472
3 315774
3 344493
3 249840
3 258174
3 296334
3 120159
3 256959
3 194571
3 283392
3 265518
3 239598
3 178740
3 264105
3 344340
3 324918
3 316773
3 323739
3 224019
3 231651
3 402246
3 258489
3 385713
3 208944
3 210735
3 343998
3 354600
3 270333
3 201861
3 232632
3 247473
3 259983
3 225711
3 318960
3 190746
3 307143
3 270693
3 394299
3 302517
3 366327
3 86580
3 248004
3 275913
3 413712
3 241929
3 225477
3 248049
3 290610
3 236223
3 228654
3 263601
3 327429
3 256113
3 288837
3 320328
3 333720
3 288027
3 244071
3 329427
3 253458
3 221553
3 288216
3 303417
3 211428
3 287316
3 155826
3 337410
3 304524
3 378702
3 324009
3 302490
3 357543
3 356130
3 207486
3 367470
3 250587
3 181557
3 206631
3 435654
3 312615
3 147825
3 301626
3 232911
3 326367
3 237897
3 302427
3 332199
3 215208
3 162684
3 139608
3 171216
3 313200
3 279045
3 386370
3 210717
3 286110
3 360153
3 249318
3 241569
3 190611
3 329544
3 299376
3 290844
3 351972
3 161388
3 208395
3 346302
3 262575
3 321012
3 219915
3 276039
3 272421
3 186318
3 267984
3 322515
3 136386
3 213498
3 120330
3 283950
3 243270
3 357786
3 229365
3 248256
3 268794
3 277092
3 224838
3 282294
3 382347
3 380736
3 368037
3 396288
3 323019
3 265698
3 376848
3 299331
3 220581
3 206424
3 184491
3 223173
3 239517
3 274077
3 285012
3 309690
3 288009
3 292446
3 179595
3 293742
3 339237
3 170505
3 255006
3 195588
3 272070
3 385317
3 221382
3 303777
3 127611
3 344862
3 353655
3 206046
3 162612
3 178659
3 325179
3 277272
3 293715
3 335412
3 373077
3 262188
3 223236
3 147312
3 386298
3 216180
3 267813
3 300447
3 324099
3 457641
3 306117
3 301986
3 246537
3 347850
3 283716
3 214335
3 320463
3 303957
3 394038
3 142875
3 198297
3 268164
3 294381
3 329373
3 267354
3 362115
3 250398
3 251082
3 299304
3 237888
3 334215
3 258687
3 264078
3 206568
3 215361
3 258534
3 301284
3 300897
3 268614
3 325980
3 263070
3 300312
3 352413
3 209457
3 264807
3 246609
3 257895
3 317772
3 138762
3 229824
3 281718
3 291186
3 253143
3 277542
3 342045
3 368442
3 281007
3 277209
3 365346
3 345942
3 237735
3 203715
3 398628
3 197559
3 237564
3 232398
3 273960
3 335070
3 196560
3 310923
3 82539
3 124902
3 370188
3 231201
3 401598
3 330759
3 222786
3 236538
3 350127
3 323055
3 294966
3 254664
3 266850
3 252171
3 317331
3 190242
3 224613
3 309582
3 221211
3 292869
3 206019
3 213264
3 232857
3 286281
3 303102
3 279918
3 380466
3 218601
3 246321
3 289566
3 325800
3 211455
3 313074
3 202680
3 315279
3 198000
3 201663
3 253620
3 339885
3 148374
3 255852
3 181368
3 153099
3 162702
3 294507
3 383589
3 210366
3 318177
3 236043
3 353637
3 336213
3 215739
3 244035
3 331290
3 289404
3 289116
3 286344
3 250704
3 346563
3 246429
3 253071
3 115560
3 136908
3 255069
3 386541
3 217881
3 317898
3 256347
3 290025
3 312957
3 378036
3 193968
3 429255
3 241848
3 340317
3 212616
3 276570
3 141525
3 281178
3 279063
3 433017
3 320985
3 334485
3 260982
3 387387
3 258246
3 305433
3 388593
3 232047
3 331605
3 152118
3 223389
3 305676
3 315999
3 394362
3 241830
3 280755
3 273042
3 272817
3 278127
3 331326
3 270819
3 244098
3 291456
3 291366
3 314595
3 296496
3 317304
3 284688
3 105768
3 288261
3 266409
3 291591
3 320121
3 380952
3 364266
3 269748
3 269280
3 265266
3 186480
3 181926
3 335034
3 279216
3 235683
3 182241
3 279144
3 317097
3 332334
3 187326
3 314604
3 161793
3 308889
3 268632
3 381600
3 232029
3 243963
3 281133
3 202338
3 260271
3 246204
3 285183
3 253656
3 403821
3 222984
3 330318
3 117972
3 217323
3 298782
3 224334
3 240318
3 266472
3 258768
3 365139
3 323541
3 304875
3 410049
3 282492
3 239958
3 258372
3 396711
3 223533
3 180369
3 398646
3 229887
3 193608
3 257778
3 311220
3 289602
3 214938
3 286128
3 330480
3 187677
3 335637
3 250452
3 319977
3 302157
3 232740
3 149391
3 98460
3 333900
3 305361
3 259353
3 297477
3 254187
3 269577
3 235377
3 228087
3 312390
3 174690
3 166392
3 330534
3 262179
3 259461
3 210474
3 225801
3 348894
3 278469
3 262053
3 286821
3 251415
3 311805
3 271368
3 401895
3 253404
3 246213
3 269316
3 253260
3 311544
3 242694
3 357426
3 137538
3 262251
3 322398
3 201222
3 341262
3 326268
3 231624
3 161199
3 332091
3 243927
3 134370
3 333117
3 263394
3 183843
3 297315
3 219087
3 126747
3 301410
3 302670
3 187749
3 229023
3 335736
3 131157
3 195795
3 346851
3 313524
3 380502
3 243441
3 304227
3 244206
3 305604
3 189351
3 267741
3 248292
3 355869
3 204660
3 272790
3 236772
3 206946
3 244773
3 293310
3 392220
3 291474
3 291951
3 90540
3 394857
3 289980
3 317943
3 270477
3 112680
3 255492
3 348966
3 191205
3 151434
3 346680
3 219942
3 219780
3 334008
3 341514
3 264717
3 227826
3 243486
3 281466
3 265428
3 153873
3 231957
3 160659
3 233253
3 245457
3 123399
3 261522
3 169416
3 199008
3 348831
3 248472
3 127458
3 292842
3 302418
3 232326
3 386208
3 312426
3 154377
3 208035
3 304425
3 284481
3 309204
3 359334
3 296235
3 179514
3 252135
3 409599
3 272502
3 262503
3 396747
3 328032
3 211905
3 367245
3 287757
3 451116
3 177732
3 338355
3 198333
3 288027
3 288441
3 266229
3 310464
3 283086
3 296253
3 367929
3 243108
3 236250
3 386712
3 324657
3 136143
3 199692
3 369648
3 268866
3 364239
3 359244
3 338121
3 271566
3 269289
3 297765
3 360486
3 276039
3 187524
3 359325
3 325944
3 257760
3 284400
3 192204
3 288342
3 452475
3 256167
3 282132
3 259830
3 310536
3 162081
3 138240
3 153513
3 291771
3 184707
3 346203
3 354474
3 362907
3 301257
3 228303
3 277101
3 284697
3 253728
3 321327
3 362673
3 383706
3 301518
3 334629
3 276507
3 394713
3 355419
3 329508
3 370692
3 197982
3 264681
3 422847
3 289926
3 153036
3 236241
3 260658
3 206658
3 286506
3 300879
3 309690
3 291780
3 342855
3 239868
3 286254
3 214110
3 261900
3 282105
3 340056
3 204390
3 235044
3 185013
3 387486
3 220005
3 224937
3 271134
3 280431
3 401454
3 343395
3 313857
3 337815
3 337734
3 216846
3 323217
3 408222
3 271224
3 87714
3 269883
3 238653
3 315774
3 381861
3 326340
3 417528
3 393939
3 257922
3 329967
3 167040
3 177984
3 321642
3 284517
3 309213
3 183258
3 317565
3 371925
3 211527
3 255924
3 304695
3 251352
3 288369
3 201150
3 178515
3 178155
3 249120
3 313155
3 311337
3 288477
3 275355
3 260154
3 260271
3 278541
3 264987
3 242397
3 252441
3 305892
3 123363
3 201222
3 348669
3 285723
3 275940
3 88263
3 372123
3 321021
3 146646
3 209808
3 275067
3 232083
3 347778
3 295830
3 236511
3 344178
3 294327
3 291438
3 146673
3 356130
3 278487
3 307044
3 296262
3 353223
3 104940
3 214902
3 123903
3 271539
3 310779
3 190926
3 294498
3 259857
3 312588
3 96066
3 225306
3 277506
3 297387
3 461430
3 207909
3 293535
3 288594
3 272502
3 247815
3 319473
3 350487
3 225306
3 330201
3 316296
3 190935
3 288297
3 338238
3 295155
3 276876
3 251451
3 285876
3 252612
3 225198
3 240273
3 149886
3 351171
3 182079
3 227529
3 336240
3 265842
3 352404
3 345528
3 223650
3 247959
3 264285
3 339570
3 215172
3 363357
3 335709
3 255168
3 282942
3 329607
3 297711
3 266094
3 219510
3 273510
3 188055
3 177633
3 420210
3 292410
3 341154
3 297495
3 308475
3 322236
3 429975
3 346194
3 364860
3 332073
3 156834
3 301239
3 274734
3 137745
3 307575
3 269073
3 265716
3 216369
3 290484
3 200322
3 430659
3 302634
3 178587
3 380079
3 297774
3 319230
3 185265
3 359199
3 186390
3 251604
3 252243
3 250956
3 255366
3 203265
3 331551
3 338283
3 221661
3 346932
3 248634
3 343926
3 110133
3 276210
3 261837
3 209889
3 353187
3 317826
3 180720
3 206784
3 291447
3 219582
3 321381
3 190323
3 339507
3 275652
3 289719
3 237096
3 254952
3 230031
3 249246
3 263268
3 365895
3 226953
3 211770
3 362124
3 215073
3 264789
3 345267
3 236943
3 376317
3 188955
3 277317
3 265023
3 184887
3 169632
3 210339
3 310338
3 288711
3 264591
3 445266
3 268884
3 235917
3 256671
3 295344
3 264537
3 354213
3 303084
3 215442
3 270864
3 289827
3 260919
3 368748
3 259722
3 380115
3 332460
3 303399
3 272916
3 376866
3 202599
3 243630
3 307944
3 249705
3 211023
3 316809
3 278217
3 182313
3 364293
3 273240
3 315018
3 200997
3 271944
3 303318
3 283734
3 291960
3 239004
3 185895
3 243621
3 385056
3 204012
3 288477
3 344862
3 323415
3 174096
3 404109
3 294489
3 373932
3 166275
3 276066
3 308772
3 231462
3 272880
3 275121
3 248310
3 302823
3 132732
3 187047
3 329481
3 168363
3 268857
3 204219
3 349668
3 272376
3 193113
3 346770
3 285345
3 200682
3 330426
3 259902
3 334674
3 332046
3 318825
3 202275
3 281043
3 422838
3 301572
3 176139
3 288693
3 299403
3 307692
3 216486
3 84267
3 267138
3 296739
3 300348
3 272700
3 223875
3 237357
3 272970
3 212463
3 209736
3 148563
3 310689
3 316782
3 322623
3 286371
3 326871
3 276471
3 127062
3 144972
3 304983
3 346095
3 203328
3 187515
3 262017
3 209142
3 279927
3 335799
3 182061
3 212265
3 407934
3 316116
3 383652
3 90297
3 198630
3 419724
3 273771
3 302832
3 260037
3 174618
3 194697
3 328779
3 291528
3 239931
3 307044
3 267471
3 321390
3 390627
3 318951
3 302310
3 381051
3 216909
3 263007
3 234261
3 317682
3 265374
3 358983
3 363123
3 243567
3 245700
3 373923
3 194202
3 241614
3 238518
3 375957
3 314244
3 301608
3 229275
3 242613
3 292392
3 184428
3 264987
3 303975
3 377946
3 158310
3 287730
3 244269
3 400815
3 327159
3 223344
3 388521
3 307863
3 164610
3 132813
3 367479
3 320994
3 358983
3 266355
3 267183
3 207594
3 339174
3 241299
3 310311
3 186606
3 288558
3 304020
3 312498
3 296685
3 301743
3 369891
3 343584
3 268002
3 321111
3 211383
3 238005
3 297576
3 258102
3 239238
3 341541
3 293319
3 240813
3 279423
3 208269
3 238950
3 302310
3 385344
3 252495
3 300960
3 273123
3 192051
3 182115
3 284220
3 242001
3 313920
3 318735
3 174537
3 234216
3 261666
3 240318
3 258867
3 198855
3 334773
3 408330
3 255132
3 165573
3 204471
3 271350
3 323208
3 376506
3 275832
3 308142
3 466056
3 353961
3 334377
3 293643
3 285498
3 309618
3 218214
3 311346
3 310662
3 263637
3 281988
3 256167
3 221985
3 324126
3 242163
3 158868
3 224712
3 287748
3 274464
3 351324
3 378252
3 201060
3 307224
3 257886
3 178929
3 270576
3 249165
3 411228
3 288279
3 233613
3 284184
3 290835
3 369495
3 140031
3 238104
3 190800
3 322983
3 422748
3 206550
3 363843
3 268452
3 263871
3 338940
3 182079
3 415296
3 174672
3 274023
3 241011
3 287478
3 290547
3 214200
3 277182
3 301950
3 235044
3 370548
3 259749
3 100422
3 334107
3 234765
3 321507
3 320175
3 368127
3 147771
3 278847
3 284733
3 287694
3 352845
3 261018
3 291870
3 240399
3 242325
3 277182
3 128466
3 287298
3 235395
3 298233
3 254124
3 234657
3 359172
3 86193
3 336240
3 282006
3 248409
3 206982
3 182664
3 288765
3 256536
3 188415
3 124479
3 364698
3 352287
3 282834
3 221517
3 333423
3 401193
3 219834
3 238545
3 326205
3 132930
3 303714
3 241758
3 246510
3 314784
3 259065
3 174474
3 296352
3 258363
3 370476
3 225819
3 303336
3 300654
3 280170
3 312615
3 342540
3 359991
3 320463
3 258210
3 376434
3 271782
3 283419
3 229788
3 319860
3 353196
3 389763
3 332694
3 302202
3 215019
3 249111
3 283068
3 245808
3 325746
3 278406
3 279936
3 283608
3 394497
3 294480
3 279324
3 350658
3 308709
3 182700
3 96714
3 292968
3 279441
3 428562
3 207162
3 224595
3 276867
3 358614
3 296937
3 148662
3 262422
3 250182
3 196812
3 276255
3 191880
3 147825
3 296217
3 253107
3 204561
3 177525
3 122607
3 308754
3 276561
3 367857
3 338931
3 237672
3 366066
3 232893
3 248733
3 381573
3 250137
3 351648
3 108504
3 212832
3 289575
3 256347
3 242622
3 325647
3 243963
3 346788
3 307476
3 307962
3 208674
3 255033
3 374526
3 316791
3 194022
3 267012
3 169650
3 423990
3 306459
3 324153
3 244287
3 296685
3 237312
3 350361
3 242973
3 298926
3 216684
3 109431
3 348633
3 338589
3 314271
3 259686
3 287901
3 418446
3 361116
3 174933
3 304317
3 214011
3 204246
3 377838
3 306954
3 287640
3 138186
3 200547
3 296262
3 256221
3 292293
3 236898
3 396504
3 325431
3 340830
3 240255
3 377379
3 353403
3 345312
3 322875
3 205488
3 216486
3 236943
3 299475
3 223551
3 335151
3 324009
3 308520
3 230769
3 315297
3 260334
3 368847
3 325971
3 277758
3 321408
3 286254
3 376227
3 300375
3 311625
3 306927
3 320490
3 283122
3 224415
3 294543
3 264996
3 271584
3 372159
3 320130
3 332505
3 303453
3 262494
3 308511
3 180000
3 208575
3 300744
3 301383
3 180297
3 353034
3 373347
3 331749
3 145053
3 314019
3 214425
3 316764
3 302670
3 362601
3 368469
3 269496
3 317934
3 101871
3 418248
3 294075
3 394884
3 284949
3 235368
3 271548
3 140229
3 129384
3 277407
3 316854
3 307440
3 200313
3 266688
3 286974
3 353844
3 285993
3 245655
3 290988
3 380079
3 267246
3 227475
3 289395
3 400149
3 215604
3 288135
3 292698
3 320796
3 331146
3 304119
3 272853
3 255411
3 245844
3 185769
3 425763
3 358317
3 158724
3 262773
3 290205
3 176283
3 297837
3 304614
3 317232
3 290709
3 334035
3 306468
3 316548
3 81189
3 337230
3 285984
3 291294
3 270252
3 315198
3 328050
3 224199
3 270765
3 303435
3 156384
3 334557
3 256050
3 242640
3 349398
3 429480
3 392094
3 279945
3 171486
3 268407
3 304812
3 255330
3 393228
3 192231
3 313839
3 266148
3 175203
3 234378
3 334332
3 205281
3 304335
3 306612
3 240543
3 287640
3 266670
3 377082
3 285489
3 259002
3 316890
3 284292
3 359541
3 236601
3 240831
3 223173
3 308592
3 325791
3 95220
3 265761
3 351567
3 406944
3 315090
3 148707
3 206784
3 319401
3 346014
3 260514
3 149103
3 312228
3 251550
3 265383
3 290655
3 198054
3 241110
3 225144
3 285912
3 278415
3 412614
3 406845
3 314721
3 243441
3 175230
3 279036
3 184626
3 143343
3 258390
3 225387
3 362682
3 260523
3 258867
3 308799
3 258849
3 280089
3 335394
3 296145
3 314982
3 343449
3 372231
3 338994
3 145368
3 238176
3 166149
3 304254
3 289251
3 263610
3 284130
3 255762
3 260640
3 222714
3 334647
3 224145
3 254817
3 274743
3 286245
3 302463
3 319464
3 366858
3 232992
3 199782
3 303156
3 109710
3 303822
3 260919
3 253971
3 267444
3 166068
3 296766
3 302058
3 280719
3 160020
3 257634
3 322839
3 198603
3 173070
3 227223
3 389763
3 196524
3 249606
3 194679
3 221877
3 159786
3 174636
3 305226
3 392940
3 328635
3 351279
3 228456
3 344727
3 190638
3 396684
3 325692
3 159273
3 234468
3 324837
3 321561
3 317169
3 286749
3 236349
3 215451
3 402354
3 200232
3 231102
3 213354
3 230886
3 214659
3 315738
3 195858
3 67113
3 395010
3 282699
3 284022
3 296244
3 308970
3 326664
3 294237
3 182628
3 237744
3 259821
3 316143
3 405072
3 378513
3 188595
3 191898
3 359505
3 435807
3 212094
3 306126
3 308718
3 186885
3 271485
3 305361
3 159264
3 327330
3 354150
3 279234
3 343683
3 343530
3 295785
3 183411
3 275499
3 289323
3 363267
3 320337
3 187371
3 317277
3 204093
3 191646
3 285768
3 341226
3 367362
3 328311
3 311022
3 256590
3 240417
3 317853
3 297180
3 423450
3 60750
3 337968
3 373779
3 329373
3 233451
3 416907
3 220707
3 320508
3 138429
3 260388
3 157176
3 306666
3 217692
3 315153
3 303606
3 300114
3 229338
3 257148
3 195129
3 73584
3 267588
3 303264
3 252297
3 170811
3 254718
3 281259
3 330516
3 169659
3 292626
3 310716
3 215505
3 442260
3 345708
3 207522
3 279621
3 273645
3 295677
3 266454
3 294831
3 219276
3 300717
3 213381
3 183870
3 320967
3 389979
3 239760
3 294183
3 239301
3 406143
3 244989
3 150156
3 92835
3 321633
3 171216
3 240525
3 327510
3 262305
3 388422
3 233586
3 227016
3 264519
3 347787
3 292122
3 263196
3 286569
3 366138
3 120330
3 271440
3 200331
3 223182
3 306396
3 322227
3 273528
3 318537
3 285831
3 294849
3 241947
3 321948
3 331191
3 329310
3 157302
3 278127
3 343161
3 219447
3 271764
3 255222
3 344493
3 318402
3 347940
3 244890
3 238167
3 229185
3 158022
3 339210
3 220023
3 277389
3 323037
3 198945
3 114660
3 243513
3 308601
3 307701
3 288000
3 280449
3 393219
3 311472
3 285021
3 293769
3 334134
3 265671
3 275760
3 263916
3 269757
3 257166
3 167463
3 251505
3 295047
3 152766
3 276264
3 321201
3 300366
3 288513
3 293724
3 222732
3 306333
3 193347
3 296001
3 202500
3 257994
3 206586
3 248409
3 226188
3 302499
3 361701
3 276174
3 300843
3 345429
3 244098
3 217476
3 315009
3 222336
3 247437
3 252135
3 221733
3 268398
3 254034
3 159777
3 191637
3 284139
3 318834
3 371610
3 358191
3 197154
3 316197
3 390762
3 163341
3 237348
3 294075
3 379647
3 381429
3 326421
3 311472
3 268182
3 337257
3 300150
3 111807
3 284868
3 322785
3 301302
3 332937
3 276039
3 247239
3 337185
3 319221
3 333261
3 283077
3 123291
3 255222
3 201906
3 254349
3 254502
3 375444
3 299790
3 210177
3 202365
3 474174
3 252405
3 194814
3 310833
3 322605
3 351117
3 265320
3 346635
3 153315
3 252306
3 313407
3 367191
3 277092
3 298458
3 390132
3 262269
3 322074
3 298260
3 323559
3 194724
3 348363
3 309951
3 248121
3 242028
3 315495
3 282789
3 314820
3 118638
3 372114
3 263601
3 226071
3 308880
3 179874
3 236835
3 217260
3 140751
3 348057
3 333801
3 296388
3 222552
3 323721
3 245817
3 270315
3 363546
3 292491
3 393444
3 274491
3 75420
3 195138
3 346923
3 260055
3 347103
3 266733
3 256491
3 176931
3 248562
3 375669
3 338733
3 197307
3 331974
3 291285
3 161721
3 310419
3 296010
3 193104
3 218682
3 337977
3 197550
3 398268
3 421416
3 278676
3 249975
3 275121
3 284121
3 291969
3 385848
3 288684
3 273870
3 337482
3 236745
3 283797
3 360072
3 318015
3 361305
3 333675
3 259407
3 273447
3 408672
3 223290
3 252864
3 374652
3 202320
3 306684
3 311490
3 325278
3 252126
3 275886
3 232812
3 213489
3 245979
3 154791
3 293598
3 270360
3 281214
3 368523
3 271854
3 269811
3 217026
3 200826
3 302283
3 300609
3 311445
3 289089
3 297081
3 257454
3 205911
3 225486
3 314073
3 295992
3 380655
3 278838
3 267804
3 187506
3 254709
3 280998
3 143046
3 308331
3 371277
3 283149
3 306477
3 150264
3 269946
3 277272
3 107064
3 270468
3 239391
3 321399
3 146664
3 166950
3 244215
3 257760
3 285372
3 185436
3 310689
3 277353
3 306675
3 314370
3 347265
3 308295
3 353079
3 212022
3 269028
3 453267
3 378450
3 156726
3 337833
3 332190
3 311058
3 288090
3 370098
3 282141
3 349254
3 310824
3 345996
3 113886
3 294795
3 253323
3 304902
3 327951
3 309564
3 323289
3 301365
3 322011
3 226674
3 233964
3 157482
3 239076
3 244890
3 263916
3 308295
3 341703
3 117207
3 255141
3 284409
3 216891
3 222030
3 127908
3 382977
3 348840
3 267984
3 162288
3 247059
3 251892
3 394344
3 346140
3 222408
3 209331
3 460206
3 275238
3 363375
3 83646
3 371727
3 331173
3 269892
3 326196
3 196785
3 313020
3 307962
3 410175
3 235305
3 288405
3 289125
3 358587
3 115785
3 283833
3 278334
3 175806
3 269640
3 155295
3 370359
3 254142
3 343026
3 272169
3 320337
3 331362
3 398943
3 383958
3 223722
3 127836
3 303750
3 326988
3 314127
3 297900
3 276984
3 203499
3 323811
3 203328
3 341676
3 274896
3 346788
3 163728
3 157374
3 226908
3 117288
3 149292
3 311292
3 175059
3 339867
3 294867
3 400212
3 254061
3 263304
3 222030
3 269136
3 266004
3 299844
3 337014
3 260406
3 257094
3 289521
3 356877
3 335088
3 340560
3 314181
3 330543
3 359424
3 294138
3 330291
3 369657
3 343809
3 318996
3 299853
3 298539
3 299493
3 268803
3 318375
3 298674
3 326250
3 395982
3 192384
3 206433
3 256482
3 256824
3 159255
3 180927
3 340443
3 265752
3 295650
3 340236
3 339201
3 306216
3 359721
3 201510
3 252639
3 196389
3 307908
3 312291
3 380736
3 234234
3 285003
3 272160
3 249930
3 141732
3 310554
3 279666
3 103221
3 244170
3 115641
3 306918
3 269019
3 156213
3 254466
3 218349
3 334125
3 266184
3 265707
3 171873
3 340776
3 216162
3 219609
3 350757
3 369306
3 332721
3 75888
3 184635
3 225000
3 152541
3 342063
3 231858
3 220482
3 272295
3 133101
3 311463
3 304587
3 302292
3 224379
3 402408
3 244494
3 403317
3 358227
3 286767
3 419652
3 309906
3 227070
3 313254
3 230652
3 347463
3 317475
3 298386
3 285966
3 399114
3 407304
3 336699
3 307476
3 307080
3 198855
3 354249
3 239058
3 119898
3 301275
3 140706
3 303777
3 290943
3 279567
3 242244
3 307827
3 238383
3 244305
3 416916
3 264654
3 424611
3 368235
3 214038
3 314649
3 238068
3 289566
3 246852
3 251883
3 320877
3 339741
3 223110
3 283590
3 349191
3 288783
3 246438
3 212454
3 307665
3 216630
3 275769
3 193788
3 294849
3 286992
3 224037
3 243279
3 314928
3 312705
3 136161
3 174123
3 318735
3 324603
3 270612
3 330165
3 71388
3 276588
3 303921
3 180063
3 374706
3 423801
3 355905
3 225522
3 280692
3 268902
3 256896
3 403470
3 232893
3 254133
3 149517
3 307611
3 314019
3 412209
3 267417
3 260001
3 325872
3 347436
3 152892
3 371952
3 326583
3 350964
3 168327
3 151110
3 295191
3 152118
3 206532
3 242703
3 381006
3 300330
3 270459
3 263340
3 322497
3 285750
3 312768
3 216504
3 315414
3 326277
3 353151
3 292734
3 153936
3 234945
3 302292
3 219618
3 214866
3 192060
3 351396
3 280332
3 304830
3 318654
3 229716
3 238572
3 280242
3 349470
3 171423
3 179658
3 195804
3 84159
3 119601
3 353133
3 365094
3 212877
3 187416
3 329004
3 351540
3 252810
3 329328
3 291555
3 301302
3 162261
3 165915
3 364419
3 93843
3 265500
3 310869
3 83718
3 227655
3 119043
3 313389
3 283257
3 203949
3 400446
3 335916
3 294435
3 343908
3 250641
3 279252
3 241884
3 330723
3 117666
3 321327
3 324441
3 428589
3 243567
3 329634
3 273204
3 318492
3 330219
3 274383
3 275220
3 63513
3 269901
3 422325
3 309303
3 285678
3 286956
3 421848
3 248319
3 233325
3 374913
3 131175
3 117675
3 188721
3 175698
3 260757
3 381987
3 282069
3 300924
3 312381
3 266355
3 197532
3 344520
3 294336
3 328329
3 168318
3 171873
3 303435
3 287217
3 388809
3 375426
3 379404
3 121977
3 151524
3 328374
3 233919
3 288540
3 364545
3 336915
3 255753
3 251568
3 209412
3 295641
3 167283
3 345951
3 276147
3 225441
3 224316
3 259119
3 318843
3 349452
3 247788
3 314604
3 256302
3 283374
3 326106
3 297747
3 239634
3 286191
3 224694
3 283464
3 242352
3 440946
3 302202
3 349515
3 228834
3 377928
3 123975
3 217908
3 264996
3 198450
3 375696
3 271971
3 293760
3 270522
3 313299
3 325422
3 309204
3 307512
3 198918
3 307089
3 397935
3 251712
3 351009
3 278955
3 324207
3 270693
3 238860
3 284328
3 304119
3 344142
3 330444
3 161361
3 275175
3 299043
3 312786
3 283086
3 365841
3 113832
3 230076
3 286155
3 284562
3 379035
3 308907
3 157131
3 328185
3 400185
3 143361
3 300339
3 175320
3 346581
3 321075
3 288288
3 366039
3 293184
3 317799
3 344457
3 189873
3 253386
3 212949
3 310698
3 417411
3 216000
3 181053
3 211347
3 267948
3 174627
3 271620
3 212994
3 277389
3 276516
3 241776
3 276516
3 244890
3 312948
3 122130
3 353502
3 303453
3 213444
3 231543
3 320904
3 146106
3 325701
3 395496
3 141714
3 326925
3 185355
3 218439
3 201600
3 194175
3 219753
3 407079
3 210186
3 226386
3 231507
3 262575
3 199044
3 285084
3 199314
3 296784
3 209196
3 199908
3 219483
3 336006
3 292527
3 306036
3 310284
3 203202
3 343287
3 316611
3 388881
3 192285
3 173547
3 243702
3 243873
3 275940
3 313218
3 237600
3 225801
3 305361
3 332388
3 311652
3 275211
3 161352
3 303921
3 121689
3 235287
3 303381
3 344637
3 191061
3 307368
3 249129
3 175167
3 332082
3 306549
3 206307
3 332451
3 367317
3 256500
3 274698
3 363798
3 227052
3 175761
3 180702
3 270504
3 362871
3 236277
3 251973
3 313308
3 330984
3 373788
3 369558
3 306270
3 276552
3 270945
3 288315
3 391716
3 330939
3 280242
3 256473
3 368244
3 340605
3 231786
3 187596
3 136899
3 417843
3 284013
3 333288
3 213246
3 339849
3 223137
3 250830
3 275337
3 205056
3 264501
3 293553
3 250992
3 134352
3 283239
3 285102
3 160821
3 169263
3 225459
3 229113
3 282852
3 108288
3 346482
3 287064
3 402219
3 346923
3 275346
3 195183
3 322488
3 264231
3 371412
3 317763
3 331965
3 312714
3 246393
3 345024
3 368514
3 285174
3 242991
3 128421
3 217584
3 241578
3 222786
3 212175
3 146628
3 407592
3 277326
3 326313
3 236106
3 187569
3 242118
3 138051
3 234333
3 150579
3 330147
3 153135
3 330129
3 263205
3 292716
3 281682
3 346833
3 86769
3 274959
3 212328
3 221886
3 387279
3 303912
3 260883
3 221598
3 306684
3 291420
3 165177
3 282627
3 242685
3 239328
3 390825
3 322992
3 258750
3 274869
3 258192
3 276867
3 223047
3 366291
3 316035
3 269451
3 319275
3 170595
3 301851
3 262980
3 146502
3 268983
3 269352
3 156177
3 352134
3 328572
3 301374
3 234009
3 225927
3 223164
3 146592
3 201816
3 343449
3 346464
3 257823
3 146979
3 306198
3 300501
3 173628
3 149787
3 308241
3 176229
3 271458
3 391815
3 323163
3 318420
3 384039
3 386514
3 303183
3 332253
3 385875
3 263511
3 123714
3 245430
3 225684
3 263115
3 299934
3 279027
3 351315
3 208233
3 289827
3 392940
3 250830
3 266265
3 234171
3 232119
3 317889
3 265545
3 221445
3 404847
3 196200
3 291060
3 348822
3 301815
3 346428
3 203301
3 241893
3 240174
3 378990
3 356328
3 294210
3 164934
3 319680
3 202770
3 335682
3 347301
3 260793
3 271395
3 285471
3 334791
3 384570
3 367146
3 317691
3 294381
3 297666
3 356769
3 217413
3 324180
3 324180
3 250686
3 363150
3 234783
3 270639
3 291501
3 360297
3 303660
3 214767
3 274581
3 335592
3 282240
3 169326
3 200475
3 371736
3 98370
3 351450
3 308916
3 269379
3 276876
3 198441
3 284355
3 254142
3 211815
3 240723
3 256014
3 323694
3 350010
3 329598
3 409653
3 157950
3 204012
3 326448
3 292329
3 310437
3 326601
3 329346
3 272718
3 410715
3 170406
3 276651
3 300168
3 278505
3 371313
3 271368
3 284031
3 243297
3 397152
3 339183
3 325593
3 162873
3 348786
3 328284
3 258975
3 205119
3 269982
3 332514
3 133326
3 270171
3 216999
3 430938
3 186885
3 418563
3 391392
3 228168
3 347310
3 315117
3 67383
3 317520
3 264393
3 290070
3 263709
3 145818
3 296793
3 256491
3 222894
3 246132
3 230436
3 339885
3 196668
3 287172
3 311346
3 231012
3 321462
3 322830
3 230004
3 268344
3 297108
3 214362
3 266319
3 145611
3 274419
3 346104
3 339894
3 215730
3 270441
3 318483
3 268173
3 198360
3 398754
3 345789
3 296343
3 284022
3 217206
3 262323
3 273942
3 216144
3 310131
3 122571
3 191952
3 203031
3 289476
3 283158
3 290106
3 218061
3 268803
3 358641
3 266940
3 296289
3 216522
3 252981
3 321543
3 254124
3 256185
3 259614
3 324567
3 234873
3 236592
3 398313
3 260253
3 212643
3 333720
3 161550
3 207171
3 277947
3 97398
3 377685
3 255429
3 288279
3 246393
3 344178
3 348165
3 149553
3 267435
3 149535
3 279396
3 254628
3 261099
3 299457
3 296964
3 199602
3 136665
3 389385
3 369639
3 321426
3 253755
3 346770
3 302463
3 346293
3 276264
3 268335
3 325629
3 300861
3 269622
3 309654
3 390879
3 296991
3 195498
3 283131
3 304020
3 258282
3 265311
3 326259
3 336447
3 122364
3 331857
3 360387
3 304533
3 317988
3 246969
3 223227
3 241812
3 352062
3 332982
3 208395
3 149229
3 290646
3 337572
3 315594
3 310482
3 361845
3 146385
3 239940
3 270837
3 337869
3 298188
3 253521
3 311967
