2 0.99
2.1 0.989833
2.2 0.989667
2.3 0.9895
2.4 0.989333
2.5 0.989167
2.6 0.989
2.7 0.988833
2.8 0.988667
2.9 0.9885
3 0.988333
3.1 0.986533
3.2 0.984733
3.3 0.982933
3.4 0.981133
3.5 0.979333
3.6 0.977533
3.7 0.975733
3.8 0.973933
3.9 0.972133
4 0.970333
4.1 0.968033
4.2 0.965733
4.3 0.963433
4.4 0.961133
4.5 0.958833
4.6 0.956533
4.7 0.954233
4.8 0.951933
4.9 0.949633
5 0.947333
5.1 0.9439
5.2 0.940467
5.3 0.937033
5.4 0.9336
5.5 0.930167
5.6 0.926733
5.7 0.9233
5.8 0.919867
5.9 0.916433
6 0.913
6.1 0.9079
6.2 0.9028
6.3 0.8977
6.4 0.8926
6.5 0.8875
6.6 0.8824
6.7 0.8773
6.8 0.8722
6.9 0.8671
7 0.862
7.1 0.855267
7.2 0.848533
7.3 0.8418
7.4 0.835067
7.5 0.828333
7.6 0.8216
7.7 0.814867
7.8 0.808133
7.9 0.8014
8 0.794667
8.1 0.783867
8.2 0.773067
8.3 0.762267
8.4 0.751467
8.5 0.740667
8.6 0.729867
8.7 0.719067
8.8 0.708267
8.9 0.697467
9 0.686667
9.1 0.6799
9.2 0.673133
9.3 0.666367
9.4 0.6596
9.5 0.652833
9.6 0.646067
9.7 0.6393
9.8 0.632533
9.9 0.625767
10 0.619
10.1 0.607833
10.2 0.596667
10.3 0.5855
10.4 0.574333
10.5 0.563167
10.6 0.552
10.7 0.540833
10.8 0.529667
10.9 0.5185
11 0.507333
11.1 0.493267
11.2 0.4792
11.3 0.465133
11.4 0.451067
11.5 0.437
11.6 0.422933
11.7 0.408867
11.8 0.3948
11.9 0.380733
12 0.366667
12.1 0.3571
12.2 0.347533
12.3 0.337967
12.4 0.3284
12.5 0.318833
12.6 0.309267
12.7 0.2997
12.8 0.290133
12.9 0.280567
13 0.271
13.1 0.2636
13.2 0.2562
13.3 0.2488
13.4 0.2414
13.5 0.234
13.6 0.2266
13.7 0.2192
13.8 0.2118
13.9 0.2044
14 0.197
14.1 0.189767
14.2 0.182533
14.3 0.1753
14.4 0.168067
14.5 0.160833
14.6 0.1536
14.7 0.146367
14.8 0.139133
14.9 0.1319
15 0.124667
15.1 0.1195
15.2 0.114333
15.3 0.109167
15.4 0.104
15.5 0.0988333
15.6 0.0936667
15.7 0.0885
15.8 0.0833333
15.9 0.0781667
16 0.073
16.1 0.0704667
16.2 0.0679333
16.3 0.0654
16.4 0.0628667
16.5 0.0603333
16.6 0.0578
16.7 0.0552667
16.8 0.0527333
16.9 0.0502
17 0.0476667
17.1 0.0452667
17.2 0.0428667
17.3 0.0404667
17.4 0.0380667
17.5 0.0356667
17.6 0.0332667
17.7 0.0308667
17.8 0.0284667
17.9 0.0260667
18 0.0236667
18.1 0.0225667
18.2 0.0214667
18.3 0.0203667
18.4 0.0192667
18.5 0.0181667
18.6 0.0170667
18.7 0.0159667
18.8 0.0148667
18.9 0.0137667
19 0.0126667
19.1 0.0120667
19.2 0.0114667
19.3 0.0108667
19.4 0.0102667
19.5 0.00966667
19.6 0.00906667
19.7 0.00846667
19.8 0.00786667
19.9 0.00726667
20 0.00666667
20.1 0.0062
20.2 0.00573333
20.3 0.00526667
20.4 0.0048
20.5 0.00433333
20.6 0.00386667
20.7 0.0034
20.8 0.00293333
20.9 0.00246667
21 0.002
21.1 0.0019
21.2 0.0018
21.3 0.0017
21.4 0.0016
21.5 0.0015
21.6 0.0014
21.7 0.0013
21.8 0.0012
21.9 0.0011
22 0.001
22.1 0.000933333
22.2 0.000866667
22.3 0.0008
22.4 0.000733333
22.5 0.000666667
22.6 0.0006
22.7 0.000533333
22.8 0.000466667
22.9 0.0004
23 0.000333333
23.1 0.0003
23.2 0.000266667
23.3 0.000233333
23.4 0.0002
23.5 0.000166667
23.6 0.000133333
23.7 0.0001
23.8 6.66667e-05
23.9 3.33333e-05
24 0
24.1 0
24.2 0
24.3 0
24.4 0
24.5 0
24.6 0
24.7 0
24.8 0
24.9 0
25 0
25.1 0
25.2 0
25.3 0
25.4 0
25.5 0
25.6 0
25.7 0
25.8 0
25.9 0
26 0
26.1 0
26.2 0
26.3 0
26.4 0
26.5 0
26.6 0
26.7 0
26.8 0
26.9 0
27 0
27.1 0
27.2 0
27.3 0
27.4 0
27.5 0
27.6 0
27.7 0
27.8 0
27.9 0
28 0
28.1 0
28.2 0
28.3 0
28.4 0
28.5 0
28.6 0
28.7 0
28.8 0
28.9 0
29 0
29.1 0
29.2 0
29.3 0
29.4 0
29.5 0
29.6 0
29.7 0
29.8 0
29.9 0
30 0
30.1 0
30.2 0
30.3 0
30.4 0
30.5 0
30.6 0
30.7 0
30.8 0
30.9 0
31 0
31.1 0
31.2 0
31.3 0
31.4 0
31.5 0
31.6 0
31.7 0
31.8 0
31.9 0
32 0
32.1 0
32.2 0
32.3 0
32.4 0
32.5 0
32.6 0
32.7 0
32.8 0
32.9 0
33 0
33.1 0
33.2 0
33.3 0
33.4 0
33.5 0
33.6 0
33.7 0
33.8 0
33.9 0
34 0
34.1 0
34.2 0
34.3 0
34.4 0
34.5 0
34.6 0
34.7 0
34.8 0
34.9 0
35 0
