2 0.9416
2.1 0.93698
2.2 0.93236
2.3 0.92774
2.4 0.92312
2.5 0.9185
2.6 0.91388
2.7 0.90926
2.8 0.90464
2.9 0.90002
3 0.8954
3.1 0.88914
3.2 0.88288
3.3 0.87662
3.4 0.87036
3.5 0.8641
3.6 0.85784
3.7 0.85158
3.8 0.84532
3.9 0.83906
4 0.8328
4.1 0.82598
4.2 0.81916
4.3 0.81234
4.4 0.80552
4.5 0.7987
4.6 0.79188
4.7 0.78506
4.8 0.77824
4.9 0.77142
5 0.7646
5.1 0.75392
5.2 0.74324
5.3 0.73256
5.4 0.72188
5.5 0.7112
5.6 0.70052
5.7 0.68984
5.8 0.67916
5.9 0.66848
6 0.6578
6.1 0.64636
6.2 0.63492
6.3 0.62348
6.4 0.61204
6.5 0.6006
6.6 0.58916
6.7 0.57772
6.8 0.56628
6.9 0.55484
7 0.5434
7.1 0.53292
7.2 0.52244
7.3 0.51196
7.4 0.50148
7.5 0.491
7.6 0.48052
7.7 0.47004
7.8 0.45956
7.9 0.44908
8 0.4386
8.1 0.42718
8.2 0.41576
8.3 0.40434
8.4 0.39292
8.5 0.3815
8.6 0.37008
8.7 0.35866
8.8 0.34724
8.9 0.33582
9 0.3244
9.1 0.31518
9.2 0.30596
9.3 0.29674
9.4 0.28752
9.5 0.2783
9.6 0.26908
9.7 0.25986
9.8 0.25064
9.9 0.24142
10 0.2322
10.1 0.22468
10.2 0.21716
10.3 0.20964
10.4 0.20212
10.5 0.1946
10.6 0.18708
10.7 0.17956
10.8 0.17204
10.9 0.16452
11 0.157
11.1 0.1519
11.2 0.1468
11.3 0.1417
11.4 0.1366
11.5 0.1315
11.6 0.1264
11.7 0.1213
11.8 0.1162
11.9 0.1111
12 0.106
12.1 0.10126
12.2 0.09652
12.3 0.09178
12.4 0.08704
12.5 0.0823
12.6 0.07756
12.7 0.07282
12.8 0.06808
12.9 0.06334
13 0.0586
13.1 0.0563
13.2 0.054
13.3 0.0517
13.4 0.0494
13.5 0.0471
13.6 0.0448
13.7 0.0425
13.8 0.0402
13.9 0.0379
14 0.0356
14.1 0.03392
14.2 0.03224
14.3 0.03056
14.4 0.02888
14.5 0.0272
14.6 0.02552
14.7 0.02384
14.8 0.02216
14.9 0.02048
15 0.0188
15.1 0.01806
15.2 0.01732
15.3 0.01658
15.4 0.01584
15.5 0.0151
15.6 0.01436
15.7 0.01362
15.8 0.01288
15.9 0.01214
16 0.0114
16.1 0.01092
16.2 0.01044
16.3 0.00996
16.4 0.00948
16.5 0.009
16.6 0.00852
16.7 0.00804
16.8 0.00756
16.9 0.00708
17 0.0066
17.1 0.00616
17.2 0.00572
17.3 0.00528
17.4 0.00484
17.5 0.0044
17.6 0.00396
17.7 0.00352
17.8 0.00308
17.9 0.00264
18 0.0022
18.1 0.00214
18.2 0.00208
18.3 0.00202
18.4 0.00196
18.5 0.0019
18.6 0.00184
18.7 0.00178
18.8 0.00172
18.9 0.00166
19 0.0016
19.1 0.00146
19.2 0.00132
19.3 0.00118
19.4 0.00104
19.5 0.0009
19.6 0.00076
19.7 0.00062
19.8 0.00048
19.9 0.00034
20 0.0002
20.1 0.00018
20.2 0.00016
20.3 0.00014
20.4 0.00012
20.5 0.0001
20.6 8e-05
20.7 6e-05
20.8 4e-05
20.9 2e-05
21 0
21.1 0
21.2 0
21.3 0
21.4 0
21.5 0
21.6 0
21.7 0
21.8 0
21.9 0
22 0
22.1 0
22.2 0
22.3 0
22.4 0
22.5 0
22.6 0
22.7 0
22.8 0
22.9 0
23 0
23.1 0
23.2 0
23.3 0
23.4 0
23.5 0
23.6 0
23.7 0
23.8 0
23.9 0
24 0
24.1 0
24.2 0
24.3 0
24.4 0
24.5 0
24.6 0
24.7 0
24.8 0
24.9 0
25 0
25.1 0
25.2 0
25.3 0
25.4 0
25.5 0
25.6 0
25.7 0
25.8 0
25.9 0
26 0
26.1 0
26.2 0
26.3 0
26.4 0
26.5 0
26.6 0
26.7 0
26.8 0
26.9 0
27 0
27.1 0
27.2 0
27.3 0
27.4 0
27.5 0
27.6 0
27.7 0
27.8 0
27.9 0
28 0
28.1 0
28.2 0
28.3 0
28.4 0
28.5 0
28.6 0
28.7 0
28.8 0
28.9 0
29 0
29.1 0
29.2 0
29.3 0
29.4 0
29.5 0
29.6 0
29.7 0
29.8 0
29.9 0
30 0
30.1 0
30.2 0
30.3 0
30.4 0
30.5 0
30.6 0
30.7 0
30.8 0
30.9 0
31 0
31.1 0
31.2 0
31.3 0
31.4 0
31.5 0
31.6 0
31.7 0
31.8 0
31.9 0
32 0
32.1 0
32.2 0
32.3 0
32.4 0
32.5 0
32.6 0
32.7 0
32.8 0
32.9 0
33 0
33.1 0
33.2 0
33.3 0
33.4 0
33.5 0
33.6 0
33.7 0
33.8 0
33.9 0
34 0
34.1 0
34.2 0
34.3 0
34.4 0
34.5 0
34.6 0
34.7 0
34.8 0
34.9 0
35 0
