2 1
2.1 1
2.2 1
2.3 1
2.4 1
2.5 1
2.6 1
2.7 1
2.8 1
2.9 1
3 1
3.1 1
3.2 1
3.3 1
3.4 1
3.5 1
3.6 1
3.7 1
3.8 1
3.9 1
4 1
4.1 1
4.2 1
4.3 1
4.4 1
4.5 1
4.6 1
4.7 1
4.8 1
4.9 1
5 1
5.1 1
5.2 1
5.3 1
5.4 1
5.5 1
5.6 1
5.7 1
5.8 1
5.9 1
6 1
6.1 0.9999
6.2 0.9998
6.3 0.9997
6.4 0.9996
6.5 0.9995
6.6 0.9994
6.7 0.9993
6.8 0.9992
6.9 0.9991
7 0.999
7.1 0.998967
7.2 0.998933
7.3 0.9989
7.4 0.998867
7.5 0.998833
7.6 0.9988
7.7 0.998767
7.8 0.998733
7.9 0.9987
8 0.998667
8.1 0.9985
8.2 0.998333
8.3 0.998167
8.4 0.998
8.5 0.997833
8.6 0.997667
8.7 0.9975
8.8 0.997333
8.9 0.997167
9 0.997
9.1 0.996667
9.2 0.996333
9.3 0.996
9.4 0.995667
9.5 0.995333
9.6 0.995
9.7 0.994667
9.8 0.994333
9.9 0.994
10 0.993667
10.1 0.992333
10.2 0.991
10.3 0.989667
10.4 0.988333
10.5 0.987
10.6 0.985667
10.7 0.984333
10.8 0.983
10.9 0.981667
11 0.980333
11.1 0.979267
11.2 0.9782
11.3 0.977133
11.4 0.976067
11.5 0.975
11.6 0.973933
11.7 0.972867
11.8 0.9718
11.9 0.970733
12 0.969667
12.1 0.9673
12.2 0.964933
12.3 0.962567
12.4 0.9602
12.5 0.957833
12.6 0.955467
12.7 0.9531
12.8 0.950733
12.9 0.948367
13 0.946
13.1 0.943033
13.2 0.940067
13.3 0.9371
13.4 0.934133
13.5 0.931167
13.6 0.9282
13.7 0.925233
13.8 0.922267
13.9 0.9193
14 0.916333
14.1 0.9121
14.2 0.907867
14.3 0.903633
14.4 0.8994
14.5 0.895167
14.6 0.890933
14.7 0.8867
14.8 0.882467
14.9 0.878233
15 0.874
15.1 0.868267
15.2 0.862533
15.3 0.8568
15.4 0.851067
15.5 0.845333
15.6 0.8396
15.7 0.833867
15.8 0.828133
15.9 0.8224
16 0.816667
16.1 0.8088
16.2 0.800933
16.3 0.793067
16.4 0.7852
16.5 0.777333
16.6 0.769467
16.7 0.7616
16.8 0.753733
16.9 0.745867
17 0.738
17.1 0.7258
17.2 0.7136
17.3 0.7014
17.4 0.6892
17.5 0.677
17.6 0.6648
17.7 0.6526
17.8 0.6404
17.9 0.6282
18 0.616
18.1 0.6096
18.2 0.6032
18.3 0.5968
18.4 0.5904
18.5 0.584
18.6 0.5776
18.7 0.5712
18.8 0.5648
18.9 0.5584
19 0.552
19.1 0.541367
19.2 0.530733
19.3 0.5201
19.4 0.509467
19.5 0.498833
19.6 0.4882
19.7 0.477567
19.8 0.466933
19.9 0.4563
20 0.445667
20.1 0.4358
20.2 0.425933
20.3 0.416067
20.4 0.4062
20.5 0.396333
20.6 0.386467
20.7 0.3766
20.8 0.366733
20.9 0.356867
21 0.347
21.1 0.3392
21.2 0.3314
21.3 0.3236
21.4 0.3158
21.5 0.308
21.6 0.3002
21.7 0.2924
21.8 0.2846
21.9 0.2768
22 0.269
22.1 0.2614
22.2 0.2538
22.3 0.2462
22.4 0.2386
22.5 0.231
22.6 0.2234
22.7 0.2158
22.8 0.2082
22.9 0.2006
23 0.193
23.1 0.186633
23.2 0.180267
23.3 0.1739
23.4 0.167533
23.5 0.161167
23.6 0.1548
23.7 0.148433
23.8 0.142067
23.9 0.1357
24 0.129333
24.1 0.124767
24.2 0.1202
24.3 0.115633
24.4 0.111067
24.5 0.1065
24.6 0.101933
24.7 0.0973667
24.8 0.0928
24.9 0.0882333
25 0.0836667
25.1 0.0808667
25.2 0.0780667
25.3 0.0752667
25.4 0.0724667
25.5 0.0696667
25.6 0.0668667
25.7 0.0640667
25.8 0.0612667
25.9 0.0584667
26 0.0556667
26.1 0.0535
26.2 0.0513333
26.3 0.0491667
26.4 0.047
26.5 0.0448333
26.6 0.0426667
26.7 0.0405
26.8 0.0383333
26.9 0.0361667
27 0.034
27.1 0.0334667
27.2 0.0329333
27.3 0.0324
27.4 0.0318667
27.5 0.0313333
27.6 0.0308
27.7 0.0302667
27.8 0.0297333
27.9 0.0292
28 0.0286667
28.1 0.0271333
28.2 0.0256
28.3 0.0240667
28.4 0.0225333
28.5 0.021
28.6 0.0194667
28.7 0.0179333
28.8 0.0164
28.9 0.0148667
29 0.0133333
29.1 0.0126
29.2 0.0118667
29.3 0.0111333
29.4 0.0104
29.5 0.00966667
29.6 0.00893333
29.7 0.0082
29.8 0.00746667
29.9 0.00673333
30 0.006
30.1 0.00613333
30.2 0.00626667
30.3 0.0064
30.4 0.00653333
30.5 0.00666667
30.6 0.0068
30.7 0.00693333
30.8 0.00706667
30.9 0.0072
31 0.00733333
31.1 0.00686667
31.2 0.0064
31.3 0.00593333
31.4 0.00546667
31.5 0.005
31.6 0.00453333
31.7 0.00406667
31.8 0.0036
31.9 0.00313333
32 0.00266667
32.1 0.00256667
32.2 0.00246667
32.3 0.00236667
32.4 0.00226667
32.5 0.00216667
32.6 0.00206667
32.7 0.00196667
32.8 0.00186667
32.9 0.00176667
33 0.00166667
33.1 0.00153333
33.2 0.0014
33.3 0.00126667
33.4 0.00113333
33.5 0.001
33.6 0.000866667
33.7 0.000733333
33.8 0.0006
33.9 0.000466667
34 0.000333333
34.1 0.000333333
34.2 0.000333333
34.3 0.000333333
34.4 0.000333333
34.5 0.000333333
34.6 0.000333333
34.7 0.000333333
34.8 0.000333333
34.9 0.000333333
35 0.000333333
