5 0.9715
5.1 0.9686
5.2 0.9657
5.3 0.9628
5.4 0.9599
5.5 0.957
5.6 0.95
5.7 0.943
5.8 0.936
5.9 0.929
6 0.922
6.1 0.9117
6.2 0.9014
6.3 0.8911
6.4 0.8808
6.5 0.8705
6.6 0.8593
6.7 0.8481
6.8 0.8369
6.9 0.8257
7 0.8145
7.1 0.8003
7.2 0.7861
7.3 0.7719
7.4 0.7577
7.5 0.7435
7.6 0.7268
7.7 0.7101
7.8 0.6934
7.9 0.6767
8 0.66
8.1 0.6378
8.2 0.6156
8.3 0.5934
8.4 0.5712
8.5 0.549
8.6 0.5318
8.7 0.5146
8.8 0.4974
8.9 0.4802
9 0.463
9.1 0.442
9.2 0.421
9.3 0.4
9.4 0.379
9.5 0.358
9.6 0.3411
9.7 0.3242
9.8 0.3073
9.9 0.2904
10 0.2735
10.1 0.2586
10.2 0.2437
10.3 0.2288
10.4 0.2139
10.5 0.199
10.6 0.1836
10.7 0.1682
10.8 0.1528
10.9 0.1374
11 0.122
11.1 0.1155
11.2 0.109
11.3 0.1025
11.4 0.096
11.5 0.0895
11.6 0.0839
11.7 0.0783
11.8 0.0727
11.9 0.0671
12 0.0615
12.1 0.0557
12.2 0.0499
12.3 0.0441
12.4 0.0383
12.5 0.0325
12.6 0.03
12.7 0.0275
12.8 0.025
12.9 0.0225
13 0.02
13.1 0.0185
13.2 0.017
13.3 0.0155
13.4 0.014
13.5 0.0125
13.6 0.0114
13.7 0.0103
13.8 0.0092
13.9 0.0081
14 0.007
14.1 0.0062
14.2 0.0054
14.3 0.0046
14.4 0.0038
14.5 0.003
14.6 0.0025
14.7 0.002
14.8 0.0015
14.9 0.001
15 0.0005
15.1 0.0006
15.2 0.0007
15.3 0.0008
15.4 0.0009
15.5 0.001
15.6 0.0008
15.7 0.0006
15.8 0.0004
15.9 0.0002
16 0
16.1 0
16.2 0
16.3 0
16.4 0
16.5 0
16.6 0
16.7 0
16.8 0
16.9 0
17 0
17.1 0
17.2 0
17.3 0
17.4 0
17.5 0
17.6 0
17.7 0
17.8 0
17.9 0
18 0
18.1 0
18.2 0
18.3 0
18.4 0
18.5 0
18.6 0
18.7 0
18.8 0
18.9 0
19 0
19.1 0
19.2 0
19.3 0
19.4 0
19.5 0
19.6 0
19.7 0
19.8 0
19.9 0
20 0
20.1 0
20.2 0
20.3 0
20.4 0
20.5 0
20.6 0
20.7 0
20.8 0
20.9 0
21 0
21.1 0
21.2 0
21.3 0
21.4 0
21.5 0
21.6 0
21.7 0
21.8 0
21.9 0
22 0
22.1 0
22.2 0
22.3 0
22.4 0
22.5 0
22.6 0
22.7 0
22.8 0
22.9 0
23 0
23.1 0
23.2 0
23.3 0
23.4 0
23.5 0
23.6 0
23.7 0
23.8 0
23.9 0
24 0
24.1 0
24.2 0
24.3 0
24.4 0
24.5 0
24.6 0
24.7 0
24.8 0
24.9 0
25 0
25.1 0
25.2 0
25.3 0
25.4 0
25.5 0
25.6 0
25.7 0
25.8 0
25.9 0
26 0
26.1 0
26.2 0
26.3 0
26.4 0
26.5 0
26.6 0
26.7 0
26.8 0
26.9 0
27 0
27.1 0
27.2 0
27.3 0
27.4 0
27.5 0
27.6 0
27.7 0
27.8 0
27.9 0
28 0
28.1 0
28.2 0
28.3 0
28.4 0
28.5 0
28.6 0
28.7 0
28.8 0
28.9 0
29 0
29.1 0
29.2 0
29.3 0
29.4 0
29.5 0
29.6 0
29.7 0
29.8 0
29.9 0
30 0
