5 0.993
5.1 0.9916
5.2 0.9902
5.3 0.9888
5.4 0.9874
5.5 0.986
5.6 0.9845
5.7 0.983
5.8 0.9815
5.9 0.98
6 0.9785
6.1 0.9739
6.2 0.9693
6.3 0.9647
6.4 0.9601
6.5 0.9555
6.6 0.9502
6.7 0.9449
6.8 0.9396
6.9 0.9343
7 0.929
7.1 0.9225
7.2 0.916
7.3 0.9095
7.4 0.903
7.5 0.8965
7.6 0.8847
7.7 0.8729
7.8 0.8611
7.9 0.8493
8 0.8375
8.1 0.8219
8.2 0.8063
8.3 0.7907
8.4 0.7751
8.5 0.7595
8.6 0.7437
8.7 0.7279
8.8 0.7121
8.9 0.6963
9 0.6805
9.1 0.6602
9.2 0.6399
9.3 0.6196
9.4 0.5993
9.5 0.579
9.6 0.5602
9.7 0.5414
9.8 0.5226
9.9 0.5038
10 0.485
10.1 0.466
10.2 0.447
10.3 0.428
10.4 0.409
10.5 0.39
10.6 0.369
10.7 0.348
10.8 0.327
10.9 0.306
11 0.285
11.1 0.2683
11.2 0.2516
11.3 0.2349
11.4 0.2182
11.5 0.2015
11.6 0.1904
11.7 0.1793
11.8 0.1682
11.9 0.1571
12 0.146
12.1 0.1373
12.2 0.1286
12.3 0.1199
12.4 0.1112
12.5 0.1025
12.6 0.0965
12.7 0.0905
12.8 0.0845
12.9 0.0785
13 0.0725
13.1 0.0669
13.2 0.0613
13.3 0.0557
13.4 0.0501
13.5 0.0445
13.6 0.0402
13.7 0.0359
13.8 0.0316
13.9 0.0273
14 0.023
14.1 0.0205
14.2 0.018
14.3 0.0155
14.4 0.013
14.5 0.0105
14.6 0.0094
14.7 0.0083
14.8 0.0072
14.9 0.0061
15 0.005
15.1 0.0045
15.2 0.004
15.3 0.0035
15.4 0.003
15.5 0.0025
15.6 0.0021
15.7 0.0017
15.8 0.0013
15.9 0.0009
16 0.0005
16.1 0.0007
16.2 0.0009
16.3 0.0011
16.4 0.0013
16.5 0.0015
16.6 0.0012
16.7 0.0009
16.8 0.0006
16.9 0.0003
17 0
17.1 0.0001
17.2 0.0002
17.3 0.0003
17.4 0.0004
17.5 0.0005
17.6 0.0004
17.7 0.0003
17.8 0.0002
17.9 0.0001
18 0
18.1 0
18.2 0
18.3 0
18.4 0
18.5 0
18.6 0
18.7 0
18.8 0
18.9 0
19 0
19.1 0
19.2 0
19.3 0
19.4 0
19.5 0
19.6 0
19.7 0
19.8 0
19.9 0
20 0
20.1 0
20.2 0
20.3 0
20.4 0
20.5 0
20.6 0
20.7 0
20.8 0
20.9 0
21 0
21.1 0
21.2 0
21.3 0
21.4 0
21.5 0
21.6 0
21.7 0
21.8 0
21.9 0
22 0
22.1 0
22.2 0
22.3 0
22.4 0
22.5 0
22.6 0
22.7 0
22.8 0
22.9 0
23 0
23.1 0
23.2 0
23.3 0
23.4 0
23.5 0
23.6 0
23.7 0
23.8 0
23.9 0
24 0
24.1 0
24.2 0
24.3 0
24.4 0
24.5 0
24.6 0
24.7 0
24.8 0
24.9 0
25 0
25.1 0
25.2 0
25.3 0
25.4 0
25.5 0
25.6 0
25.7 0
25.8 0
25.9 0
26 0
26.1 0
26.2 0
26.3 0
26.4 0
26.5 0
26.6 0
26.7 0
26.8 0
26.9 0
27 0
27.1 0
27.2 0
27.3 0
27.4 0
27.5 0
27.6 0
27.7 0
27.8 0
27.9 0
28 0
28.1 0
28.2 0
28.3 0
28.4 0
28.5 0
28.6 0
28.7 0
28.8 0
28.9 0
29 0
29.1 0
29.2 0
29.3 0
29.4 0
29.5 0
29.6 0
29.7 0
29.8 0
29.9 0
30 0
