5 1
5.1 1
5.2 1
5.3 1
5.4 1
5.5 1
5.6 1
5.7 1
5.8 1
5.9 1
6 1
6.1 1
6.2 1
6.3 1
6.4 1
6.5 1
6.6 1
6.7 1
6.8 1
6.9 1
7 1
7.1 1
7.2 1
7.3 1
7.4 1
7.5 1
7.6 1
7.7 1
7.8 1
7.9 1
8 1
8.1 0.9997
8.2 0.9994
8.3 0.9991
8.4 0.9988
8.5 0.9985
8.6 0.9981
8.7 0.9977
8.8 0.9973
8.9 0.9969
9 0.9965
9.1 0.9963
9.2 0.9961
9.3 0.9959
9.4 0.9957
9.5 0.9955
9.6 0.9954
9.7 0.9953
9.8 0.9952
9.9 0.9951
10 0.995
10.1 0.9923
10.2 0.9896
10.3 0.9869
10.4 0.9842
10.5 0.9815
10.6 0.9789
10.7 0.9763
10.8 0.9737
10.9 0.9711
11 0.9685
11.1 0.9643
11.2 0.9601
11.3 0.9559
11.4 0.9517
11.5 0.9475
11.6 0.9427
11.7 0.9379
11.8 0.9331
11.9 0.9283
12 0.9235
12.1 0.918
12.2 0.9125
12.3 0.907
12.4 0.9015
12.5 0.896
12.6 0.8863
12.7 0.8766
12.8 0.8669
12.9 0.8572
13 0.8475
13.1 0.8391
13.2 0.8307
13.3 0.8223
13.4 0.8139
13.5 0.8055
13.6 0.7923
13.7 0.7791
13.8 0.7659
13.9 0.7527
14 0.7395
14.1 0.726
14.2 0.7125
14.3 0.699
14.4 0.6855
14.5 0.672
14.6 0.6607
14.7 0.6494
14.8 0.6381
14.9 0.6268
15 0.6155
15.1 0.6
15.2 0.5845
15.3 0.569
15.4 0.5535
15.5 0.538
15.6 0.5219
15.7 0.5058
15.8 0.4897
15.9 0.4736
16 0.4575
16.1 0.441
16.2 0.4245
16.3 0.408
16.4 0.3915
16.5 0.375
16.6 0.3621
16.7 0.3492
16.8 0.3363
16.9 0.3234
17 0.3105
17.1 0.2977
17.2 0.2849
17.3 0.2721
17.4 0.2593
17.5 0.2465
17.6 0.2364
17.7 0.2263
17.8 0.2162
17.9 0.2061
18 0.196
18.1 0.1873
18.2 0.1786
18.3 0.1699
18.4 0.1612
18.5 0.1525
18.6 0.1455
18.7 0.1385
18.8 0.1315
18.9 0.1245
19 0.1175
19.1 0.1094
19.2 0.1013
19.3 0.0932
19.4 0.0851
19.5 0.077
19.6 0.0732
19.7 0.0694
19.8 0.0656
19.9 0.0618
20 0.058
20.1 0.0555
20.2 0.053
20.3 0.0505
20.4 0.048
20.5 0.0455
20.6 0.0418
20.7 0.0381
20.8 0.0344
20.9 0.0307
21 0.027
21.1 0.0256
21.2 0.0242
21.3 0.0228
21.4 0.0214
21.5 0.02
21.6 0.0196
21.7 0.0192
21.8 0.0188
21.9 0.0184
22 0.018
22.1 0.0159
22.2 0.0138
22.3 0.0117
22.4 0.0096
22.5 0.0075
22.6 0.0075
22.7 0.0075
22.8 0.0075
22.9 0.0075
23 0.0075
23.1 0.0067
23.2 0.0059
23.3 0.0051
23.4 0.0043
23.5 0.0035
23.6 0.0035
23.7 0.0035
23.8 0.0035
23.9 0.0035
24 0.0035
24.1 0.0032
24.2 0.0029
24.3 0.0026
24.4 0.0023
24.5 0.002
24.6 0.0016
24.7 0.0012
24.8 0.0008
24.9 0.0004
25 0
25.1 0
25.2 0
25.3 0
25.4 0
25.5 0
25.6 0.0002
25.7 0.0004
25.8 0.0006
25.9 0.0008
26 0.001
26.1 0.0008
26.2 0.0006
26.3 0.0004
26.4 0.0002
26.5 0
26.6 0
26.7 0
26.8 0
26.9 0
27 0
27.1 0
27.2 0
27.3 0
27.4 0
27.5 0
27.6 0
27.7 0
27.8 0
27.9 0
28 0
28.1 0
28.2 0
28.3 0
28.4 0
28.5 0
28.6 0
28.7 0
28.8 0
28.9 0
29 0
29.1 0
29.2 0
29.3 0
29.4 0
29.5 0
29.6 0
29.7 0
29.8 0
29.9 0
30 0
