2 1
2.1 1
2.2 1
2.3 1
2.4 1
2.5 1
2.6 1
2.7 1
2.8 1
2.9 1
3 1
3.1 1
3.2 1
3.3 1
3.4 1
3.5 1
3.6 1
3.7 1
3.8 1
3.9 1
4 1
4.1 1
4.2 1
4.3 1
4.4 1
4.5 1
4.6 1
4.7 1
4.8 1
4.9 1
5 1
5.1 1
5.2 1
5.3 1
5.4 1
5.5 1
5.6 1
5.7 1
5.8 1
5.9 1
6 1
6.1 1
6.2 1
6.3 1
6.4 1
6.5 1
6.6 1
6.7 1
6.8 1
6.9 1
7 1
7.1 1
7.2 1
7.3 1
7.4 1
7.5 1
7.6 1
7.7 1
7.8 1
7.9 1
8 1
8.1 1
8.2 1
8.3 1
8.4 1
8.5 1
8.6 1
8.7 1
8.8 1
8.9 1
9 1
9.1 1
9.2 1
9.3 1
9.4 1
9.5 1
9.6 1
9.7 1
9.8 1
9.9 1
10 1
10.1 1
10.2 1
10.3 1
10.4 1
10.5 1
10.6 1
10.7 1
10.8 1
10.9 1
11 1
11.1 0.99998
11.2 0.99996
11.3 0.99994
11.4 0.99992
11.5 0.9999
11.6 0.99988
11.7 0.99986
11.8 0.99984
11.9 0.99982
12 0.9998
12.1 0.9996
12.2 0.9994
12.3 0.9992
12.4 0.999
12.5 0.9988
12.6 0.9986
12.7 0.9984
12.8 0.9982
12.9 0.998
13 0.9978
13.1 0.99742
13.2 0.99704
13.3 0.99666
13.4 0.99628
13.5 0.9959
13.6 0.99552
13.7 0.99514
13.8 0.99476
13.9 0.99438
14 0.994
14.1 0.99354
14.2 0.99308
14.3 0.99262
14.4 0.99216
14.5 0.9917
14.6 0.99124
14.7 0.99078
14.8 0.99032
14.9 0.98986
15 0.9894
15.1 0.98856
15.2 0.98772
15.3 0.98688
15.4 0.98604
15.5 0.9852
15.6 0.98436
15.7 0.98352
15.8 0.98268
15.9 0.98184
16 0.981
16.1 0.97926
16.2 0.97752
16.3 0.97578
16.4 0.97404
16.5 0.9723
16.6 0.97056
16.7 0.96882
16.8 0.96708
16.9 0.96534
17 0.9636
17.1 0.9616
17.2 0.9596
17.3 0.9576
17.4 0.9556
17.5 0.9536
17.6 0.9516
17.7 0.9496
17.8 0.9476
17.9 0.9456
18 0.9436
18.1 0.94126
18.2 0.93892
18.3 0.93658
18.4 0.93424
18.5 0.9319
18.6 0.92956
18.7 0.92722
18.8 0.92488
18.9 0.92254
19 0.9202
19.1 0.91596
19.2 0.91172
19.3 0.90748
19.4 0.90324
19.5 0.899
19.6 0.89476
19.7 0.89052
19.8 0.88628
19.9 0.88204
20 0.8778
20.1 0.87326
20.2 0.86872
20.3 0.86418
20.4 0.85964
20.5 0.8551
20.6 0.85056
20.7 0.84602
20.8 0.84148
20.9 0.83694
21 0.8324
21.1 0.82652
21.2 0.82064
21.3 0.81476
21.4 0.80888
21.5 0.803
21.6 0.79712
21.7 0.79124
21.8 0.78536
21.9 0.77948
22 0.7736
22.1 0.76556
22.2 0.75752
22.3 0.74948
22.4 0.74144
22.5 0.7334
22.6 0.72536
22.7 0.71732
22.8 0.70928
22.9 0.70124
23 0.6932
23.1 0.6859
23.2 0.6786
23.3 0.6713
23.4 0.664
23.5 0.6567
23.6 0.6494
23.7 0.6421
23.8 0.6348
23.9 0.6275
24 0.6202
24.1 0.61432
24.2 0.60844
24.3 0.60256
24.4 0.59668
24.5 0.5908
24.6 0.58492
24.7 0.57904
24.8 0.57316
24.9 0.56728
25 0.5614
25.1 0.55318
25.2 0.54496
25.3 0.53674
25.4 0.52852
25.5 0.5203
25.6 0.51208
25.7 0.50386
25.8 0.49564
25.9 0.48742
26 0.4792
26.1 0.47098
26.2 0.46276
26.3 0.45454
26.4 0.44632
26.5 0.4381
26.6 0.42988
26.7 0.42166
26.8 0.41344
26.9 0.40522
27 0.397
27.1 0.38874
27.2 0.38048
27.3 0.37222
27.4 0.36396
27.5 0.3557
27.6 0.34744
27.7 0.33918
27.8 0.33092
27.9 0.32266
28 0.3144
28.1 0.30754
28.2 0.30068
28.3 0.29382
28.4 0.28696
28.5 0.2801
28.6 0.27324
28.7 0.26638
28.8 0.25952
28.9 0.25266
29 0.2458
29.1 0.24134
29.2 0.23688
29.3 0.23242
29.4 0.22796
29.5 0.2235
29.6 0.21904
29.7 0.21458
29.8 0.21012
29.9 0.20566
30 0.2012
30.1 0.1957
30.2 0.1902
30.3 0.1847
30.4 0.1792
30.5 0.1737
30.6 0.1682
30.7 0.1627
30.8 0.1572
30.9 0.1517
31 0.1462
31.1 0.14252
31.2 0.13884
31.3 0.13516
31.4 0.13148
31.5 0.1278
31.6 0.12412
31.7 0.12044
31.8 0.11676
31.9 0.11308
32 0.1094
32.1 0.10638
32.2 0.10336
32.3 0.10034
32.4 0.09732
32.5 0.0943
32.6 0.09128
32.7 0.08826
32.8 0.08524
32.9 0.08222
33 0.0792
33.1 0.07644
33.2 0.07368
33.3 0.07092
33.4 0.06816
33.5 0.0654
33.6 0.06264
33.7 0.05988
33.8 0.05712
33.9 0.05436
34 0.0516
34.1 0.05004
34.2 0.04848
34.3 0.04692
34.4 0.04536
34.5 0.0438
34.6 0.04224
34.7 0.04068
34.8 0.03912
34.9 0.03756
35 0.036
