5 1
5.1 1
5.2 1
5.3 1
5.4 1
5.5 1
5.6 1
5.7 1
5.8 1
5.9 1
6 1
6.1 1
6.2 1
6.3 1
6.4 1
6.5 1
6.6 0.9999
6.7 0.9998
6.8 0.9997
6.9 0.9996
7 0.9995
7.1 0.9994
7.2 0.9993
7.3 0.9992
7.4 0.9991
7.5 0.999
7.6 0.9987
7.7 0.9984
7.8 0.9981
7.9 0.9978
8 0.9975
8.1 0.9973
8.2 0.9971
8.3 0.9969
8.4 0.9967
8.5 0.9965
8.6 0.9952
8.7 0.9939
8.8 0.9926
8.9 0.9913
9 0.99
9.1 0.9879
9.2 0.9858
9.3 0.9837
9.4 0.9816
9.5 0.9795
9.6 0.978
9.7 0.9765
9.8 0.975
9.9 0.9735
10 0.972
10.1 0.9695
10.2 0.967
10.3 0.9645
10.4 0.962
10.5 0.9595
10.6 0.9533
10.7 0.9471
10.8 0.9409
10.9 0.9347
11 0.9285
11.1 0.9263
11.2 0.9241
11.3 0.9219
11.4 0.9197
11.5 0.9175
11.6 0.9047
11.7 0.8919
11.8 0.8791
11.9 0.8663
12 0.8535
12.1 0.8482
12.2 0.8429
12.3 0.8376
12.4 0.8323
12.5 0.827
12.6 0.8106
12.7 0.7942
12.8 0.7778
12.9 0.7614
13 0.745
13.1 0.7339
13.2 0.7228
13.3 0.7117
13.4 0.7006
13.5 0.6895
13.6 0.6758
13.7 0.6621
13.8 0.6484
13.9 0.6347
14 0.621
14.1 0.6019
14.2 0.5828
14.3 0.5637
14.4 0.5446
14.5 0.5255
14.6 0.5096
14.7 0.4937
14.8 0.4778
14.9 0.4619
15 0.446
15.1 0.4289
15.2 0.4118
15.3 0.3947
15.4 0.3776
15.5 0.3605
15.6 0.348
15.7 0.3355
15.8 0.323
15.9 0.3105
16 0.298
16.1 0.2845
16.2 0.271
16.3 0.2575
16.4 0.244
16.5 0.2305
16.6 0.2225
16.7 0.2145
16.8 0.2065
16.9 0.1985
17 0.1905
17.1 0.1808
17.2 0.1711
17.3 0.1614
17.4 0.1517
17.5 0.142
17.6 0.1338
17.7 0.1256
17.8 0.1174
17.9 0.1092
18 0.101
18.1 0.0954
18.2 0.0898
18.3 0.0842
18.4 0.0786
18.5 0.073
18.6 0.0687
18.7 0.0644
18.8 0.0601
18.9 0.0558
19 0.0515
19.1 0.0479
19.2 0.0443
19.3 0.0407
19.4 0.0371
19.5 0.0335
19.6 0.0312
19.7 0.0289
19.8 0.0266
19.9 0.0243
20 0.022
20.1 0.0211
20.2 0.0202
20.3 0.0193
20.4 0.0184
20.5 0.0175
20.6 0.016
20.7 0.0145
20.8 0.013
20.9 0.0115
21 0.01
21.1 0.0099
21.2 0.0098
21.3 0.0097
21.4 0.0096
21.5 0.0095
21.6 0.0085
21.7 0.0075
21.8 0.0065
21.9 0.0055
22 0.0045
22.1 0.0041
22.2 0.0037
22.3 0.0033
22.4 0.0029
22.5 0.0025
22.6 0.0024
22.7 0.0023
22.8 0.0022
22.9 0.0021
23 0.002
23.1 0.0017
23.2 0.0014
23.3 0.0011
23.4 0.0008
23.5 0.0005
23.6 0.0004
23.7 0.0003
23.8 0.0002
23.9 0.0001
24 0
24.1 0
24.2 0
24.3 0
24.4 0
24.5 0
24.6 0
24.7 0
24.8 0
24.9 0
25 0
25.1 0
25.2 0
25.3 0
25.4 0
25.5 0
25.6 0.0001
25.7 0.0002
25.8 0.0003
25.9 0.0004
26 0.0005
26.1 0.0004
26.2 0.0003
26.3 0.0002
26.4 0.0001
26.5 0
26.6 0
26.7 0
26.8 0
26.9 0
27 0
27.1 0
27.2 0
27.3 0
27.4 0
27.5 0
27.6 0
27.7 0
27.8 0
27.9 0
28 0
28.1 0
28.2 0
28.3 0
28.4 0
28.5 0
28.6 0
28.7 0
28.8 0
28.9 0
29 0
29.1 0
29.2 0
29.3 0
29.4 0
29.5 0
29.6 0
29.7 0
29.8 0
29.9 0
30 0
