5 1
5.1 1
5.2 1
5.3 1
5.4 1
5.5 1
5.6 1
5.7 1
5.8 1
5.9 1
6 1
6.1 1
6.2 1
6.3 1
6.4 1
6.5 1
6.6 1
6.7 1
6.8 1
6.9 1
7 1
7.1 1
7.2 1
7.3 1
7.4 1
7.5 1
7.6 1
7.7 1
7.8 1
7.9 1
8 1
8.1 1
8.2 1
8.3 1
8.4 1
8.5 1
8.6 1
8.7 1
8.8 1
8.9 1
9 1
9.1 1
9.2 1
9.3 1
9.4 1
9.5 1
9.6 1
9.7 1
9.8 1
9.9 1
10 1
10.1 1
10.2 1
10.3 1
10.4 1
10.5 1
10.6 1
10.7 1
10.8 1
10.9 1
11 1
11.1 1
11.2 1
11.3 1
11.4 1
11.5 1
11.6 1
11.7 1
11.8 1
11.9 1
12 1
12.1 1
12.2 1
12.3 1
12.4 1
12.5 1
12.6 1
12.7 1
12.8 1
12.9 1
13 1
13.1 0.9999
13.2 0.9998
13.3 0.9997
13.4 0.9996
13.5 0.9995
13.6 0.9996
13.7 0.9997
13.8 0.9998
13.9 0.9999
14 1
14.1 1
14.2 1
14.3 1
14.4 1
14.5 1
14.6 0.9999
14.7 0.9998
14.8 0.9997
14.9 0.9996
15 0.9995
15.1 0.9986
15.2 0.9977
15.3 0.9968
15.4 0.9959
15.5 0.995
15.6 0.995
15.7 0.995
15.8 0.995
15.9 0.995
16 0.995
16.1 0.9947
16.2 0.9944
16.3 0.9941
16.4 0.9938
16.5 0.9935
16.6 0.992
16.7 0.9905
16.8 0.989
16.9 0.9875
17 0.986
17.1 0.9841
17.2 0.9822
17.3 0.9803
17.4 0.9784
17.5 0.9765
17.6 0.9734
17.7 0.9703
17.8 0.9672
17.9 0.9641
18 0.961
18.1 0.9573
18.2 0.9536
18.3 0.9499
18.4 0.9462
18.5 0.9425
18.6 0.936
18.7 0.9295
18.8 0.923
18.9 0.9165
19 0.91
19.1 0.9035
19.2 0.897
19.3 0.8905
19.4 0.884
19.5 0.8775
19.6 0.8698
19.7 0.8621
19.8 0.8544
19.9 0.8467
20 0.839
20.1 0.8261
20.2 0.8132
20.3 0.8003
20.4 0.7874
20.5 0.7745
20.6 0.7635
20.7 0.7525
20.8 0.7415
20.9 0.7305
21 0.7195
21.1 0.7044
21.2 0.6893
21.3 0.6742
21.4 0.6591
21.5 0.644
21.6 0.6313
21.7 0.6186
21.8 0.6059
21.9 0.5932
22 0.5805
22.1 0.5651
22.2 0.5497
22.3 0.5343
22.4 0.5189
22.5 0.5035
22.6 0.4936
22.7 0.4837
22.8 0.4738
22.9 0.4639
23 0.454
23.1 0.4401
23.2 0.4262
23.3 0.4123
23.4 0.3984
23.5 0.3845
23.6 0.3738
23.7 0.3631
23.8 0.3524
23.9 0.3417
24 0.331
24.1 0.3177
24.2 0.3044
24.3 0.2911
24.4 0.2778
24.5 0.2645
24.6 0.2536
24.7 0.2427
24.8 0.2318
24.9 0.2209
25 0.21
25.1 0.2005
25.2 0.191
25.3 0.1815
25.4 0.172
25.5 0.1625
25.6 0.1558
25.7 0.1491
25.8 0.1424
25.9 0.1357
26 0.129
26.1 0.1218
26.2 0.1146
26.3 0.1074
26.4 0.1002
26.5 0.093
26.6 0.0882
26.7 0.0834
26.8 0.0786
26.9 0.0738
27 0.069
27.1 0.067
27.2 0.065
27.3 0.063
27.4 0.061
27.5 0.059
27.6 0.0542
27.7 0.0494
27.8 0.0446
27.9 0.0398
28 0.035
28.1 0.0342
28.2 0.0334
28.3 0.0326
28.4 0.0318
28.5 0.031
28.6 0.0278
28.7 0.0246
28.8 0.0214
28.9 0.0182
29 0.015
29.1 0.014
29.2 0.013
29.3 0.012
29.4 0.011
29.5 0.01
29.6 0.0091
29.7 0.0082
29.8 0.0073
29.9 0.0064
30 0.0055
