5 1
5.1 1
5.2 1
5.3 1
5.4 1
5.5 1
5.6 1
5.7 1
5.8 1
5.9 1
6 1
6.1 1
6.2 1
6.3 1
6.4 1
6.5 1
6.6 1
6.7 1
6.8 1
6.9 1
7 1
7.1 1
7.2 1
7.3 1
7.4 1
7.5 1
7.6 1
7.7 1
7.8 1
7.9 1
8 1
8.1 1
8.2 1
8.3 1
8.4 1
8.5 1
8.6 1
8.7 1
8.8 1
8.9 1
9 1
9.1 1
9.2 1
9.3 1
9.4 1
9.5 1
9.6 1
9.7 1
9.8 1
9.9 1
10 1
10.1 1
10.2 1
10.3 1
10.4 1
10.5 1
10.6 1
10.7 1
10.8 1
10.9 1
11 1
11.1 1
11.2 1
11.3 1
11.4 1
11.5 1
11.6 1
11.7 1
11.8 1
11.9 1
12 1
12.1 1
12.2 1
12.3 1
12.4 1
12.5 1
12.6 1
12.7 1
12.8 1
12.9 1
13 1
13.1 1
13.2 1
13.3 1
13.4 1
13.5 1
13.6 1
13.7 1
13.8 1
13.9 1
14 1
14.1 0.9998
14.2 0.9996
14.3 0.9994
14.4 0.9992
14.5 0.999
14.6 0.9991
14.7 0.9992
14.8 0.9993
14.9 0.9994
15 0.9995
15.1 0.999
15.2 0.9985
15.3 0.998
15.4 0.9975
15.5 0.997
15.6 0.9967
15.7 0.9964
15.8 0.9961
15.9 0.9958
16 0.9955
16.1 0.994
16.2 0.9925
16.3 0.991
16.4 0.9895
16.5 0.988
16.6 0.9872
16.7 0.9864
16.8 0.9856
16.9 0.9848
17 0.984
17.1 0.9809
17.2 0.9778
17.3 0.9747
17.4 0.9716
17.5 0.9685
17.6 0.966
17.7 0.9635
17.8 0.961
17.9 0.9585
18 0.956
18.1 0.9525
18.2 0.949
18.3 0.9455
18.4 0.942
18.5 0.9385
18.6 0.9315
18.7 0.9245
18.8 0.9175
18.9 0.9105
19 0.9035
19.1 0.8974
19.2 0.8913
19.3 0.8852
19.4 0.8791
19.5 0.873
19.6 0.8633
19.7 0.8536
19.8 0.8439
19.9 0.8342
20 0.8245
20.1 0.8141
20.2 0.8037
20.3 0.7933
20.4 0.7829
20.5 0.7725
20.6 0.7581
20.7 0.7437
20.8 0.7293
20.9 0.7149
21 0.7005
21.1 0.6858
21.2 0.6711
21.3 0.6564
21.4 0.6417
21.5 0.627
21.6 0.616
21.7 0.605
21.8 0.594
21.9 0.583
22 0.572
22.1 0.5594
22.2 0.5468
22.3 0.5342
22.4 0.5216
22.5 0.509
22.6 0.4984
22.7 0.4878
22.8 0.4772
22.9 0.4666
23 0.456
23.1 0.4366
23.2 0.4172
23.3 0.3978
23.4 0.3784
23.5 0.359
23.6 0.3489
23.7 0.3388
23.8 0.3287
23.9 0.3186
24 0.3085
24.1 0.2976
24.2 0.2867
24.3 0.2758
24.4 0.2649
24.5 0.254
24.6 0.2449
24.7 0.2358
24.8 0.2267
24.9 0.2176
25 0.2085
25.1 0.1978
25.2 0.1871
25.3 0.1764
25.4 0.1657
25.5 0.155
25.6 0.1492
25.7 0.1434
25.8 0.1376
25.9 0.1318
26 0.126
26.1 0.1183
26.2 0.1106
26.3 0.1029
26.4 0.0952
26.5 0.0875
26.6 0.0818
26.7 0.0761
26.8 0.0704
26.9 0.0647
27 0.059
27.1 0.0562
27.2 0.0534
27.3 0.0506
27.4 0.0478
27.5 0.045
27.6 0.0431
27.7 0.0412
27.8 0.0393
27.9 0.0374
28 0.0355
28.1 0.0319
28.2 0.0283
28.3 0.0247
28.4 0.0211
28.5 0.0175
28.6 0.0166
28.7 0.0157
28.8 0.0148
28.9 0.0139
29 0.013
29.1 0.0132
29.2 0.0134
29.3 0.0136
29.4 0.0138
29.5 0.014
29.6 0.0129
29.7 0.0118
29.8 0.0107
29.9 0.0096
30 0.0085
