2 1
2.1 1
2.2 1
2.3 1
2.4 1
2.5 1
2.6 1
2.7 1
2.8 1
2.9 1
3 1
3.1 1
3.2 1
3.3 1
3.4 1
3.5 1
3.6 1
3.7 1
3.8 1
3.9 1
4 1
4.1 1
4.2 1
4.3 1
4.4 1
4.5 1
4.6 1
4.7 1
4.8 1
4.9 1
5 1
5.1 1
5.2 1
5.3 1
5.4 1
5.5 1
5.6 1
5.7 1
5.8 1
5.9 1
6 1
6.1 1
6.2 1
6.3 1
6.4 1
6.5 1
6.6 1
6.7 1
6.8 1
6.9 1
7 1
7.1 1
7.2 1
7.3 1
7.4 1
7.5 1
7.6 1
7.7 1
7.8 1
7.9 1
8 1
8.1 1
8.2 1
8.3 1
8.4 1
8.5 1
8.6 1
8.7 1
8.8 1
8.9 1
9 1
9.1 1
9.2 1
9.3 1
9.4 1
9.5 1
9.6 1
9.7 1
9.8 1
9.9 1
10 1
10.1 1
10.2 1
10.3 1
10.4 1
10.5 1
10.6 1
10.7 1
10.8 1
10.9 1
11 1
11.1 1
11.2 1
11.3 1
11.4 1
11.5 1
11.6 1
11.7 1
11.8 1
11.9 1
12 1
12.1 1
12.2 1
12.3 1
12.4 1
12.5 1
12.6 1
12.7 1
12.8 1
12.9 1
13 1
13.1 1
13.2 1
13.3 1
13.4 1
13.5 1
13.6 1
13.7 1
13.8 1
13.9 1
14 1
14.1 1
14.2 1
14.3 1
14.4 1
14.5 1
14.6 1
14.7 1
14.8 1
14.9 1
15 1
15.1 1
15.2 1
15.3 1
15.4 1
15.5 1
15.6 1
15.7 1
15.8 1
15.9 1
16 1
16.1 1
16.2 1
16.3 1
16.4 1
16.5 1
16.6 1
16.7 1
16.8 1
16.9 1
17 1
17.1 1
17.2 1
17.3 1
17.4 1
17.5 1
17.6 1
17.7 1
17.8 1
17.9 1
18 1
18.1 1
18.2 1
18.3 1
18.4 1
18.5 1
18.6 1
18.7 1
18.8 1
18.9 1
19 1
19.1 1
19.2 1
19.3 1
19.4 1
19.5 1
19.6 1
19.7 1
19.8 1
19.9 1
20 1
20.1 1
20.2 1
20.3 1
20.4 1
20.5 1
20.6 1
20.7 1
20.8 1
20.9 1
21 1
21.1 1
21.2 1
21.3 1
21.4 1
21.5 1
21.6 1
21.7 1
21.8 1
21.9 1
22 1
22.1 1
22.2 1
22.3 1
22.4 1
22.5 1
22.6 1
22.7 1
22.8 1
22.9 1
23 1
23.1 1
23.2 1
23.3 1
23.4 1
23.5 1
23.6 1
23.7 1
23.8 1
23.9 1
24 1
24.1 0.99998
24.2 0.99996
24.3 0.99994
24.4 0.99992
24.5 0.9999
24.6 0.99988
24.7 0.99986
24.8 0.99984
24.9 0.99982
25 0.9998
25.1 0.99982
25.2 0.99984
25.3 0.99986
25.4 0.99988
25.5 0.9999
25.6 0.99992
25.7 0.99994
25.8 0.99996
25.9 0.99998
26 1
26.1 0.99998
26.2 0.99996
26.3 0.99994
26.4 0.99992
26.5 0.9999
26.6 0.99988
26.7 0.99986
26.8 0.99984
26.9 0.99982
27 0.9998
27.1 0.99972
27.2 0.99964
27.3 0.99956
27.4 0.99948
27.5 0.9994
27.6 0.99932
27.7 0.99924
27.8 0.99916
27.9 0.99908
28 0.999
28.1 0.99896
28.2 0.99892
28.3 0.99888
28.4 0.99884
28.5 0.9988
28.6 0.99876
28.7 0.99872
28.8 0.99868
28.9 0.99864
29 0.9986
29.1 0.9983
29.2 0.998
29.3 0.9977
29.4 0.9974
29.5 0.9971
29.6 0.9968
29.7 0.9965
29.8 0.9962
29.9 0.9959
30 0.9956
30.1 0.99522
30.2 0.99484
30.3 0.99446
30.4 0.99408
30.5 0.9937
30.6 0.99332
30.7 0.99294
30.8 0.99256
30.9 0.99218
31 0.9918
31.1 0.99136
31.2 0.99092
31.3 0.99048
31.4 0.99004
31.5 0.9896
31.6 0.98916
31.7 0.98872
31.8 0.98828
31.9 0.98784
32 0.9874
32.1 0.98658
32.2 0.98576
32.3 0.98494
32.4 0.98412
32.5 0.9833
32.6 0.98248
32.7 0.98166
32.8 0.98084
32.9 0.98002
33 0.9792
33.1 0.97818
33.2 0.97716
33.3 0.97614
33.4 0.97512
33.5 0.9741
33.6 0.97308
33.7 0.97206
33.8 0.97104
33.9 0.97002
34 0.969
34.1 0.96712
34.2 0.96524
34.3 0.96336
34.4 0.96148
34.5 0.9596
34.6 0.95772
34.7 0.95584
34.8 0.95396
34.9 0.95208
35 0.9502
