3 810459
3 1052694
3 998586
3 915093
3 1010529
3 854946
3 1019385
3 980559
3 998217
3 1036944
3 875745
3 927972
3 957168
3 957897
3 956880
3 836559
3 1003833
3 954288
3 1041741
3 825066
3 953361
3 982305
3 990819
3 943020
3 970245
3 991809
3 1081332
3 1017963
3 985509
3 972738
3 1002834
3 928845
3 904455
3 942165
3 1045341
3 909981
3 957519
3 1001259
3 1024776
3 939618
3 1005948
3 939465
3 989082
3 998658
3 934164
3 986922
3 1016244
3 908838
3 978615
3 995238
3 1040058
3 957141
3 951381
3 964638
3 1014363
3 979146
3 985410
3 980910
3 1077777
3 924192
3 990468
3 962982
3 983700
3 905103
3 1046187
3 859320
3 1049283
3 1020861
3 909378
3 982584
3 963531
3 939294
3 1026738
3 1025928
3 945666
3 982737
3 942138
3 1072917
3 932589
3 878643
3 982044
3 1059930
3 992538
3 945531
3 992214
3 981999
3 977310
3 968553
3 939366
3 1004778
3 957474
3 968319
3 994095
3 1012959
3 947331
3 1050480
3 989307
3 1031373
3 840933
3 1016001
3 970992
3 901602
3 1004013
3 1004913
3 996516
3 882513
3 926082
3 1009143
3 1003806
3 1051308
3 991413
3 1036143
3 1014228
3 933003
3 879219
3 1021707
3 964674
3 954702
3 958275
3 959418
3 1002663
3 992358
3 911403
3 963450
3 896517
3 1024965
3 951777
3 912969
3 912618
3 911943
3 901683
3 965583
3 1017486
3 1075635
3 1049049
3 1031589
3 879687
3 859221
3 965844
3 956151
3 909783
3 1001340
3 962712
3 927486
3 966861
3 1014894
3 941013
3 977778
3 853461
3 1011681
3 915948
3 1027494
3 1057356
3 971172
3 1037691
3 1039626
3 910926
3 930645
3 803925
3 1071567
3 991629
3 894924
3 990900
3 886383
3 851031
3 981153
3 1037187
3 932760
3 995940
3 992259
3 944973
3 978354
3 923319
3 931554
3 1051209
3 966222
3 955332
3 867888
3 973152
3 1000026
3 992106
3 976824
3 1044396
3 941976
3 985113
3 957969
3 1010421
3 938754
3 1005507
3 982224
3 1011060
3 1011204
3 980028
3 934866
3 1012905
3 867204
3 937413
3 990045
3 1003716
3 970506
3 844596
3 914202
3 1006011
3 1009287
3 1046556
3 1049940
3 1039437
3 1050309
3 923310
3 897264
3 975510
3 1012617
3 1038042
3 1012356
3 994257
3 990000
3 927207
3 866007
3 1039545
3 883944
3 1016649
3 1076157
3 991647
3 1054053
3 901638
3 921753
3 912087
3 914895
3 986643
3 867006
3 991422
3 946197
3 989892
3 905328
3 1057635
3 962361
3 913347
3 1077795
3 1035594
3 1053189
3 978336
3 861498
3 956988
3 1009530
3 971118
3 1023201
3 952452
3 919611
3 949788
3 1029555
3 969480
3 1034361
3 954513
3 863595
3 984987
3 939285
3 1071792
3 930114
3 1040661
3 1044405
3 1005399
3 952947
3 975906
3 1039599
3 990153
3 1028736
3 991260
3 1021158
3 966078
3 934911
3 973656
3 1085391
3 953568
3 989649
3 925371
3 985941
3 986319
3 1005840
3 966699
3 983457
3 960462
3 951687
3 982377
3 935820
3 803781
3 887634
3 934974
3 932490
3 1009107
3 1034244
3 1044459
3 970380
3 999189
3 980397
3 996678
3 931995
3 983169
3 1021743
3 997974
3 1035225
3 945396
3 873927
3 985824
3 1004211
3 979488
3 1021464
3 985410
3 1012347
3 965412
3 947853
3 1002213
3 983430
3 963648
3 972225
3 1054233
3 1069758
3 1014498
3 953037
3 946197
3 990072
3 931770
3 1006821
3 1056312
3 1039608
3 1007190
3 940194
3 1004895
3 1012743
3 1021590
3 929655
3 909315
3 996840
3 1008054
3 1045602
3 895914
3 1009440
3 985077
3 922608
3 947835
3 906111
3 967905
3 1018386
3 971082
3 862587
3 1002015
3 977274
3 1008144
3 1061451
3 924426
3 954135
3 1070082
3 877806
3 924480
3 995994
3 879462
3 899109
3 935613
3 955368
3 1048869
3 973629
3 812349
3 979938
3 922140
3 935613
3 1005777
3 1023993
3 848475
3 1023102
3 962532
3 1007334
3 901863
3 950796
3 920016
3 981819
3 1048482
3 979632
3 1044162
3 965313
3 1021644
3 941787
3 1040490
3 880614
3 906246
3 1011258
3 1004427
3 1023156
3 984474
3 960408
3 979479
3 938556
3 849870
3 1013373
3 930609
3 927009
3 942480
3 919809
3 1005705
3 959148
3 1002636
3 972765
3 926721
3 982755
3 1020879
3 932850
3 942282
3 975555
3 958914
3 974088
3 997254
3 1000026
3 979362
3 1015461
3 1028538
3 992358
3 979884
3 1023534
3 1014192
3 904050
3 936189
3 1115316
3 928377
3 911808
3 1071576
3 993744
3 979443
3 968679
3 936432
3 1022544
3 952938
3 1024038
3 1047231
3 919305
3 993708
3 1016127
3 960066
3 990576
3 979920
3 1038690
3 1018818
3 955944
3 1005255
3 915624
3 973638
3 984312
3 987975
3 1028583
3 1041822
3 987984
3 1066635
3 953982
3 1007928
3 943587
3 987822
3 853263
3 975888
3 971523
3 1000404
3 987039
3 797085
3 984204
3 871074
3 1065213
3 927729
3 914139
3 1064322
3 948060
3 955719
3 987120
3 955791
3 1004805
3 1024074
3 995274
3 982818
3 1067112
3 908973
3 1066329
3 972279
3 942894
3 979191
3 964611
3 962919
3 980334
3 951156
3 921780
3 1005579
3 953757
3 969093
3 922041
3 969606
3 898434
3 973296
3 915318
3 928953
3 1030725
3 1051281
3 915921
3 965223
3 935109
3 922293
3 981927
3 1050948
3 1010079
3 1010988
3 843759
3 1005156
3 798894
3 974295
3 995580
3 845487
3 957762
3 948915
3 983313
3 1001646
3 922230
3 1037493
3 890199
3 928098
3 922140
3 1004094
3 941607
3 963657
3 957717
3 915183
3 928188
3 998028
3 1034523
3 1028205
3 964206
3 854982
3 965682
3 928575
3 1035405
3 1031967
3 981072
3 1017945
3 920169
3 973152
3 1025370
3 1023678
3 945207
3 946845
3 969975
3 928917
3 1015776
3 987669
3 967554
3 1000755
3 996354
3 1062963
3 940302
3 910512
3 1038816
3 1015785
3 1001592
3 1015173
3 897822
3 1050876
3 961425
3 997263
3 939753
3 935163
3 997920
3 972405
3 991260
3 980334
3 939501
3 1001151
3 861714
3 994509
3 1042488
3 938232
3 890136
3 920322
3 968184
3 986652
3 992736
3 1001376
3 842634
3 994770
3 1001448
3 964206
3 986238
3 881289
3 961443
3 946692
3 1001304
3 919683
3 1011546
3 963702
3 1020951
3 985284
3 983052
3 946899
3 1014678
3 999756
3 1002942
3 841491
3 971892
3 940302
3 1021032
3 940410
3 945819
3 925308
3 902070
3 977022
3 875547
3 975843
3 981279
3 977526
3 903267
3 1017477
3 1077399
3 966492
3 954864
3 1038168
3 994419
3 1017513
3 964674
3 900387
3 876213
3 1009251
3 1050048
3 873675
3 970308
3 1013220
3 924093
3 925326
3 820017
3 971604
3 994932
3 950940
3 1008171
3 957204
3 1009476
3 1017153
3 1000845
3 887301
3 1022949
3 949392
3 1001637
3 1017747
3 827505
3 956628
3 1011276
3 960885
3 980505
3 1056456
3 1017882
3 862974
3 984897
3 1017387
3 951903
3 991233
3 971406
3 968841
3 989163
3 962820
3 990297
3 976059
3 916497
3 959076
3 1019862
3 902169
3 908127
3 1032516
3 1002087
3 956727
3 995715
3 864126
3 819603
3 1015092
3 908325
3 1020321
3 1020483
3 968949
3 753525
3 1026468
3 939969
3 954558
3 1007073
3 1007955
3 810360
3 1053540
3 952497
3 996579
3 1029258
3 859644
3 837882
3 1040859
3 1035783
3 940887
3 983853
3 970461
3 967194
3 1019214
3 955449
3 940914
3 971838
3 961425
3 1019646
3 932823
3 1037610
3 878760
3 936630
3 916335
3 946764
3 984447
3 957141
3 1030977
3 884358
3 1024119
3 995283
3 1028754
3 920250
3 927072
3 1015461
3 988002
3 965052
3 987912
3 958302
3 1003995
3 891963
3 996876
3 984942
3 1003842
3 900801
3 1041066
3 964899
3 980271
3 954540
3 941031
3 885933
3 935478
3 985428
3 979866
3 1013382
3 971496
3 1009926
3 998784
3 1008090
3 988929
3 974736
3 1010304
3 977436
3 941742
3 1016361
3 922833
3 1049040
3 905625
3 920592
3 1000251
3 962334
3 960426
3 1022490
3 954054
3 990873
3 950193
3 1012734
3 934812
3 1013373
3 977625
3 829305
3 942912
3 1044306
3 1022193
3 1028601
3 1002384
3 988839
3 972198
3 1006056
3 985383
3 1001979
3 1010412
3 1002267
3 1046106
3 962406
3 979722
3 924597
3 967743
3 909828
3 1081296
3 920781
3 998658
3 1006452
3 959571
3 884475
3 959778
3 1050867
3 841302
3 962244
3 1015794
3 966438
3 959310
3 992142
3 1000413
3 996543
3 961434
3 977850
3 989604
3 932409
3 996849
3 945864
3 1022481
3 940554
3 963423
3 997983
3 1032372
3 925560
3 1002825
3 868257
3 919728
3 1013328
3 943218
3 922833
3 966186
3 921510
3 1025010
3 983898
3 1046385
3 981684
3 916470
3 957483
3 1011636
3 969192
3 865233
3 972288
3 990180
3 987534
3 907182
3 1003824
3 1000692
3 1032480
3 881361
3 1044450
3 917334
3 957852
3 990459
3 983295
3 990675
3 956610
3 1013652
3 920628
3 1017855
3 916614
3 964944
3 1009836
3 968949
3 894168
3 1010826
3 1032813
3 986715
3 1001097
3 977859
3 964206
3 1055790
3 1012896
3 1001070
3 955683
3 1002483
3 1006047
3 1034658
3 944109
3 985356
3 945720
3 963567
3 1031922
3 940545
3 1013670
3 967194
3 925569
3 930492
3 1000098
3 859518
3 1048779
3 963180
3 930735
3 932724
3 1014417
3 951741
3 805491
3 924984
3 1009836
3 1039023
3 937836
3 996525
3 990846
3 994446
3 963954
3 945783
3 910377
3 951282
3 844452
3 957438
3 1008405
3 973377
3 894690
3 1037916
3 1066851
3 1015209
3 975285
3 979920
3 1002285
3 957852
3 1039248
3 997902
3 985302
3 955863
3 986499
3 988245
3 1054665
3 998496
3 910566
3 1015065
3 997695
3 984942
3 961578
3 1053171
3 971181
3 1039284
3 898002
3 971856
3 1023012
3 890568
3 900279
3 971973
3 929358
3 981000
3 936774
3 1019835
3 1004130
3 1079379
3 970911
3 866439
3 965655
3 1019367
3 1045287
3 1026621
3 944073
3 931059
3 1009107
3 1048194
3 1017126
3 970047
3 965682
3 891918
3 987435
3 1045701
3 1027989
3 814824
3 950499
3 985257
3 1020690
3 1002951
3 921591
3 901467
3 1000917
3 983430
3 971523
3 951561
3 976248
3 949473
3 810171
3 892242
3 952200
3 944784
3 874404
3 870084
3 976932
3 916596
3 978912
3 1066536
3 987696
3 1028214
3 949401
3 1026972
3 1007046
3 1048869
3 1006596
3 1039158
3 1042290
3 943911
3 927522
3 1012959
3 1035144
3 970515
3 905121
3 937323
3 1074915
3 1038672
3 966078
3 928503
3 903204
3 989352
3 882792
3 1008117
3 980190
3 807138
3 997938
3 941706
3 979848
3 1022625
3 969867
3 1021014
3 1010304
3 980802
3 1054980
3 939924
3 976032
3 977841
3 952884
3 920133
3 993186
3 942840
3 1003293
3 993429
3 1047240
3 957879
3 982827
3 830637
3 981423
3 1015011
3 956088
3 973566
3 954261
3 994032
3 1002411
3 1017279
3 934893
3 1028673
3 828243
3 916506
3 912240
3 1024740
3 955737
3 983349
3 945063
3 952101
3 956979
3 957861
3 959868
3 987120
3 938970
3 975150
3 1010538
3 995292
3 987525
3 935847
3 945396
3 1010133
3 1020357
3 962325
3 1025559
3 973881
3 990180
3 973989
3 907605
3 994806
3 990333
3 1026450
3 989784
3 964557
3 946755
3 976842
3 945819
3 919134
3 853245
3 1046277
3 919431
3 982989
3 929844
3 979155
3 968346
3 1026954
3 943128
3 1034685
3 940860
3 967995
3 964719
3 1013994
3 986175
3 1039950
3 904410
3 911619
3 1057347
3 897480
3 962289
3 990855
3 955539
3 974187
3 985167
3 963495
3 1015299
3 910647
3 957861
3 987930
3 983556
3 942489
3 1036467
3 907497
3 1027962
3 967635
3 877608
3 1018710
3 848133
3 1054305
3 977670
3 937692
3 1037250
3 983943
3 998856
3 980640
3 950301
3 946530
3 963261
3 1032498
3 975231
3 789129
3 1015200
3 1012041
3 1007136
3 994860
3 1056924
3 975006
3 987543
3 966303
3 1001439
3 1002186
3 975024
3 1026909
3 919170
3 951300
3 856494
3 936000
3 1028358
3 1032156
3 914922
3 977706
3 990576
3 1049598
3 951957
3 999981
3 916479
3 977553
3 1004733
3 985320
3 1042695
3 1008819
3 945243
3 1013886
3 1003140
3 1016433
3 1028529
3 985275
3 1036890
3 979920
3 993348
3 1051029
3 980739
3 883791
3 1007145
3 1034154
3 961875
3 939429
3 1019331
3 875394
3 818325
3 1033812
3 1002546
3 814374
3 1011222
3 799047
3 914886
3 926595
3 973899
3 903654
3 994059
3 1006704
3 1056006
3 987498
3 1021455
3 980883
3 1009512
3 976014
3 984600
3 1030419
3 1057653
3 1003743
3 1035459
3 979137
3 965934
3 971739
3 1024974
3 969885
3 954594
3 978939
3 956628
3 1010862
3 1011303
3 1012950
3 1000530
3 968877
3 949095
3 867897
3 941616
3 819810
3 1025892
3 989829
3 971046
3 979812
3 1001997
3 955629
3 990918
3 989271
3 1009152
3 916686
3 989208
3 1006218
3 1000431
3 998937
3 948222
3 860355
3 991908
3 944019
3 947403
3 974727
3 917163
3 996165
3 773280
3 964629
3 989370
3 1023948
3 947340
3 955746
3 879300
3 934479
3 929124
3 1001583
3 974403
3 940455
3 969723
3 941382
3 1005723
3 950013
3 1034073
3 903087
3 988119
3 898614
3 978750
3 967275
3 1023030
3 1004751
3 921456
3 971424
3 761607
3 994536
3 1000944
3 969147
3 1004220
3 791388
3 1034433
3 1008909
3 973251
3 941931
3 917622
3 915867
3 948150
3 1014579
3 993393
3 874638
3 930555
3 906669
3 946494
3 942939
3 1020060
3 969354
3 973386
3 1001853
3 921663
3 994581
3 993897
3 1053765
3 1090368
3 1000278
3 999180
3 955638
3 1015308
3 934623
3 1030338
3 994950
3 911916
3 1011780
3 958347
3 962856
3 1014291
3 985023
3 971217
3 959796
3 995202
3 1068894
3 1003986
3 917685
3 1029123
3 1044945
3 894762
3 957492
3 959868
3 967572
3 917001
3 954684
3 953829
3 893070
3 964557
3 997461
3 950832
3 962343
3 1007388
3 1011834
3 981873
3 959913
3 980046
3 953163
3 1053144
3 989217
3 994887
3 1000944
3 956385
3 1011906
3 1004715
3 955008
3 983520
3 975411
3 917253
3 999036
3 972585
3 980568
3 1001691
3 935451
3 1005570
3 934866
3 1050777
3 1057635
3 1022292
3 988308
3 987408
3 1017927
3 957618
3 987894
3 987876
3 1024794
3 1019844
3 971955
3 1026945
3 930366
3 1003941
3 915183
3 955764
3 955395
3 974106
3 923733
3 1010592
3 954261
3 966249
3 1002870
3 989676
3 949482
3 1072287
3 961344
3 957987
3 1056159
3 974628
3 1055763
3 836478
3 960120
3 928557
3 948330
3 1061568
3 994608
3 980100
3 988209
3 1051362
3 1057545
3 970263
3 957726
3 949752
3 881847
3 990621
3 942210
3 950949
3 1002888
3 998190
3 940491
3 999108
3 1043352
3 989640
3 866178
3 1014327
3 1008864
3 985590
3 919638
3 1039347
3 989721
3 995679
3 1028592
3 909414
3 1002015
3 1010277
3 1008369
3 964593
3 987066
3 850626
3 948240
3 984699
3 962136
3 971316
3 1031040
3 1091619
3 991737
3 1006056
3 1020060
3 848277
3 1014804
3 965637
3 1014030
3 927900
3 1000782
3 921906
3 1051083
3 1033704
3 889632
3 980127
3 1015056
3 941418
3 884394
3 910593
3 1049958
3 1035369
3 941427
3 960183
3 955971
3 1065501
3 918792
3 948744
3 883638
3 965961
3 1021797
3 876996
3 1000872
3 1026189
3 979200
3 1024164
3 1089450
3 982512
3 1042776
3 931725
3 940941
3 972864
3 1009800
3 1005012
3 1011555
3 971226
3 917694
3 983601
3 981297
3 990351
3 892647
3 974223
3 922032
3 949032
3 963540
3 925443
3 1013643
3 1005156
3 894933
3 1005921
3 1030068
3 992862
3 1049607
3 1034370
3 947349
3 1002843
3 1009359
3 1062855
3 1034091
3 1012077
3 1029465
3 989244
3 957393
3 1001484
3 1001691
3 943281
3 995022
3 983052
3 925317
3 1028313
3 885717
3 960849
3 948906
3 932535
3 945576
3 988740
3 1026603
3 1003356
3 817434
3 903942
3 928791
3 885447
3 961380
3 913914
3 1009683
3 1027323
3 1070640
3 1026711
3 987012
3 1009638
3 987273
3 969669
3 977301
3 1039014
3 943164
3 946323
3 1025568
3 1010133
3 1027800
3 981549
3 985779
3 1017333
3 982935
3 934713
3 999738
3 963234
3 912726
3 903213
3 955098
3 1014525
3 888732
3 987156
3 1016676
3 955800
3 924777
3 840717
3 951822
3 936810
3 943209
3 1041264
3 1039698
3 1039077
3 1004499
3 960408
3 809676
3 925785
3 876753
3 909504
3 914049
3 879912
3 1001106
3 1036296
3 963927
3 983340
3 956061
3 969012
3 990216
3 926100
3 1031211
3 998352
3 948483
3 965898
3 1004850
3 1024938
3 998775
3 980406
3 931158
3 987957
3 964035
3 980955
3 818874
3 974169
3 973152
3 997164
3 885591
3 851859
3 1016055
3 941283
3 983250
3 926658
3 1046610
3 1004238
3 981315
3 989181
3 975042
3 913941
3 1080072
3 1017585
3 938007
3 881307
3 1052415
3 854541
3 973710
3 972630
3 974574
3 979101
3 956493
3 992214
3 938088
3 914184
3 1019853
3 1008171
3 883890
3 842202
3 1072899
3 1022760
3 878139
3 1025937
3 950346
3 944442
3 998226
3 956619
3 965016
3 1055556
3 955557
3 1047618
3 945963
3 836919
3 989730
3 943047
3 954486
3 970263
3 882063
3 942723
3 975501
3 919197
3 997101
3 997812
3 950904
3 1002960
3 954396
3 972729
3 1072665
3 1028592
3 965988
3 995805
3 1069938
3 839484
3 988047
3 960228
3 964395
3 1005651
3 946503
3 970659
3 1009062
3 1018179
3 908109
3 870093
3 970605
3 867240
3 874476
3 921024
3 979542
3 997713
3 944766
3 997389
3 1018827
3 1013688
3 856989
3 1028313
3 1031175
3 909270
3 1046826
3 953712
3 914418
3 996966
3 1048122
3 951309
3 1023363
3 1004634
3 986508
3 1008432
3 1030932
3 1036710
3 991836
3 974610
3 991197
3 898524
3 1029402
3 833751
3 985158
3 1036035
3 1005633
3 926928
3 995508
3 1008756
3 935550
3 972603
3 968526
3 966438
3 1004238
3 1029753
3 988461
3 958113
3 972513
3 968688
3 934479
3 1011735
3 939618
3 922968
3 873522
3 989946
3 956196
3 1028592
3 987228
3 972621
3 979362
3 989397
3 923571
3 878508
3 993609
3 1056708
3 894042
3 923346
3 974223
3 957186
3 933858
3 910629
3 1001718
3 886410
3 998775
3 976896
3 729189
3 1050345
3 1012230
3 1035666
3 970065
3 926262
3 928557
3 966960
3 1012482
3 1037853
3 1046457
3 990261
3 927144
3 959607
3 845622
3 1003671
3 983664
3 1036503
3 961074
3 978426
3 979785
3 985644
3 983907
3 940059
3 974637
3 1015740
3 969066
3 992403
3 974052
3 972666
3 985473
3 935505
3 981009
3 973944
3 991215
3 905571
3 998118
3 940527
3 1022400
3 936810
3 1015452
3 996255
3 1066680
3 842319
3 988029
3 942039
3 887364
3 976698
3 1001574
3 940842
3 1066608
3 823851
3 886104
3 1005921
3 1007559
3 1082412
3 941013
3 876150
3 1007253
3 1019403
3 1014219
3 915849
3 971694
3 971190
3 861849
3 1019403
3 979137
3 1075644
3 991278
3 964071
3 946206
3 974304
3 965052
3 956277
3 999864
3 901710
3 952938
3 949419
3 1005372
3 1048041
3 965889
3 983358
3 1050876
3 918045
3 951507
3 950004
3 949995
3 1023687
3 976167
3 914634
3 992151
3 971397
3 1029177
3 929682
3 904338
3 982638
3 1053729
3 972945
3 990864
3 956403
3 1012680
3 1043505
3 857718
3 948528
3 909954
3 1053045
3 946377
3 994149
3 960705
3 1003113
3 937170
3 990918
3 1034568
3 958914
3 992574
3 939546
3 988929
3 1011663
3 1013094
3 1023660
3 980559
3 950814
3 906435
3 1001394
3 991314
3 970245
3 997416
3 895635
3 1035756
3 978732
3 997794
3 932481
3 981423
3 943686
3 952560
3 1057275
3 1054116
3 962388
3 987138
3 999513
3 998883
3 923832
3 950319
3 934857
3 1029438
3 1036989
3 962964
3 960993
3 931698
3 968445
3 982341
3 925677
3 933048
3 818856
3 857862
3 965538
3 982602
3 944685
3 1035684
3 969273
3 938637
3 1014237
3 928701
3 986265
3 889902
3 927162
3 966681
3 1058814
3 1016352
3 974880
3 916470
3 977454
3 935325
3 982593
3 914301
3 950130
3 958707
3 1023453
3 1028853
3 941283
3 1017612
3 977670
3 957492
3 978246
3 1076508
3 990612
3 967842
3 990855
3 984105
3 925578
3 1002564
3 957636
3 916722
3 1041750
3 949599
3 1017882
3 1025424
3 945774
3 956214
3 1019817
3 955638
3 922401
3 1052343
3 934614
3 1013049
3 1019664
3 922743
3 1052487
3 959220
3 871668
3 1035594
3 991026
3 997578
3 956457
3 984708
3 916020
3 995355
3 945774
3 993663
3 840978
3 933984
3 991728
3 980172
3 944703
3 968985
3 961281
3 1026018
3 1037601
3 817344
3 954198
3 973314
3 969723
3 1049040
3 970641
3 1008675
3 983736
3 983682
3 1048824
3 847845
3 979299
3 902808
3 1043802
3 883719
3 994518
3 939213
3 1026945
3 1016892
3 1008306
3 918180
3 1018881
3 974061
3 999261
3 1042083
3 937089
3 947241
3 987633
3 1023705
3 1000107
3 848034
3 1021383
3 843822
3 1001430
3 1055394
3 1037007
3 999963
3 899505
3 930429
3 1004238
3 972171
3 877005
3 986112
3 901188
3 997191
3 904311
3 1059984
3 941427
3 987948
3 1020069
3 985050
3 1029789
3 951930
3 1008837
3 981513
3 996426
3 1017657
3 914319
3 940914
3 934560
3 925101
3 853002
3 1057248
3 1013130
3 980361
3 980694
3 1008387
3 897939
3 893277
3 981558
3 991296
3 954018
3 989037
3 1021761
3 980532
3 973152
3 895806
3 948024
3 1028574
3 981855
3 958464
3 981315
3 975357
3 943758
3 901188
3 1016046
3 1050957
3 882297
3 1040796
3 941805
3 1053144
3 888885
3 978975
3 1024767
3 932130
3 986103
3 992151
3 1015641
3 1003950
3 1028079
3 963990
3 1023309
3 980145
3 998721
3 1009971
3 979335
3 972027
3 984348
3 1060002
3 1039698
3 1007289
3 980370
3 946701
3 1066644
3 1030014
3 936765
3 906147
3 978255
3 830142
3 980730
3 1032948
3 922086
3 942480
3 955395
3 952533
3 993411
3 1028268
3 994653
3 1063458
3 992997
3 1025460
3 1066491
3 969264
3 1029339
3 945819
3 942786
3 940023
3 946899
3 935820
3 997857
3 943821
3 983007
3 899073
3 1019556
3 1011285
3 927999
3 1000944
3 983592
3 998118
3 917721
3 981549
3 1036746
3 991467
3 978111
3 956232
3 887400
3 964152
3 864504
3 998874
3 959769
3 978291
3 934749
3 972225
3 1081404
3 875961
3 928017
3 994851
3 1013022
3 1086309
3 971919
3 1050129
3 926370
3 1004859
3 991323
3 945297
3 937170
3 960363
3 1001799
3 946395
3 978309
3 1056186
3 983286
3 866232
3 935271
3 983331
3 1004355
3 973818
3 1009458
3 983349
3 933237
3 940689
3 982233
3 931410
3 1002717
3 997893
3 1047888
3 906876
3 887535
3 920484
3 933390
3 882621
3 967059
3 962820
3 987174
3 937818
3 1015830
3 976140
3 954477
3 981693
3 975825
3 1023498
3 970614
3 933129
3 983781
3 1011150
3 907182
3 977040
3 1039509
3 965880
3 1007730
3 991872
3 893097
3 845622
3 1000620
3 938421
3 967050
3 1026486
3 1008387
3 1018602
3 960561
3 987552
3 946566
3 994410
3 887445
3 1042218
3 1012302
3 1023030
3 899208
3 880785
3 957591
3 980280
3 997650
3 1002708
3 1039950
3 1025118
3 920322
3 999909
3 960057
3 903672
3 957411
3 972171
3 983016
3 898326
3 1028250
3 987957
3 1013364
3 939456
3 980676
3 981252
3 1020744
3 969102
3 1019772
3 922248
3 935307
3 1061928
3 939879
3 947916
3 984879
3 1002771
3 996039
3 1020069
3 959436
3 935586
3 994860
3 959796
3 978156
3 929871
3 928701
3 1058697
3 1015326
3 998613
3 982584
3 991125
3 834678
3 1018809
3 1012851
3 873207
3 1014759
3 981225
3 987597
3 956367
3 1010097
3 988866
3 1048284
3 1059948
3 1024389
3 980235
3 985266
3 957843
3 1019790
3 1011672
3 998721
3 1001673
3 939681
3 993843
3 978372
3 977481
3 1015461
3 1052793
3 974565
3 893241
3 956331
3 1063098
3 961884
3 1029195
3 839916
3 918612
3 981306
3 890343
3 996462
3 967500
3 1076508
3 960354
3 1026864
3 949104
3 998433
3 893529
3 942966
3 1011825
3 1039410
3 982890
3 716715
3 987237
3 958680
3 948249
3 908649
3 974394
3 1024407
3 937062
3 999234
3 933336
3 944712
3 964728
3 987867
3 882009
3 931554
3 991359
3 1017423
3 892710
3 945279
3 1028115
3 1000161
3 1007343
3 1047681
3 946494
3 916965
3 1006686
3 1009701
3 949185
3 1050696
3 974691
3 988020
3 1026216
3 931347
3 950769
3 1008225
3 1035963
3 937800
3 918927
3 989757
3 990324
3 960840
3 1007037
3 939888
3 1036278
3 961470
3 1016064
3 995832
3 1001358
3 800262
3 993978
3 981234
3 1012302
3 976005
3 973035
3 931059
3 1017018
3 1054845
3 889551
3 1026009
3 1018368
3 997290
3 1026621
3 957681
3 984393
3 892368
3 1109403
3 973053
3 1000179
3 982116
3 995535
3 950949
3 979191
3 997830
3 978444
3 1028052
3 843948
3 1019349
3 914202
3 1023318
3 967671
3 974628
3 1037277
3 942219
3 946170
3 982197
3 956232
3 1027458
3 994734
3 968706
3 949896
3 1031724
3 837675
3 910242
3 1021995
3 807489
3 975798
3 943884
3 825228
3 1032489
3 1007199
3 1015794
3 985176
3 969291
3 965736
3 941967
3 999936
3 1035072
3 978786
3 932481
3 987129
3 939726
3 917190
3 928998
3 974736
3 1033425
3 1040301
3 971064
3 901116
3 1038321
3 975645
3 995904
3 940725
3 918009
3 1004823
3 1015029
3 1050345
3 1045332
3 814410
3 1083276
3 1003482
3 1038015
3 1022193
3 963135
3 897975
3 933561
3 982278
3 963765
3 948915
3 1040832
3 937782
3 1042011
3 933084
3 944019
3 974970
3 1001070
3 992646
3 920475
3 1026873
3 944586
3 1000368
3 975591
3 1001682
3 976266
3 1028250
3 846027
3 931032
3 900756
3 961560
3 1015344
3 997839
3 952911
3 989109
3 948006
3 981810
3 1031517
3 985806
3 968364
3 804285
3 951174
3 1057059
3 992214
3 966366
3 939771
3 962658
3 932364
3 1031589
3 935514
3 986751
3 1005579
3 997803
3 928503
3 1009494
3 888921
3 991782
3 1062090
3 977436
3 989010
3 953991
3 1017873
3 1007298
3 955395
3 973107
3 963333
3 936207
3 947583
3 999567
3 1054791
3 1013238
3 1060101
3 842157
3 1041912
3 1025721
3 871488
3 992484
3 1006092
3 996651
3 931572
3 1029222
3 948699
3 880506
3 932517
3 942534
3 1038996
3 1000413
3 940635
3 1050120
3 995859
3 997056
3 1064187
3 942021
3 1020582
3 945972
3 964440
3 975015
3 943173
3 971109
3 987390
3 975978
3 962127
3 886392
3 955269
3 1055835
3 1009890
3 973296
3 1005813
3 1050462
3 1032039
3 1026000
3 944802
3 930231
3 1003689
3 946881
3 920808
3 992124
3 985554
3 1035801
3 985707
3 966249
3 950661
3 1002105
3 1003167
3 977292
3 985833
3 989604
3 923283
3 1017792
3 963099
3 1006677
3 919314
3 962199
3 964674
3 883440
3 1015596
3 938682
3 982431
3 1053657
3 1057185
3 963567
3 1011663
3 997353
3 959346
3 1010142
3 1005948
3 968013
3 951183
3 927918
3 978984
3 889029
3 1001781
3 961794
3 1034496
3 966555
3 997668
3 1030311
3 1014165
3 1026333
3 950364
3 999603
3 902259
3 932832
3 974826
3 958266
3 906084
3 1019268
3 1003014
3 982890
3 1046682
3 940131
3 938178
3 996471
3 936531
3 1009431
3 1018377
3 919926
3 955422
3 883359
3 976293
3 976446
3 944919
3 905769
3 1002735
3 886086
3 953082
3 972468
3 989919
3 966798
3 1009836
3 1031391
3 932175
3 912798
3 948888
3 920106
3 1006344
3 925263
3 984258
3 1034883
3 910818
3 987804
3 1029672
3 915327
3 958347
3 963234
3 1045458
3 995958
3 1036908
3 823428
3 1011060
3 968301
3 1039266
3 973125
3 1024983
3 996228
3 904230
3 954027
3 1034568
3 1004355
3 916254
3 833058
3 1001628
3 965403
3 945954
3 951678
3 996903
3 939015
3 943749
3 843579
3 909414
3 1072161
3 1029231
3 1012212
3 1052532
3 837117
3 1078704
3 958932
3 1049319
3 978930
3 1036062
3 997515
3 995805
3 996282
3 962865
3 1033416
3 948060
3 987318
3 954234
3 966978
3 968022
3 910035
3 944334
3 974322
3 967014
3 995292
3 1091457
3 969975
3 990072
3 982719
3 993114
3 845136
3 1002780
3 1014777
3 984564
3 937458
3 785700
3 924165
3 970902
3 1038150
3 886914
3 989307
3 991971
3 1045161
3 964971
3 938061
3 952065
3 1008396
3 989622
3 1053945
3 967743
3 946935
3 1042236
3 940383
3 966483
3 996921
3 912600
3 934920
3 898794
3 1023939
3 924705
3 979722
3 964296
3 1047096
3 1030410
3 1032462
3 802539
3 993204
3 989037
3 991071
3 955980
3 989460
3 977472
3 924993
3 993888
3 966483
3 1025181
3 997137
3 986805
3 1042506
3 1057896
3 974520
3 898686
3 1049490
3 994446
3 1017819
3 915606
3 989010
3 834156
3 987606
3 961614
3 943002
3 949041
3 1010610
3 975177
3 1003536
3 977454
3 963963
3 954288
3 994257
3 907011
3 1012518
3 1025343
3 1023444
3 974781
3 984096
3 962019
3 977238
3 911367
3 993996
3 947052
3 982818
3 996867
3 1014192
3 958851
3 945468
3 993393
3 1082655
3 976806
3 968877
3 829431
3 970731
3 1030176
3 873954
3 985311
3 1016316
3 1050885
3 1027125
3 959274
3 1009602
3 993213
3 1043550
3 932418
3 942930
3 954999
3 815850
3 946620
3 990333
3 876609
3 957348
3 963468
3 755055
3 1003941
3 1037052
3 1003923
3 930348
3 975051
3 864657
3 946872
3 950571
3 968436
3 936585
3 1013112
3 975465
3 897354
3 907902
3 853983
3 957384
3 1017792
3 936306
3 1008315
3 1026018
3 965313
3 818640
3 948987
3 987246
3 981783
3 992673
3 1003275
3 1013472
3 903672
3 973152
3 978273
3 846756
3 1043190
3 927594
3 955953
3 868086
3 957969
3 1025469
3 928584
3 870363
3 966222
3 1010961
3 844227
3 933210
3 942966
3 938655
3 960516
3 1048869
3 899991
3 970965
3 942732
3 1019637
3 941553
3 1032462
3 960957
3 1018440
3 999639
3 938952
3 950751
3 849870
3 967320
3 985671
3 919773
3 940734
3 931311
3 896292
3 1020339
3 979200
3 994383
3 946548
3 930231
3 949068
3 1014210
3 982098
3 953955
3 900558
3 992421
3 949590
3 950589
3 917982
3 1003185
3 1022184
3 1020177
3 976221
3 972297
3 968283
3 987075
3 1069227
3 944172
3 1035207
3 1042668
3 972540
3 1032480
3 1032021
3 1028529
3 1020375
3 961650
3 944730
3 820350
3 990909
3 995031
3 995040
3 983601
3 1017468
3 861174
3 901674
3 998820
3 987867
3 984204
3 950634
3 953415
3 944352
3 997380
3 950409
3 911925
3 996282
3 965385
3 912582
3 924291
3 984825
3 1042533
3 903069
3 916785
3 881982
3 1059219
3 948240
3 931446
3 889056
3 926829
3 1031688
3 1016514
3 919908
3 917082
3 999144
3 1037646
3 988263
3 1011114
3 1008765
3 992277
3 987732
3 1040535
3 892341
3 992151
3 966375
3 932688
3 1017846
3 983844
3 1037682
3 982305
3 1009287
3 993870
3 974439
3 847899
3 1058418
3 1052775
3 1059633
3 902853
3 1052982
3 910953
3 934236
3 913851
3 968814
3 932211
3 1044999
3 966159
3 854613
3 966879
3 1026423
3 982548
3 1050633
3 962982
3 953604
3 1002159
3 961524
3 992277
3 1033335
3 925254
3 985896
3 973656
3 1058409
3 932877
3 1000521
3 1004652
3 1031571
3 942444
3 1016307
3 947250
3 1005111
3 973791
3 1055070
3 935892
3 1010007
3 926478
3 967635
3 937692
3 958374
3 1078956
3 976347
3 1021176
3 918207
3 992484
3 937062
3 1057707
3 996741
3 954531
3 1017954
3 883260
3 1028412
3 908991
3 974970
3 992772
3 971451
3 995490
3 1011654
3 992196
3 958401
3 1009017
3 957033
3 1044747
3 985266
3 1035333
3 1034505
3 953838
3 978579
3 943524
3 941292
3 979902
3 1003401
3 1005723
3 964998
3 882693
3 1037484
3 830340
3 972549
3 1000638
3 964152
3 1086498
3 832986
3 986445
3 969012
3 920079
3 1004283
3 865863
3 950760
3 997614
3 839196
3 892278
3 893664
3 971766
3 932886
3 1044855
3 953577
3 1020483
3 914400
3 941850
3 936234
3 941454
3 937251
3 857682
3 986400
3 928008
3 983538
3 988002
3 891630
3 1009593
3 1005768
3 894888
3 913923
3 986337
3 1018152
3 1004616
3 943587
3 887490
3 960039
3 940986
3 944442
3 1001286
3 963873
3 1033029
3 955530
3 867618
3 992637
3 1017720
3 979407
3 1024965
3 1002879
3 1014093
3 984438
3 996210
3 952200
3 953631
3 1046493
3 993618
3 842850
3 858267
3 974295
3 1004967
3 1027071
3 954783
3 979794
3 786105
3 912231
3 960597
3 1035207
3 978579
3 970650
3 984141
3 793557
3 1022040
3 1016037
3 922734
3 990099
3 988155
3 1012500
3 1031877
3 1018386
3 881280
3 905760
3 1003923
3 1020123
3 988389
3 1029753
3 908640
3 932031
3 1041804
3 940869
3 989874
3 970848
3 1015668
3 812358
3 932409
3 975537
3 971001
3 1014210
3 851553
3 1054665
3 1021248
3 952218
3 957789
3 1006722
3 953550
3 942048
3 1035243
3 972882
3 867627
3 989739
3 853776
3 991827
3 994698
3 925272
3 1006002
3 943911
3 981144
3 884169
3 974673
3 971577
3 976491
3 946683
3 952623
3 914562
3 934443
3 935253
3 878598
3 1022922
3 994347
3 947412
3 966249
3 1001700
3 896310
3 1033434
3 923850
3 942336
3 905940
3 923670
3 980028
3 933363
3 884025
3 917514
3 903186
3 969318
3 1014102
3 1026675
3 925857
3 989667
3 990972
3 988479
3 1051137
3 947106
3 1002924
3 975807
3 1002825
3 931644
3 1042839
3 978030
3 1064286
3 924426
3 979731
3 963297
3 972666
3 962514
3 927117
3 916956
3 969642
3 997029
3 989406
3 961371
3 929502
3 910836
3 942849
3 1026891
3 977004
3 971568
3 926388
3 984195
3 847791
3 914652
3 1020951
3 1008189
3 1067409
3 974574
3 970794
3 976644
3 840798
3 896814
3 934110
3 967311
3 985689
3 983511
3 881604
3 972090
3 963594
3 983745
3 964737
3 1014534
3 1030356
3 930852
3 988371
3 1035063
3 977328
3 1070424
3 986130
3 1037331
3 986715
3 988479
3 1023588
3 989748
3 1001952
3 996768
3 1033893
3 1015092
3 949824
3 1015209
3 974682
3 1018998
3 969876
3 1053162
3 936810
3 976383
3 1038402
3 954000
3 967059
3 916281
3 1007928
3 1019925
3 883827
3 982152
3 941679
3 1028457
3 951048
3 942777
3 998640
3 970920
3 819828
3 972072
3 984303
3 924453
3 850626
3 968157
3 1027008
3 946017
3 920160
3 925794
3 977976
3 970992
3 923886
3 1041336
3 962307
3 990783
3 955467
3 999261
3 859941
3 912834
3 1001079
3 936126
3 992691
3 1002987
3 898056
3 981306
3 960291
3 1033353
3 1015020
3 1008063
3 898731
3 905814
3 981162
3 967455
3 844983
3 1037853
3 1016379
3 962019
3 813069
3 971082
3 1002249
3 1011375
3 874449
3 1011195
3 962136
3 970542
3 1015929
3 1031868
3 918999
3 979848
3 973413
3 952686
3 936549
3 991260
3 1032192
3 994581
3 987066
3 945063
3 959319
3 902583
3 1069434
3 1033335
3 987777
3 956304
3 1016820
3 973062
3 974421
3 957708
3 819549
3 970470
3 1029933
3 956106
3 941580
3 998325
3 897525
3 997227
3 966240
3 857556
3 967491
3 984510
3 1028547
3 986283
3 932112
3 1031265
3 958140
3 1027143
3 938790
3 981450
3 880353
3 980307
3 858870
3 988830
3 962487
3 1008819
3 1026765
3 955017
3 1016370
3 1019079
3 943902
3 989271
3 986373
3 1027062
3 991359
3 943812
3 959832
3 956970
3 888795
3 922077
3 973260
3 972531
3 988119
3 989973
3 988542
3 1000494
3 1047681
3 961218
3 944091
3 1025487
3 899793
3 952560
3 937071
3 1034586
3 924831
3 973296
3 897687
3 912897
3 1051623
3 971154
3 979020
3 981954
3 998001
3 964917
3 1010772
3 992232
3 942048
3 1005525
3 972396
3 931743
3 973719
3 970119
3 1021806
3 954783
3 1017387
3 1011708
3 940284
3 1016721
3 1051704
3 971901
3 964413
3 990342
3 985950
3 995355
3 983601
3 968562
3 1001349
3 1040778
3 988569
3 1047078
3 941697
3 1022454
3 968823
3 997920
3 972324
3 982071
3 1080288
3 1008135
3 992628
3 1035459
3 960327
3 961812
3 1011033
3 1056141
3 968175
3 1030653
3 1045908
3 984537
3 965961
3 934758
3 980379
3 946800
3 857763
3 941661
3 952245
3 970956
3 960795
3 1004742
3 958212
3 976347
3 1023525
3 953010
3 1005831
3 936729
3 898479
3 851148
3 898425
3 781407
3 977526
3 944937
3 863460
3 984222
3 981306
3 1019988
3 971244
3 952119
3 1016523
3 1008936
3 1051578
3 888939
3 1005849
3 1016109
3 957546
3 985545
3 965061
3 964179
3 1027305
3 1046961
3 1037394
3 972297
3 1009242
3 941679
3 1002276
3 963882
3 940068
3 901287
3 995076
3 1025676
3 951921
3 905706
3 947619
3 998190
3 920169
3 918216
3 926415
3 888210
3 866268
3 972207
3 943092
3 983376
3 1039608
3 939132
3 816813
3 1061901
3 987309
3 953028
3 1009287
3 983799
3 986841
3 1039122
3 950418
3 886194
3 976914
3 988452
3 997614
3 984816
3 961866
3 1009152
3 1012644
3 1039833
3 929430
3 880317
3 953244
3 910188
3 979155
3 920052
3 905328
3 940167
3 952155
3 932319
3 1026531
3 955818
3 941481
3 1041489
3 824886
3 975240
3 989028
3 896490
3 1030572
3 958320
3 1036521
3 1047474
3 942300
3 1038978
3 1041471
3 1070397
3 1039797
3 957987
3 915921
3 971568
3 985374
3 1036458
3 1031814
3 998163
3 1004373
3 1018476
3 936585
3 952029
3 974340
3 942714
3 992268
3 996714
3 914688
3 1000512
3 903906
3 936801
3 990414
3 982251
3 996993
3 916506
3 927054
3 1045611
3 936612
3 953262
3 953883
3 935082
3 978129
3 903636
3 1021473
3 1015506
3 929844
3 946737
3 900225
3 1024821
3 1058814
3 982305
3 934641
3 886437
3 969786
3 959400
3 979362
3 971505
3 990522
3 989946
3 917613
3 938763
3 930942
3 1016271
3 929079
3 898272
3 886842
3 962244
3 821844
3 913050
3 1043190
3 960984
3 941562
3 984222
3 966744
3 1001547
3 952578
3 963387
3 885456
3 985572
3 1010385
3 953676
3 937980
3 967338
3 966879
3 1031166
3 995463
3 968427
3 951525
3 948753
3 986292
3 869607
3 1018305
3 955386
3 931842
3 896499
3 1055511
3 866907
3 851625
3 927153
3 1062900
3 1036980
3 922554
3 931572
3 958509
3 989118
3 958752
3 952650
3 1017846
3 1029582
3 941832
3 1019655
3 919296
3 969732
3 1092906
3 994059
3 995166
3 984555
3 968283
3 985401
3 975096
3 1013436
3 1042767
3 1024632
3 868023
3 951975
3 952227
3 974970
3 1055970
3 986724
3 1002150
3 1059363
3 880227
3 948195
3 812682
3 993870
3 1012194
3 869778
3 1003554
3 971928
3 964728
3 951210
3 1085148
3 889344
3 989811
3 995445
3 1007694
3 985590
3 948024
3 946782
3 869886
3 1024731
3 906903
3 1005129
3 864801
3 1029726
3 975240
3 933822
3 962784
3 952191
3 1025136
3 925542
3 955548
3 991647
3 987093
3 885267
3 982737
3 982647
3 952362
3 910890
3 953226
3 959130
3 920592
3 974322
3 903474
3 961488
3 1006875
3 846432
3 1038897
3 945567
3 979227
3 1012185
3 924210
3 979992
3 889560
3 981819
3 951543
3 1010358
3 1028160
3 924453
3 920916
3 966447
3 910503
3 987714
3 1047942
3 856863
3 903582
3 1044099
3 1093680
3 976185
3 1019646
3 881613
3 1022013
3 1014714
3 913824
3 907209
3 953568
3 995769
3 1028763
3 946062
3 1013985
3 913563
3 993384
3 797310
3 1016046
3 1000548
3 879408
3 953460
3 941094
3 975852
3 1019889
3 926280
3 964188
3 843192
3 963567
3 1050597
3 897327
3 1001223
3 930447
3 967653
3 985869
3 984042
3 942057
3 985104
3 991683
3 893259
3 948402
3 962847
3 924957
3 1013004
3 1004913
3 950445
3 1005030
3 989820
3 1007478
3 935082
3 957051
3 912105
3 1043172
3 967671
3 947250
3 958824
3 1021779
3 998316
3 1021518
3 920907
3 959850
3 896850
3 968058
3 988497
3 893547
3 979056
3 1009629
3 942849
3 982323
3 1044018
3 1019727
3 904023
3 917226
3 938457
3 1031409
3 1048581
3 831051
3 892872
3 1047933
3 1000422
3 1015335
3 903699
3 971757
3 992043
3 872541
3 927027
3 1032336
3 994707
3 972414
3 1011213
3 947304
3 926280
3 1058571
3 856125
3 1043712
3 952623
3 931779
3 989748
3 969219
3 1015191
3 990090
3 1031229
3 927882
3 1058823
3 1036638
3 981324
3 972918
3 1006488
3 967383
3 970146
3 914022
3 1023840
3 1021923
3 1018224
3 902799
3 955548
3 954801
3 1061793
3 976374
3 1038591
3 1021329
3 1032066
3 870147
3 979479
3 935496
3 953811
3 972306
3 913842
3 938619
3 975951
3 880938
3 1004328
3 1016280
3 993519
3 971163
3 923274
3 1049310
3 956844
3 1034127
3 1050228
3 1023615
3 1018260
3 1018377
3 919944
3 1004778
3 953424
3 1005615
3 963072
3 874917
3 1015650
3 963531
3 967941
3 931275
3 852165
3 1005930
3 1014300
3 1021293
3 970974
3 951948
3 980235
3 989685
3 986715
3 844128
3 1048995
3 998235
3 1007352
3 985491
3 979092
3 972918
3 960093
3 987813
3 800667
3 910575
3 965313
3 852381
3 961803
3 1015848
3 1000548
3 972279
3 991440
3 906174
3 949707
3 1042632
3 967617
3 893358
3 989361
3 953046
3 909927
3 951093
3 1043109
3 1027197
3 1001961
3 957555
3 1003671
3 1033299
3 1093518
3 917595
3 1024101
3 982485
3 970713
3 1053279
3 953091
3 972423
3 1002906
3 976311
3 887922
3 1055358
3 986535
3 1056987
3 1000242
3 953685
3 957339
3 1063080
3 926253
3 1014966
3 967320
3 987624
3 1001277
3 926604
3 944325
3 897174
3 942471
3 948276
3 969444
3 984996
3 1009278
3 991917
3 975699
3 927855
3 876195
3 917280
3 956601
3 965043
3 984132
3 968634
3 875916
3 991062
3 992763
3 1020033
3 1037628
3 1048167
3 973395
3 965421
3 1001196
3 981099
3 1042191
3 993222
3 935892
3 960597
3 1035117
3 881424
3 903276
3 987021
3 964701
3 941688
3 989667
3 1022328
3 1010664
3 964143
3 999711
3 929988
3 951084
3 921978
3 951273
3 1077408
3 1002474
3 959355
3 980739
3 918423
3 961209
3 1026396
3 942957
3 1017369
3 915867
3 861642
3 968643
3 1020456
3 983376
3 980478
3 1022427
3 986058
3 1028151
3 931221
3 980415
3 904698
3 968994
3 970506
3 1048167
3 980865
3 976869
3 962811
3 883872
3 989730
3 916200
3 989325
3 898506
3 1032048
3 1015488
3 957879
3 993006
3 991980
3 1029339
3 885897
3 989244
3 894735
3 970002
3 984240
3 839961
3 975222
3 940878
3 973899
3 1046781
3 1032345
3 896913
3 933777
3 1020843
3 964314
3 969075
3 959580
3 956331
3 942363
3 1037439
3 1010250
3 951786
3 1020186
3 969876
3 948843
3 945414
3 1024443
3 871713
3 923634
3 941139
3 883116
3 994455
3 970362
3 858717
3 991413
3 1025685
3 949230
3 948609
3 973188
3 956124
3 986094
3 982809
3 1007370
3 919287
3 995274
3 1000062
3 868140
3 913725
3 764910
3 893385
3 1061964
3 1004733
3 945756
3 860778
3 1033497
3 981936
3 969354
3 947430
3 1026882
3 957780
3 973593
3 980874
3 971469
3 1005462
3 987210
3 983421
3 1027242
3 1034532
3 1035018
3 969768
3 925956
3 911862
3 1030005
3 1065546
3 887031
3 1011942
3 974862
3 1101546
3 869517
3 975645
3 945693
3 929907
3 979299
3 928818
3 955341
3 954630
3 949275
3 967176
3 939852
3 976239
3 1029780
3 922599
3 1041948
3 986904
3 985176
3 1022157
3 877725
3 1015029
3 991377
3 973701
3 1006767
3 1008549
3 959823
3 940050
3 945846
3 959157
3 1000404
3 875430
3 977634
3 985086
3 961128
3 927576
3 999720
3 924723
3 853947
3 897975
3 973638
3 1061055
3 958122
3 873414
3 890622
3 940905
3 935802
3 1004175
3 938331
3 943020
3 854370
3 954522
3 986328
3 889434
3 1012635
3 1016730
3 1076616
3 964989
3 1024038
3 1012896
3 987471
3 836775
3 908262
3 989118
3 933561
3 962865
3 945711
3 925254
3 986193
3 917460
3 909288
3 1000422
3 983115
3 967968
3 1003284
3 971163
3 965601
3 941031
3 916614
3 921600
3 962460
3 993825
3 894447
3 1032453
3 983367
3 1017882
3 987291
3 1061217
3 925578
3 956430
3 999225
3 942192
3 912294
3 972684
3 959148
3 896949
3 1003635
3 938988
3 883827
3 979164
3 1040445
3 999171
3 957834
3 1047960
3 993051
3 976986
3 945720
3 985383
3 871416
3 949869
3 1003248
3 960507
3 905157
3 856899
3 971523
3 898110
3 984474
3 962946
3 1013112
3 1019511
3 1044153
3 838755
3 946305
3 1011384
3 960543
3 1017531
3 1062225
3 1057212
3 935694
3 984996
3 1009989
3 935433
3 974358
3 820062
3 1058139
3 882351
3 1036044
3 1018260
3 945243
3 931131
3 941247
3 862353
3 1011312
3 963747
3 910890
3 895176
3 998811
3 899577
3 974781
3 1060677
3 1031787
3 1005138
3 968445
3 918945
3 1015533
3 1010241
3 1019817
3 954351
3 1025190
3 906759
3 900189
3 999486
3 866970
3 972090
3 972954
3 926892
3 863595
3 998820
3 914067
3 985815
3 916749
3 856458
3 993231
3 951093
3 902961
3 973413
3 836397
3 926163
3 869850
3 936936
3 962460
3 1036818
3 979029
3 978174
3 1011636
3 1059804
3 976239
3 1012131
3 930699
3 854775
3 985167
3 994338
3 977193
3 969021
3 953262
3 975546
3 960021
3 875421
3 919971
3 957753
3 980964
3 1056654
3 856458
3 991737
3 992421
3 924255
3 895104
3 856881
3 1001160
3 956124
3 1037052
3 984303
3 956151
3 971982
3 983988
3 903339
3 909261
3 1007910
3 990837
3 1038474
3 940491
3 1017558
3 932517
3 955944
3 984618
3 1025793
3 950814
3 983718
3 1033407
3 1059516
3 985257
3 947943
3 925785
3 906120
3 865440
3 1014282
3 942075
3 1027791
3 1004508
3 994572
3 977859
3 994590
3 989568
3 924714
3 1025955
3 935595
3 1009170
3 956790
3 938160
3 982350
3 961803
3 972900
3 933345
3 1006425
3 992556
3 935487
3 1006209
3 1002510
3 982926
3 982503
3 853560
3 789831
3 982197
3 986013
3 940347
3 959103
3 896796
3 1008324
3 1005453
3 956106
3 967536
3 960741
3 865674
3 994599
3 959976
3 919944
3 853353
3 1062396
3 1010781
3 961182
3 948510
3 1013355
3 953253
3 923148
3 992862
3 954792
3 940464
3 970065
3 853029
3 1070460
3 952101
3 958491
3 928818
3 923364
3 991224
3 991458
3 925812
3 927954
3 931797
3 846360
3 1014633
3 955314
3 901143
3 1046430
3 998505
3 969075
3 1061010
3 970299
3 1004967
3 874638
3 944352
3 971550
3 1003887
3 1009467
3 945585
3 951669
3 1010943
3 1013175
3 876177
3 911052
3 889893
3 996723
3 1020249
3 986238
3 973431
3 896922
3 956394
3 940716
3 977805
3 1073511
3 948114
3 924327
3 1015344
3 945288
3 960552
3 979812
3 1031454
3 1050705
3 1016136
3 1025073
3 1010142
3 1000152
3 901980
3 878751
3 982296
3 923256
3 981063
3 977715
3 961920
3 1035846
3 1091772
3 937134
3 962802
3 923067
3 862803
3 900630
3 839313
3 995436
3 880056
3 1010916
3 925038
3 1048563
3 1054764
3 992853
3 1006065
3 1018665
3 971640
3 1007982
3 938538
3 880551
3 966978
3 924633
3 1027710
3 900099
3 944028
3 1018872
3 1013670
3 992502
3 881730
3 805626
3 1053540
3 1122318
3 1033155
3 973989
3 1058940
3 992430
3 1020294
3 933777
3 967698
3 964953
3 911268
3 1013499
3 871452
3 1026972
3 915255
3 900081
3 1048302
3 1003536
3 1009746
3 956997
3 1003185
3 842877
3 969615
3 993303
3 1050732
3 951111
3 967653
3 1013427
3 971901
3 984690
3 1015839
3 958860
3 945585
3 1037871
3 964062
3 983583
3 1054701
3 930294
3 1023975
3 1009710
3 954063
3 911997
3 999117
3 904131
3 881730
3 968688
3 952605
3 988326
3 1021554
3 1005894
3 978075
3 976284
3 957699
3 1014480
3 996543
3 1026468
3 948177
3 972486
3 912960
3 1030977
3 880119
3 973008
3 1054530
3 972054
3 944802
3 867312
3 900342
3 1006299
3 960561
3 934128
3 859509
3 1007919
3 968436
3 883080
3 975771
3 964854
3 953730
3 962658
3 978678
3 917928
3 974781
3 982467
3 909117
3 930546
3 1013193
3 975195
3 1018305
3 911421
3 1017639
3 1033146
3 960021
3 1023372
3 942435
3 973971
3 995373
3 916821
3 911943
3 995742
3 1006659
3 948636
3 913473
3 892116
3 876600
3 982692
3 920529
3 1082934
3 921429
3 967644
3 1032201
3 947322
3 933183
3 1027368
3 1045026
3 963243
3 1088964
3 1006731
3 950283
3 1001097
3 954108
3 943947
3 928467
3 983079
3 914166
3 1047897
3 936891
3 896535
3 1018728
3 968103
3 1025694
3 893736
3 895077
3 970668
3 959697
3 1025379
3 966879
3 936234
3 974826
3 1009179
3 916407
3 860067
3 997092
3 1005516
3 945351
3 995679
3 972360
3 943092
3 1008297
3 1043712
3 938358
3 936918
3 956592
3 948303
3 1002402
3 950814
3 930051
3 966663
3 1000422
3 1031850
3 941211
3 966060
3 874854
3 1045359
3 981207
3 983871
3 955359
3 1026243
3 1032525
3 829161
3 972774
3 886419
3 948771
3 979632
3 910953
3 1067256
3 935982
3 964827
3 903366
3 987570
3 1026045
3 944550
3 966663
3 976626
3 976230
3 986949
3 1016109
3 930942
3 1055430
3 924579
3 981288
3 1006569
3 921861
3 996309
3 1011276
3 965439
3 936027
3 1015497
3 918072
3 1003914
3 966861
3 888309
3 983259
3 960237
3 935361
3 957573
3 1003392
3 1044000
3 860382
3 986877
3 909567
3 1000584
3 939177
3 970524
3 983313
3 981585
3 921024
3 936711
3 1038726
3 997101
3 921978
3 920952
3 1013031
3 981513
3 1035549
3 919764
3 867816
3 982539
3 1032678
3 898065
3 1010862
3 943632
3 912150
3 969993
3 906309
3 972828
3 929457
3 1003437
3 844686
3 960111
3 987687
3 955314
3 961398
3 921807
3 972621
3 936585
3 1009467
3 944397
3 991890
3 923607
3 979929
3 962082
3 902439
3 994824
3 1006812
3 1052361
3 876330
3 916767
3 781650
3 846774
3 968589
3 1025073
3 914229
3 985851
3 934389
3 961002
3 1016163
3 952299
3 960273
3 1014714
3 974097
3 965844
3 942912
3 975600
3 1018773
3 972396
3 1007271
3 896634
3 966375
3 1003662
3 979389
3 1077237
3 1027341
3 1051569
3 1006785
3 1009962
3 960687
3 1015389
3 1057707
3 913923
3 930483
3 988137
3 979596
3 1013130
3 1022157
3 906471
3 1012185
3 1062522
3 1013607
3 1015182
3 931932
3 1021356
3 946224
3 956178
3 1005777
3 914679
3 963810
3 1006272
3 988236
3 971991
3 1050660
3 1020366
3 898407
3 944424
3 744246
3 875754
3 976455
3 939888
3 951525
3 998460
3 973458
3 1039113
3 938070
3 991215
3 1027179
3 921690
3 977085
3 974043
3 1001106
3 1004913
3 1016973
3 954342
3 971523
3 1042965
3 983961
3 946152
3 987120
3 969399
3 1014210
3 866718
3 968328
3 1004589
3 1021383
3 957807
3 1027917
3 994914
3 971163
3 1011141
3 981981
3 986076
3 981549
3 887913
3 918945
3 996471
3 914769
3 983475
3 1025415
3 988317
3 916416
3 1034595
3 867816
3 943947
3 852669
3 1023390
3 1003509
3 935100
3 1002384
3 997794
3 926613
3 1026378
3 985923
3 932139
3 925992
3 894456
3 1016172
3 886329
3 984969
3 1002042
3 909027
3 933291
3 969696
3 927468
3 980028
3 945990
3 983826
3 981792
3 949905
3 953559
3 989307
3 1037412
3 977292
3 1002087
3 916821
3 899667
3 993825
3 994302
3 916326
3 1009656
3 930132
3 1025181
3 788211
3 925902
3 1021041
3 1005543
3 898344
3 993339
3 854595
3 787626
3 956142
3 956151
3 992007
3 967833
3 845640
3 976401
3 942129
3 936720
3 960345
3 1021950
3 964719
3 939312
3 978300
3 918954
3 951282
3 920862
3 974457
3 959022
3 974952
3 879534
3 920466
3 967725
3 1012626
3 964836
3 957114
3 902844
3 892089
3 966618
3 960723
3 984960
3 974475
3 945738
3 1008153
3 949149
3 948213
3 897147
3 961596
3 996885
3 1015461
3 904662
3 969507
3 865350
3 960804
3 978228
3 945738
3 876852
3 927126
3 1045890
3 928035
3 965007
3 1024308
3 957357
3 1003230
3 1017234
3 984141
3 1007802
3 942804
3 876519
3 997758
3 989289
3 851499
3 943848
3 973341
3 915615
3 962793
3 855504
3 966393
3 925443
3 965979
3 1007694
3 875610
3 981864
3 898920
3 994203
3 1024416
3 991575
3 992745
3 956088
3 910404
3 1012590
3 1046961
3 999666
3 981657
3 1010844
3 966024
3 952920
3 953775
3 1013220
3 999873
3 998244
3 775854
3 968913
3 946764
3 1002798
3 945927
3 1001601
3 961074
3 1061307
3 976545
3 946341
3 949482
3 949671
3 929727
3 1014651
3 1000008
3 924417
3 928683
3 988524
3 968940
3 1007820
3 982008
3 994095
3 918468
3 1003473
3 1063008
3 1019772
3 992826
3 962766
3 1055655
3 941940
3 945684
3 990522
3 981513
3 1042920
3 948456
3 943308
3 962514
3 997182
3 915057
3 966231
3 1058472
3 985743
3 991332
3 1028961
3 942471
3 947160
3 944307
3 1062621
3 819486
3 998955
3 962397
3 889488
3 945423
3 1021581
3 987318
3 903195
3 1002789
3 878787
3 1052577
3 1049391
3 978777
3 980397
3 1058895
3 968787
3 977319
3 977013
3 975861
3 993681
3 872649
3 998208
3 903213
3 879183
3 866016
3 1002672
3 983961
3 1008045
3 882180
3 1004040
3 1013868
3 994662
3 979290
3 851391
3 877500
3 1006398
3 946206
3 1011204
3 1056501
3 983313
3 813492
3 1013796
3 920466
3 985689
3 944226
3 1049112
3 953361
3 942003
3 976023
3 1048959
3 986193
3 916830
3 998568
3 954684
3 958824
3 922455
3 944874
3 1019151
3 975456
3 976212
3 986175
3 1015668
3 955359
3 870417
3 1054368
3 955071
3 1034685
3 985734
3 996003
3 896940
3 992700
3 931779
3 1009134
3 1008396
3 921258
3 1053801
3 1017927
3 1065924
3 967896
3 912618
3 924984
3 1014309
3 1058013
3 929160
3 983493
3 963270
3 943065
3 997416
3 954792
3 979776
3 982062
3 982431
3 951174
3 992070
3 1047312
3 972891
3 999423
3 1014831
3 1043415
3 956295
3 890046
3 969102
3 986319
3 1051731
3 961371
3 966024
3 901467
3 961641
3 987219
3 981090
3 1005147
3 964080
3 996516
3 946611
3 1070964
3 829458
3 991899
3 718776
3 939429
3 985212
3 922005
3 869958
3 894339
3 981531
3 987732
3 1047402
3 945135
3 1030428
3 778041
3 1007352
3 876258
3 974826
3 1012599
3 955638
3 1000728
3 956997
3 913896
3 943317
3 995454
3 1035495
3 996660
3 1003311
3 1053666
3 995706
3 909054
3 1028628
3 991080
3 980019
3 950310
3 995058
3 957573
3 1005228
3 989982
3 939402
3 969516
3 1051857
3 1057599
3 1039293
3 882090
3 1012419
3 962199
3 818586
3 1015146
3 934776
3 1020411
3 921483
3 872919
3 907497
3 1043649
3 860211
3 966321
3 912141
3 973980
3 1017153
3 1009719
3 1016622
3 978318
3 1052208
3 1034010
3 964899
3 984528
3 979137
3 1025658
3 777735
3 994680
3 996741
3 986868
3 958248
3 952308
3 989307
3 1017000
3 999225
3 949842
3 951993
3 991467
3 929781
3 973152
3 991773
3 972297
3 1028331
3 1013895
3 1030752
3 999324
3 1095174
3 963909
3 922122
3 1053378
3 954558
3 1033695
3 995823
3 989460
3 954000
3 948213
3 846261
3 984294
3 1020789
3 946458
3 1015245
3 984870
3 943047
3 909315
3 945909
3 965079
3 975420
3 946566
3 989460
3 1055538
3 1015407
3 1005975
3 961047
3 963414
3 964440
3 1007694
3 900351
3 1014714
3 1004058
3 966312
3 846594
3 975987
3 875214
3 1018377
3 962451
3 1056033
3 1018107
3 888525
3 981144
3 973323
3 956169
3 1011231
3 899613
3 1058994
3 991035
3 830466
3 1012725
3 982854
3 963189
3 1008441
3 945171
3 979740
3 970245
3 1010250
3 1003338
3 961452
3 965493
3 1077777
3 920628
3 1002771
3 909873
3 1000881
3 964269
3 972828
3 961614
3 1042983
3 911799
3 1016451
3 957087
3 979857
3 928332
3 935847
3 912978
3 986697
3 1000512
3 993204
3 956097
3 944622
3 922401
3 988902
3 792864
3 1002942
3 979578
3 973404
3 1010061
3 1014912
3 954369
3 971730
3 996795
3 997380
3 1068795
3 1076481
3 981369
3 1049382
3 910701
3 1023273
3 925290
3 963216
3 961938
3 973611
3 833373
3 989820
3 982989
3 889155
3 1010817
3 1062567
3 965853
3 1037475
3 1007964
3 932913
3 954981
3 1020006
3 953469
3 1033038
3 930069
3 931527
3 916803
3 1015758
3 884151
3 964449
3 924480
3 1014030
3 996615
3 970263
3 952686
3 946620
3 1023777
3 1045476
3 994437
3 957978
3 942867
3 1045152
3 978939
3 987111
3 959391
3 985635
3 962127
3 948546
3 944478
3 901080
3 936144
3 1080153
3 994194
3 987939
3 988875
3 979362
3 1032138
3 986427
3 960318
3 992097
3 996174
3 958536
3 976509
3 971829
3 1084023
3 983583
3 1013895
3 993789
3 1041111
3 936765
3 1015515
3 1025028
3 929565
3 975411
3 976131
3 879948
3 989550
3 984114
3 984411
3 898164
3 815886
3 984519
3 997434
3 972954
3 956673
3 988362
3 916614
3 839070
3 974664
3 1021041
3 947088
3 950166
3 976572
3 1000098
3 1000233
3 988578
3 859626
3 847593
3 1057491
3 888858
3 973278
3 938367
3 1021203
3 975078
3 1001871
3 964719
3 968670
3 952542
3 950400
3 1019502
3 994302
3 957456
3 1026567
3 984078
3 956133
3 1002789
3 1050264
3 1020663
3 965844
3 1007397
3 932175
3 974268
3 910134
3 944397
3 1000449
3 990990
3 1069560
3 948546
3 852939
3 920952
3 980199
3 1010421
3 964260
3 973863
3 1012608
3 833733
3 1012734
3 988560
3 923310
3 1000287
3 1009773
3 971082
3 1025784
3 985716
3 994500
3 984600
3 901467
3 993303
3 987894
3 1006668
3 1026108
3 991683
3 1036476
3 896382
3 964647
3 883323
3 928377
3 1018017
3 956277
3 964377
3 996336
3 939060
3 1008720
3 1037709
3 1039959
3 982584
3 923814
3 1011510
3 980829
3 1013436
3 1024092
3 973359
3 956466
3 1015533
3 942615
3 944442
3 974340
3 1012032
3 982935
3 898164
3 972378
3 938493
3 981648
3 968094
3 1007505
3 984060
3 956898
3 947808
3 953424
3 1028925
3 983574
3 939753
3 985644
3 990054
3 960525
3 977436
3 1024416
3 980001
3 968346
3 1022499
3 1052055
3 984465
3 974079
3 928350
3 965502
3 974079
3 1007442
3 964314
3 909747
3 1037178
3 1007640
3 995661
3 1000557
3 973260
3 934299
3 1012041
3 993024
3 1040661
3 979749
3 921951
3 1011888
3 1023804
3 976662
3 965943
3 1011393
3 997443
3 924489
3 888570
3 934209
3 918549
3 954945
3 905193
3 905535
3 873477
3 999207
3 950850
3 1017666
3 1016721
3 1018539
3 969858
3 947772
3 1060317
3 985671
3 1002123
3 970056
3 1008567
3 889488
3 936144
3 980829
3 1005147
3 1039932
3 884394
3 921771
3 967086
3 998712
3 1080720
3 899208
3 927603
3 966681
3 1014174
3 1041048
3 1028664
3 973215
3 977445
3 1004526
3 1022625
3 975006
3 999720
3 979389
3 953514
3 948438
3 1018764
3 1013769
3 982872
3 1034730
3 966501
3 974367
3 1096074
3 1002780
3 895527
3 944901
3 960534
3 976824
3 807129
3 1038564
3 865062
3 1028610
3 952416
3 929142
3 1066563
3 840915
3 1026594
3 884250
3 1013805
3 981567
3 927072
3 1022031
3 986535
3 976185
3 961056
3 1023228
3 998496
3 996669
3 1058391
3 1028475
3 1004373
3 1000053
3 961407
3 953937
3 1026486
3 977382
3 837810
3 958545
3 1083060
3 936117
3 949122
3 977274
3 1004931
3 933471
3 969201
3 884997
3 1021950
3 841023
3 946098
3 1005687
3 968733
3 1035117
3 961497
3 950616
3 987075
3 927549
3 883647
3 957195
3 918621
3 913149
3 971055
3 1012320
3 1076652
3 914967
3 985689
3 937737
3 945972
3 1004643
3 789201
3 999603
3 943173
3 1013994
3 917883
3 1006983
3 968724
3 1027530
3 994266
3 1032552
3 960327
3 1012275
3 964170
3 962469
3 983232
3 1014093
3 1010691
3 965799
3 1008522
3 965151
3 950688
3 880254
3 990324
3 982566
3 998847
3 913491
3 1004292
3 848475
3 1018827
3 1024992
3 897426
3 887103
3 992934
3 897192
3 987489
3 909531
3 1054305
3 1030734
3 1033758
3 1023048
3 1022787
3 1009800
3 950094
3 1001727
3 892179
3 848592
3 945153
3 1066311
3 994446
3 937818
3 1025505
3 1003833
3 977508
3 977472
3 981351
3 875187
3 977931
3 962019
3 981810
3 987273
3 950220
3 1014750
3 971208
3 1007739
3 1014570
3 986724
3 981198
3 999000
3 1016757
3 961992
3 864702
3 1014066
3 1060038
3 870858
3 936639
3 962037
3 999513
3 1049391
3 1002321
3 960129
3 1011591
3 890442
3 939690
3 937674
3 1013121
3 967158
3 1001871
3 1052775
3 1003842
3 990963
3 915003
3 950472
3 1031454
3 1033218
3 972945
3 1004688
3 930105
3 973377
3 1011159
3 992394
3 908928
3 943785
3 982125
3 1026315
3 1058832
3 971694
3 888786
3 1023192
3 964260
3 974187
3 937728
3 1023084
3 913095
3 922464
3 1041309
3 1048356
3 970596
3 959751
3 985752
3 1034361
3 938268
3 941958
3 934281
3 1018080
3 1005471
3 983574
3 1041867
3 763173
3 1025649
3 972621
3 917649
3 1001133
3 970857
3 970065
3 945855
3 1009071
3 960588
3 944037
3 976896
3 873963
3 995967
3 888795
3 844839
3 980298
3 995481
3 924264
3 880101
3 974718
3 989055
3 955746
3 1050255
3 948384
3 948456
3 990792
3 964881
3 1019997
3 971919
3 854613
3 997767
3 927756
3 859113
3 967122
3 966357
3 933516
3 949041
3 878868
3 944721
3 948195
3 1035549
3 845109
3 933624
3 967770
3 1049148
3 899532
3 951237
3 1006155
3 877743
3 959076
3 1007631
3 949266
3 890343
3 910728
3 980388
3 1058967
3 1016100
3 938961
3 991251
3 947835
3 985347
3 939204
3 972045
3 934281
3 955512
3 967545
3 888723
3 961281
3 983322
3 1033254
3 1017531
3 966789
3 1038924
3 1012896
3 1071270
3 931815
3 973890
3 946296
3 966618
3 868041
3 986715
3 1034271
3 991206
3 945756
3 1030356
3 916263
3 972450
3 977607
3 936828
3 978741
3 791568
3 937305
3 1020258
3 1034955
3 963612
3 978768
3 957636
3 900927
3 985725
3 987498
3 997803
3 993744
3 978966
3 1028394
3 927153
3 1022094
3 1027611
3 933723
3 946422
3 1022229
3 934461
3 954729
3 1028655
3 913284
3 1001610
3 982287
3 943587
3 1003347
3 927594
3 883413
3 815904
3 995418
3 1017801
3 896931
3 970992
3 932382
3 1060740
3 942174
3 977445
3 1021500
3 948375
3 1026261
3 928386
3 936162
3 982881
3 962289
3 970308
3 1050498
3 945783
3 1015749
3 959940
3 1019790
3 945981
3 988110
3 968301
3 979515
3 986202
3 931518
3 989703
3 993357
3 1016595
3 942390
3 965277
3 935685
3 955575
3 963252
3 1036908
3 1035342
3 981891
3 1032201
3 1014768
3 911223
3 980739
3 970794
3 1051704
3 1028115
3 911016
3 1010115
3 994329
3 868707
3 1006434
3 947187
3 922779
3 1013697
3 969966
3 1055142
3 958419
3 1004202
3 964161
3 1001250
3 983502
3 995472
3 1031283
3 927180
3 962883
3 966744
3 953532
3 968364
3 942417
3 1031544
3 994716
3 971460
3 953613
3 980271
3 984231
3 961119
3 1022472
3 872802
3 1044936
3 1047222
3 913545
3 1009656
3 953154
3 1019484
3 1021959
3 999036
3 893340
3 990135
3 881478
3 963891
3 961155
3 1038906
3 1059822
3 941121
3 1027638
3 958905
3 871614
3 950319
3 975096
3 887436
3 911277
3 1029645
3 968454
3 1007226
3 983754
3 1002609
3 986985
3 1014444
3 975519
3 993105
3 886698
3 1028691
3 1009332
3 984789
3 951201
3 922365
3 1035684
3 991053
3 964539
3 944955
3 956835
3 888471
3 936684
3 938556
3 905634
3 970254
3 1023444
3 912618
3 1023273
3 959841
3 1040796
3 929754
3 990009
3 980001
3 917217
3 917775
3 976509
3 857700
3 1023678
3 1002933
3 892809
3 911484
3 974250
3 920295
3 1020348
3 1000935
3 915084
3 840159
3 869877
3 902079
3 1012797
3 973215
3 935379
3 933732
3 1004022
3 1011483
3 929511
3 991404
3 1058868
3 1007127
3 969966
3 970317
3 931392
3 972216
3 1039248
3 930375
3 980091
3 968121
3 985401
3 1006065
3 848772
3 983403
3 971505
3 998334
3 1071954
3 1016271
3 923328
3 1018260
3 892665
3 1005696
3 984879
3 1008270
3 1020177
3 909792
3 1024380
3 989343
3 1042839
3 919350
3 1017036
3 1066293
3 949527
3 889416
3 762876
3 1010790
3 959985
3 902250
3 832824
3 1002348
3 1019772
3 888039
3 1038942
3 938484
3 938835
3 1062846
3 1024488
3 949815
3 961335
3 953946
3 1030842
3 919323
3 927702
3 905949
3 1041174
3 1013094
3 1027620
3 1050462
3 1007829
3 1006479
3 978147
3 966483
3 987066
3 965340
3 916182
3 979947
3 951210
3 985464
3 1012194
3 999765
3 1023381
3 963918
3 1012779
3 883071
3 881289
3 871587
3 1012950
3 982746
3 987822
3 989910
3 962280
3 1069596
3 960336
3 981153
3 982260
3 888759
3 910152
3 941940
3 951309
3 840771
3 1033119
3 926568
3 900414
3 998766
3 997425
3 916641
3 1029600
3 940995
3 938673
3 989694
3 975456
3 953829
3 984258
3 988551
3 952875
3 821718
3 1037952
3 1024380
3 1006407
3 982080
3 946530
3 958131
3 859671
3 919350
3 1007640
3 896292
3 942687
3 917685
3 907605
3 1021221
3 932652
3 996858
3 995877
3 902520
3 941652
3 932967
3 976086
3 890478
3 920691
3 938781
3 889596
3 964674
3 862002
3 1015713
3 964782
3 973737
3 929367
3 880713
3 896517
3 973152
3 1093320
3 863532
3 930573
3 980541
3 1031319
3 917361
3 955377
3 932256
3 948087
3 944739
3 950364
3 952875
3 881613
3 878157
3 959301
3 1002123
3 926145
3 968355
3 910674
3 926253
3 924057
3 969633
3 924264
3 982062
3 1053486
3 1014093
3 995418
3 944010
3 1041129
3 1000242
3 946593
3 1039959
3 1005156
3 1024479
3 877176
3 963630
3 946656
3 1075671
3 916884
3 979227
3 831627
3 968175
3 998892
3 954945
3 1029051
3 936504
3 872901
3 947169
3 924561
3 972891
3 1035819
3 880056
3 1008657
3 1030977
3 1002915
3 981162
3 1079964
3 993483
3 973764
3 996120
3 972180
3 961146
3 1019412
3 840456
3 968157
3 881550
3 1028673
3 999135
3 929457
3 1000008
3 920124
3 959886
3 918234
3 986193
3 1002600
3 1007613
3 878247
3 1016352
3 956601
3 955647
3 908721
3 965124
3 997182
3 992034
3 966555
3 1001943
3 985968
3 925821
3 936810
3 983907
3 926442
3 962145
3 993510
3 875205
3 977931
3 1062999
3 901053
3 925398
3 994554
3 940257
3 896607
3 853452
3 960687
3 1030959
3 948609
3 963333
3 897309
3 1001061
3 934506
3 968760
3 942561
3 956502
3 992430
3 1046061
3 978228
3 952731
3 921933
3 976023
3 951588
3 969336
3 979380
3 974907
3 959553
3 941211
3 1016478
3 1031994
3 896868
3 997857
3 1042524
3 954630
3 954414
3 1012050
3 970263
3 995058
3 1017423
3 966465
3 1000872
3 962766
3 946683
3 1019916
3 878040
3 962154
3 1005147
3 1033281
3 966609
3 989460
3 1017576
3 1004229
3 990270
3 1069677
3 1023282
3 941958
3 992628
3 893259
3 980676
3 867393
3 974619
3 952353
3 1033416
3 1003068
3 984303
3 971793
3 949698
3 960525
3 919251
3 990864
3 1035090
3 978777
3 1016811
3 938979
3 1004058
3 883746
3 903915
3 916353
3 890379
3 992898
3 798363
3 955575
3 958977
3 965268
3 950130
3 1042092
3 962775
3 1009341
3 1010457
3 1008036
3 927603
3 931572
3 804411
3 1034343
3 922779
3 976068
3 990945
3 1076085
3 989586
3 942714
3 982413
3 986436
3 955359
3 998847
3 926262
3 947853
3 1008297
3 866088
3 849708
3 935901
3 926685
3 985266
3 1010070
3 1014480
3 931428
3 1000341
3 946386
3 994653
3 950679
3 1030302
3 1029645
3 934488
3 923031
3 971802
3 902043
3 971307
3 996480
3 901665
3 971082
3 936189
3 969291
3 927990
3 953352
3 927342
3 1035315
3 991926
3 962685
3 925056
3 1022166
3 934884
3 938259
3 996498
3 993213
3 975267
3 952695
3 937215
3 955710
3 1018755
3 938304
3 899658
3 1010322
3 1013436
3 982647
3 996039
3 973215
3 970812
3 994581
3 944082
3 1056789
3 1028421
3 877905
3 960183
3 1013328
3 978435
3 927963
3 997209
3 1023066
3 844677
3 985050
3 991134
3 1017477
3 898911
3 857529
3 990603
3 920862
3 986328
3 891945
3 879516
3 964350
3 1017468
3 1002393
3 972828
3 996669
3 921744
3 1017126
3 981279
3 998550
3 1023957
3 1045710
3 980397
3 1011744
3 988659
3 1078542
3 965331
3 1030662
3 972036
3 1057815
3 1037214
3 906786
3 930330
3 973872
3 895464
3 963000
3 983853
3 1006281
3 1006992
3 1004904
3 964719
3 1006668
3 964728
3 957582
3 785997
3 1003221
3 963810
3 919170
3 935334
3 987849
3 996111
3 940680
3 992880
3 943416
3 891549
3 1011600
3 874125
3 917082
3 894789
3 1037727
3 855756
3 967644
3 931653
3 1009044
3 1032093
3 966114
3 1063449
3 963747
3 880209
3 960579
3 985806
3 901908
3 840240
3 968274
3 1021221
3 996219
3 944694
3 852732
3 1012014
3 941247
3 918792
3 960255
3 828009
3 971901
3 903330
3 1014669
3 924246
3 897840
3 952461
3 1032120
3 952497
3 898812
3 1017000
3 1019601
3 916884
3 1009224
3 930024
3 938286
3 996624
3 968436
3 987993
3 1003329
3 930852
3 985824
3 933840
3 816264
3 991512
3 1004553
3 928422
3 980442
3 1009692
3 1025010
3 992277
3 980829
3 1039734
3 1001952
3 984402
3 938232
3 989586
3 1032147
3 938970
3 980739
3 962757
3 1038177
3 1008702
3 890496
3 948744
3 1007586
3 865269
3 956322
3 974304
3 923472
3 932940
3 1016397
3 997101
3 1020114
3 966249
3 961290
3 970740
3 969111
3 932391
3 1018800
3 904212
3 975339
3 887508
3 923400
3 949905
3 966933
3 839151
3 909018
3 1012671
3 991251
3 997290
3 1091052
3 961614
3 969282
3 978813
3 950472
3 901764
3 1001430
3 995391
3 903528
3 988929
3 1014471
3 948096
3 1031751
3 917703
3 1017810
3 989199
3 1022301
3 903069
3 1002474
3 930888
3 941004
3 1028061
3 997794
3 1017828
3 961839
3 960174
3 1043442
3 889245
3 1071594
3 982206
3 1019925
3 988443
3 982755
3 972855
3 1006560
3 1066374
3 1024506
3 945936
3 989415
3 1011267
3 893421
3 998460
3 1029528
3 913905
3 1044396
3 1027818
3 1040148
3 1011474
3 1056033
3 968985
3 836046
3 936414
3 941112
3 1032480
3 1055646
3 937755
3 892782
3 1029267
3 1000053
3 900549
3 1019124
3 1023930
3 961335
3 942723
3 917469
3 1000719
3 980982
3 940464
3 1014444
3 957312
3 976500
3 910593
3 1018458
3 898056
3 978192
3 893043
3 920853
3 1078902
3 895644
3 986904
3 1005759
3 920403
3 977931
3 959427
3 904437
3 926703
3 955386
3 1000008
3 1009413
3 798165
3 924147
3 1017432
3 1007946
3 992952
3 983133
3 1027620
3 966150
3 1011591
3 819432
3 981486
3 944982
3 963072
3 929601
3 990792
3 1018296
3 995886
3 1057545
3 969534
3 975177
3 931041
3 1020519
3 982593
3 969363
3 848601
3 1009431
3 957501
3 866736
3 1049400
3 987165
3 931968
3 996165
3 938376
3 1002645
3 1033731
3 1065618
3 976950
3 976338
3 936108
3 904473
3 1058256
3 995787
3 1001313
3 966087
3 1045170
3 986517
3 976842
3 981360
3 836847
3 1008972
3 969201
3 961173
3 988155
3 937161
3 952515
3 856746
3 925209
3 1009602
3 908127
3 970587
3 1039266
3 954477
3 913131
3 926001
3 1010322
3 968670
3 980424
3 1005039
3 977922
3 1018026
3 918693
3 961290
3 975861
3 992187
3 976077
3 1066698
3 925137
3 981882
3 1019709
3 1007757
3 962334
3 1003167
3 935154
3 1060281
3 949635
3 950670
3 1052244
3 1018188
3 974367
3 979083
3 902421
3 928998
3 1054224
3 984042
3 1004544
3 990783
3 979218
3 911565
3 1030401
3 1024038
3 956106
3 984024
3 954567
3 978264
3 948177
3 951444
3 937530
3 995922
3 1025640
3 1063746
3 995733
3 955782
3 939816
3 932436
3 874863
3 956853
3 974718
3 993330
3 1001646
3 1011537
3 1002339
3 927261
3 833607
3 960894
3 948051
3 920322
3 968994
3 904896
3 970200
3 1006272
3 853119
3 1021527
3 1017486
3 1068561
3 885681
3 911466
3 1078641
3 930816
3 952002
3 889011
3 847836
3 947268
3 1021554
3 929997
3 991548
3 1016721
3 945333
3 802242
3 919971
3 989397
3 963081
3 980568
3 1024074
3 963531
3 1031202
3 922293
3 958878
3 955890
3 982575
3 991665
3 1012104
3 956322
3 966096
3 991773
3 1016721
3 946260
3 1002249
3 981666
3 875376
3 996660
3 945828
3 1013958
3 903429
3 969984
3 952803
3 1029681
3 970497
3 977022
3 969678
3 908757
3 946827
3 978831
3 906588
3 964188
3 982305
3 943218
3 980523
3 984681
3 977733
3 986058
3 995202
3 871578
3 967518
3 903402
3 950472
3 1012761
3 895167
3 928341
3 951894
3 943011
3 935559
3 979443
3 1019196
3 837396
3 1007343
3 993663
3 979983
3 965781
3 962262
3 1017504
3 983097
3 965340
3 994131
3 947961
3 951156
3 974601
3 1082925
3 961983
3 1013769
3 1059939
3 770391
3 996354
3 978264
3 1060911
3 1026009
3 933300
3 976266
3 909666
3 953307
3 958248
3 939411
3 977940
3 993438
3 1022967
3 1009674
3 983925
3 1035207
3 847746
3 1021977
3 971757
3 945738
3 951822
3 918810
3 1076778
3 990792
3 925047
3 933372
3 1008918
3 982278
3 977031
3 930735
3 951480
3 949680
3 966114
3 1063080
3 1010574
3 943038
3 841842
3 848277
3 1026531
3 960732
3 1048617
3 987876
3 972036
3 1049517
3 1010061
3 984906
3 985104
3 971982
3 888660
3 1035333
3 939690
3 954072
3 957375
3 939798
3 934488
3 973395
3 969156
3 1007991
3 996795
3 1043037
3 932859
3 977445
3 978894
3 935163
3 975690
3 907560
3 944172
3 1020078
3 984015
3 1029258
3 902565
3 857349
3 947025
3 999198
3 1030239
3 1011555
3 1008198
3 918873
3 991206
3 997029
3 964017
3 948420
3 1001160
3 957258
3 980856
3 1025577
3 1013463
3 994770
3 892782
3 945342
3 970506
3 944685
3 1000206
3 987867
3 958023
3 926154
3 955935
3 972927
3 976212
3 907092
3 889254
3 1038438
3 980748
3 1048878
3 1012185
3 950400
3 950805
3 984888
3 876033
3 943722
3 907875
3 1023003
3 941670
3 937431
3 1049922
3 1058346
3 1050975
3 1018953
3 1058643
3 964647
3 975573
3 1033596
3 1017054
3 935955
3 1003446
3 987570
3 941193
3 1015992
3 773451
3 988704
3 1026108
3 951831
3 962577
3 1057509
3 900477
3 978057
3 986994
3 1002474
3 930654
3 1019745
3 931680
3 909657
3 905688
3 993825
3 946287
3 945567
3 1051713
3 952452
3 983646
3 941823
3 977454
3 928530
3 930024
3 1027224
3 1028286
3 1005714
3 950688
3 880398
3 934182
3 1014912
3 974529
3 1000368
3 1004193
3 971334
3 1065411
3 984870
3 998820
3 1012527
3 1004472
3 1037250
3 1000620
3 1017189
3 998919
3 953316
3 973386
3 1028367
3 989100
3 900126
3 972522
3 944928
3 985986
3 1014291
3 1006749
3 963675
3 972621
3 1046160
3 979389
3 1012230
3 995310
3 960174
3 892287
3 1024479
3 1018872
3 910215
3 935199
3 991791
3 1000035
3 1063359
3 951867
3 899316
3 1049949
3 838152
3 858186
3 948708
3 893160
3 1019610
3 932868
3 967194
3 1037475
3 987813
3 938151
3 1014957
3 971028
3 920565
3 958716
3 964026
3 996705
3 970551
3 985698
3 1008117
3 1008297
3 964962
3 1049472
3 927180
3 977670
3 1030275
3 910647
3 1030554
3 1056906
3 982152
3 1022049
3 967293
3 1035189
3 1070649
3 931851
3 983988
3 1021041
3 894366
3 998343
3 899262
3 917262
3 912258
3 894114
3 977382
3 867663
3 937233
3 1001574
3 968274
3 1019736
3 977337
3 1003797
3 874449
3 1004814
3 997893
3 930096
3 939159
3 984528
3 867258
3 1033308
3 951246
3 978921
3 930375
3 872604
3 1041309
3 942633
3 993312
3 944703
3 1053207
3 939366
3 910080
3 874305
3 1007397
3 1003599
3 946881
3 1040427
3 991719
3 977805
3 1044477
3 948195
3 1027764
3 984123
3 938178
3 1032498
3 1016046
3 952830
3 954360
3 977913
3 954684
3 909306
3 902286
3 994239
3 937926
3 983475
3 962955
3 977229
3 966303
3 897921
3 952884
3 829152
3 1047618
3 896895
3 1007280
3 1086813
3 981972
3 954288
3 991638
3 1055430
3 977184
3 902043
3 995904
3 995229
3 994311
3 1074717
3 1016721
3 997704
3 921870
3 857511
3 1037079
3 961560
3 1028124
3 933030
3 960687
3 976446
3 942525
3 1053855
3 879111
3 931518
3 946413
3 881127
3 945612
3 930204
3 1012104
3 964971
3 1083987
3 842715
3 958176
3 962280
3 912546
3 1011447
3 1007127
3 942264
3 952641
3 966501
3 1045017
3 1035369
3 852372
3 1014876
3 961317
3 1032066
3 940077
3 1022238
3 1024308
3 911106
3 957771
3 1006290
3 945189
3 995931
3 954990
3 850491
3 932877
3 1055079
3 891315
3 992322
3 842823
3 989163
3 968481
3 969003
3 1052316
3 943578
3 1032840
3 995175
3 982305
3 1018431
3 898776
3 891756
3 970965
3 1040508
3 995283
3 1059660
3 980802
3 1064538
3 937566
3 971640
3 928854
3 982710
3 1020510
3 1020690
3 979947
3 1008693
3 943371
3 962127
3 1021383
3 962244
3 905859
3 947034
3 956430
3 1024578
3 917820
3 943992
3 1024461
3 972099
3 1032210
3 967527
3 1062126
3 1001394
3 1027998
3 1041192
3 1032597
3 855342
3 1032372
3 992439
3 969894
3 1027017
3 979146
3 929088
3 1002015
3 1020006
3 998280
3 1015254
3 1009737
3 1032012
3 1008630
3 1014345
3 991575
3 1033830
3 1009629
3 854235
3 1080477
3 981621
3 1027440
3 980388
3 947151
3 967086
3 974475
3 1016622
3 986472
3 973395
3 785475
3 935694
3 1035306
3 930168
3 1031661
3 1059525
3 958446
3 1023183
3 898425
3 979812
3 988110
3 954090
3 894060
3 872730
3 972837
3 1030131
3 1030446
3 1011681
3 1008657
3 958707
3 1032012
3 984339
3 1019196
3 1060155
3 986301
3 1018161
3 966231
3 959220
3 996786
3 983025
3 1074438
3 992637
3 989892
3 936288
3 901647
3 984987
3 905076
3 1035144
3 993168
3 799092
3 897354
3 1056330
3 1063080
3 1020798
3 933381
3 888507
3 996120
3 959256
3 1024911
3 983106
3 918729
3 1013859
3 956133
3 1005264
3 1017009
3 884232
3 907515
3 863028
3 993816
3 853884
3 1019034
3 937575
3 897507
3 936549
3 874179
3 962865
3 969894
3 897606
3 1019952
3 997173
3 921510
3 981135
3 1009566
3 897381
3 759942
3 1015083
3 962172
3 932031
3 1043649
3 1018044
3 946845
3 984411
3 1015182
3 1038852
3 982836
3 993708
3 999783
3 991926
3 881334
3 828594
3 925029
3 943803
3 937143
3 887580
3 910629
3 855423
3 938718
3 951525
3 1015785
3 886032
3 982485
3 960147
3 892602
3 1042200
3 768024
3 904311
3 982017
3 974340
3 992448
3 1115010
3 1004679
3 945855
3 931293
3 976662
3 927333
3 905283
3 765027
3 1029222
3 984438
3 975582
3 904176
3 874557
3 1027062
3 1050822
3 941013
3 969516
3 1011357
3 1049994
3 973143
3 994446
3 990117
3 941364
3 974385
3 965475
3 1076472
3 1001601
3 1008684
3 970173
3 978309
3 1016532
3 938655
3 915858
3 1052883
3 951327
3 1084275
3 942921
3 1017513
3 962109
3 992196
3 1031976
3 977031
3 960957
3 929043
3 836433
3 999081
3 983241
3 1055700
3 955467
3 923247
3 890370
3 1048914
3 1013535
3 963603
3 1038555
3 1056726
3 1041507
3 1026441
3 963738
3 979362
3 960732
3 967590
3 944370
3 966330
3 936747
3 1032246
3 1026639
3 765063
3 1053027
3 995796
3 931590
3 969903
3 1012752
3 1007019
3 1029555
3 955332
3 976212
3 955170
3 973485
3 1054008
3 989397
3 950733
3 896481
3 971739
3 1062828
3 1057167
3 1010970
3 985554
3 1046241
3 1073817
3 913914
3 834615
3 967401
3 963063
3 957015
3 972360
3 1030383
3 1031994
3 963162
3 1000350
3 941967
3 1024344
3 1007937
3 1035702
3 930942
3 1027602
3 946080
3 1006605
3 968220
3 911727
3 992754
3 1050066
3 916344
3 960741
3 950364
3 976284
3 944631
3 901188
3 1036035
3 1026999
3 859968
3 986139
3 977211
3 991125
3 937287
3 987165
3 968274
3 983376
3 846729
3 969948
3 996147
3 728379
3 1048896
3 924795
3 972882
3 1029933
3 1007163
3 929340
3 910089
3 978777
3 960768
3 985491
3 1027224
3 876762
3 1046691
3 921474
3 974907
3 929790
3 989550
3 956232
3 871497
3 921816
3 983322
3 1010115
3 946710
3 1034415
3 995904
3 976590
3 969624
3 1003464
3 918594
3 861237
3 1070316
3 1023993
3 962289
3 987813
3 970902
3 1021905
3 1023768
3 917226
3 1009296
3 1005228
3 914202
3 1018413
3 977652
3 1020519
3 1013364
3 941697
3 882261
3 908505
3 971523
3 995814
3 936630
3 884763
3 986535
3 963054
3 947664
3 993978
3 934353
3 1017378
3 824013
3 879723
3 1032768
3 1010331
3 988983
3 966213
3 1007271
3 986301
3 986283
3 887337
3 945720
3 938268
3 1032228
3 968706
3 934452
3 1004625
3 916209
3 1010043
3 927864
3 1003959
3 959697
3 942336
3 977283
3 973557
3 900918
3 934317
3 808722
3 996786
3 936531
3 951093
3 1013247
3 1005795
3 1031175
3 960354
3 971244
3 1002744
3 956214
3 914625
3 917199
3 930834
3 1005876
3 996318
3 925569
3 964494
3 1032741
3 990216
3 917037
3 927504
3 969183
3 949923
3 1022220
3 997857
3 910359
3 1035279
3 970236
3 963918
3 921510
3 948978
3 956682
3 1015812
3 991422
3 1052046
3 856458
3 992592
3 1008171
3 949248
3 952965
3 1071270
3 981648
3 995607
3 1003617
3 993186
3 954756
3 967617
3 875709
3 953424
3 962181
3 1041777
3 991620
3 1026405
3 1000629
3 967923
3 968751
3 951741
3 967428
3 949671
3 850869
3 1023057
3 1003104
3 1011906
3 862965
3 1055421
3 924084
3 1019790
3 998424
3 1019961
3 997254
3 1023453
3 991737
3 1016091
3 1060686
3 1042641
3 926613
3 987831
3 1012788
3 953829
3 1010007
3 1003095
3 1030077
3 828009
3 996138
3 907344
3 980505
3 1001700
3 912240
3 818829
3 1015434
3 996876
3 998793
3 938097
3 929952
3 887211
3 944757
3 985518
3 906507
3 985923
3 961317
3 1009503
3 1053999
3 1041615
3 923994
3 940419
3 847692
3 1045656
3 961794
3 847539
3 960066
3 992241
3 980631
3 974700
3 962595
3 1008036
3 912591
3 1002726
3 1038087
3 995814
3 996642
3 971856
3 999432
3 937971
3 956043
3 1010520
3 996066
3 908883
3 962496
3 887769
3 996012
3 951867
3 945576
3 962208
3 978741
3 1028214
3 1006686
3 999504
3 995562
3 954801
3 991908
3 999621
3 1022706
3 1012842
3 971586
3 1026450
3 991890
3 1007190
3 943227
3 1012500
3 923994
3 904509
3 991278
3 935055
3 1023822
3 883548
3 1003158
3 947808
3 1026828
3 891702
3 909045
3 944073
3 874098
3 920916
3 913563
3 1059138
3 946215
3 944127
3 1014732
3 1035153
3 924822
3 1001511
3 964836
3 964683
3 988164
3 957348
3 987831
3 824265
3 981954
3 985734
3 962667
3 854145
3 1009989
3 1005327
3 908676
3 955260
3 1013859
3 993852
3 915624
3 984825
3 962955
3 1013031
3 1048914
3 1020222
3 1041201
3 972243
3 925110
3 961038
3 966366
3 788139
3 1002870
3 1029411
3 984285
3 953811
3 1024029
3 987822
3 942174
3 1004733
3 938241
3 985527
3 913725
3 1000935
3 1004778
3 954576
3 1040409
3 804546
3 918621
3 986805
3 1033281
3 953955
3 965898
3 931338
3 977292
3 943371
3 996957
3 898092
3 1032507
3 984510
3 989721
3 1015362
3 1025946
3 982215
3 913590
3 968940
3 944496
3 991512
3 989415
3 957015
3 999513
3 999342
3 931491
3 995031
3 961596
3 1013364
3 1015983
3 760203
3 929376
3 970731
3 902907
3 1071027
3 1051047
3 873603
3 945540
3 1037673
3 1032876
3 993483
3 963765
3 1020303
3 891549
3 1039887
3 967302
3 977409
3 964188
3 970371
3 1013553
3 990441
3 984762
3 914832
3 957051
3 922851
3 983259
3 956763
3 991008
3 933894
3 844101
3 878931
3 991287
3 922527
3 982989
3 987219
3 953109
3 983304
3 973413
3 1048464
3 957402
3 981414
3 1028781
3 1026000
3 1014417
3 1025073
3 986967
3 976158
3 997533
3 987237
3 984735
3 931356
3 1035873
3 1048050
3 958554
3 994383
3 1003716
3 921276
3 1000431
3 909585
3 953064
3 912501
3 870246
3 1016460
3 945117
3 990702
3 962964
3 1008414
3 936000
3 1007919
3 985509
3 878571
3 998190
3 938070
3 1027746
3 1025883
3 991260
3 914085
3 905742
3 963567
3 1042236
3 956718
3 977850
3 1015812
3 975132
3 1033605
3 870939
3 958527
3 1047357
3 933930
3 815544
3 989676
3 943308
3 923220
3 1020141
3 813690
3 999234
3 996390
3 969318
3 960714
3 915255
3 926190
3 1057338
3 1034892
3 969084
3 998280
3 950949
3 918459
3 981198
3 973665
3 1020735
3 990567
3 997083
3 886770
3 992304
3 1025784
3 984150
3 966150
3 916488
3 965034
3 1039257
3 974691
3 963837
3 918648
3 957015
3 943236
3 964269
3 953541
3 981144
3 1054818
3 1026441
3 957159
3 954954
3 1022157
3 982305
3 1002402
3 995094
3 891909
3 922842
3 1018161
3 1015074
3 976806
3 974637
3 954378
3 940527
3 991503
3 906507
3 979695
3 922410
3 1000953
3 1051695
3 1038861
3 976545
3 994815
3 1007046
3 870363
3 1023561
3 962010
3 1000152
3 968382
3 943254
3 817722
3 945783
3 1015506
3 930114
3 1035567
3 1020132
3 911241
3 964494
3 938025
3 936792
3 981126
3 957978
3 944694
3 1035639
3 953568
3 827046
3 1010943
3 980640
3 1003770
3 966024
3 867510
3 921510
3 1019763
3 977841
3 928323
3 903780
3 998676
3 918621
3 964809
3 1019349
3 982512
3 1002582
3 966366
3 995904
3 974574
3 976176
3 955377
3 899388
3 971343
3 919350
3 953694
3 989154
3 995985
3 957915
3 925110
3 912726
3 972891
3 912618
3 985626
3 918603
3 834651
3 982557
3 1030815
3 937899
3 946737
3 942417
3 959580
3 936819
3 802638
3 1030527
3 951912
3 1001169
3 935901
3 974754
3 957546
3 1007658
3 1038591
3 982368
3 968481
3 947097
3 982980
3 1010349
3 904482
3 995886
3 951156
3 974916
3 947223
3 959067
3 1029519
3 941382
3 945360
3 1016829
3 901233
3 993699
3 943731
3 856233
3 865908
3 868050
3 923391
3 955818
3 968805
3 978183
3 1004598
3 835056
3 968049
3 1035045
3 1033425
3 1013274
3 1041039
3 923157
3 896040
3 936333
3 1036422
3 1004607
3 1005624
3 973017
3 1041984
3 1012500
3 964134
3 1000593
3 926955
3 903672
3 954693
3 1018710
3 984420
3 979623
3 932976
3 970884
3 946260
3 872928
3 964368
3 986895
3 909594
3 998892
3 992574
3 977958
3 988596
3 958131
3 981819
3 997686
3 974214
3 884979
3 982845
3 1001439
3 992799
3 924111
3 1066041
3 903555
3 959931
3 1025208
3 895077
3 898623
3 1001610
3 967311
3 925497
3 1002429
3 935757
3 914319
3 986094
3 898128
3 974979
3 1023255
3 925218
3 1049949
3 915138
3 935658
3 1030545
3 958752
3 879399
3 928638
3 965898
3 974907
3 972945
3 903159
3 1063053
3 1070991
3 945918
3 1005804
3 874332
3 1032426
3 1041813
3 958536
3 985752
3 1046979
3 1012176
3 949572
3 1016343
3 942786
3 975438
3 862344
3 996561
3 927963
3 941220
3 1002411
3 918576
3 1066527
3 1019889
3 897696
3 975510
3 980370
3 848673
3 990666
3 1010601
3 971082
3 979290
3 901008
3 1014606
3 1006254
3 956754
3 1000440
3 988470
3 978561
3 997065
3 1037655
3 957672
3 975105
3 996408
3 889812
3 999072
3 1003698
3 922005
3 900306
3 1026288
3 999144
3 964620
3 983196
3 961713
3 955350
3 831438
3 893727
3 978921
3 1004481
3 968445
3 951336
3 1057113
3 949158
3 945882
3 979857
3 1042038
3 998658
3 990126
3 958023
3 952623
3 946233
3 953874
3 1034028
3 946377
3 952533
3 909180
3 981045
3 850572
3 975546
3 1049823
3 953874
3 933021
3 984636
3 1038915
3 930744
3 943452
3 1021698
3 943821
3 1016172
3 930321
3 962523
3 904230
3 1003995
3 1006155
3 886365
3 1104201
3 781686
3 913032
3 967563
3 1014768
3 980325
3 1083420
3 1002348
3 1040094
3 901332
3 954180
3 955476
3 995049
3 993177
3 963225
3 997254
3 1037520
3 931437
3 993015
3 996741
3 935199
3 980739
3 955125
3 875637
3 1076175
3 1002150
3 980397
3 921609
3 920151
3 996561
3 1033623
3 978363
3 958581
3 972540
3 979722
3 926415
3 996534
3 990972
3 1053558
3 952704
3 978345
3 1050336
3 986895
3 971136
3 1029753
3 976527
3 867870
3 936207
3 981441
3 874791
3 1010565
3 1051866
3 1005687
3 995652
3 916776
3 908676
3 972486
3 947043
3 1014921
3 987579
3 955836
3 1001268
3 986040
3 927666
3 1076571
3 962370
3 830970
3 920628
3 941391
3 993843
3 870300
3 967662
3 891900
3 916974
3 1050264
3 928944
3 973719
3 938970
3 962919
3 1031004
3 983457
3 987255
3 903078
3 1003005
3 930204
3 973845
3 955656
3 970272
3 940401
3 930852
3 952335
3 936396
3 866970
3 887949
3 1049481
3 900576
3 1045863
3 905553
3 1006380
3 935514
3 986751
3 1006857
3 1036476
3 1044477
3 994446
3 975429
3 943713
3 933453
3 946089
3 967275
3 917964
3 990486
3 978444
3 924705
3 941013
3 971307
3 987651
3 949221
3 910467
3 989811
3 938835
3 1068561
3 986976
3 955683
3 982737
3 940590
3 968031
3 911592
3 1013328
3 962766
3 1017657
3 954279
3 947349
3 985626
3 930429
3 953496
3 936171
3 922734
3 976473
3 960921
3 1033524
3 970938
3 997281
3 887373
3 1019655
3 968706
3 899037
3 1030203
3 977040
3 1016946
3 1015416
3 938925
3 977706
3 998118
3 932085
3 1057149
3 926217
3 965250
3 1036170
3 846792
3 1016883
3 949284
3 953100
3 1025010
3 967716
3 1010844
3 956322
3 843183
3 1035090
3 855270
3 963000
3 995607
3 841428
3 1027521
3 995859
3 961290
3 936945
3 1044819
3 893223
3 928890
3 934479
3 1028727
3 935289
3 974385
3 995247
3 908361
3 949950
3 942534
3 916848
3 893376
3 859509
3 948024
3 980901
3 1003977
3 1008972
3 937602
3 967329
3 884061
3 1052163
3 863451
3 1061217
3 983466
3 1048005
3 955737
3 1042956
3 981549
3 990261
3 948501
3 987246
3 1013949
3 956232
3 1010880
3 911943
3 1031049
3 947169
3 988776
3 950958
3 1040031
3 979281
3 943929
3 1024461
3 992637
3 945810
3 964044
3 922725
3 933021
3 971613
3 1004526
3 1012266
3 1000089
3 891900
3 1028943
3 973656
3 963765
3 1058130
3 943569
3 913158
3 1016847
3 997128
3 934461
3 943515
3 979155
3 939366
3 1038105
3 975762
3 1027755
3 1013769
3 848916
3 1045395
3 989136
3 999072
3 942687
3 951435
3 1039518
3 944748
3 979155
3 1042380
3 1006812
3 982206
3 1077489
3 980577
3 988002
3 942030
3 1054980
3 971685
3 848466
3 1003311
3 875178
3 998595
3 941184
3 896967
3 1044945
3 988128
3 988587
3 945594
3 940446
3 857853
3 1020015
3 959328
3 938799
3 1079253
3 985815
3 988605
3 800127
3 944883
3 954432
3 957195
3 1014246
3 1077606
3 919584
3 889236
3 970713
3 1043640
3 1029825
3 999684
3 982782
3 988173
3 1029222
3 987012
3 1014174
3 930879
3 1013580
3 971676
3 958140
3 969372
3 920196
3 927864
3 1001790
3 1015830
3 1010025
3 999648
3 943695
3 955566
3 917568
3 1043433
3 927486
3 952866
3 963765
3 1014129
3 999774
3 943236
3 927747
3 962550
3 970128
3 982620
3 1034406
3 991728
3 989811
3 1028358
3 962667
3 1031400
3 958491
3 980820
3 873288
3 993276
3 920025
3 997929
3 965781
3 890748
3 918351
3 860571
3 962496
3 1026297
3 845667
3 966555
3 1046853
3 968049
3 767421
3 909504
3 966186
3 988488
3 954999
3 937917
3 971793
3 977706
3 936648
3 1022832
3 1008909
3 938727
3 1012716
3 979740
3 1017819
3 982422
3 1049427
3 1051749
3 1004364
3 930852
3 1043190
3 985491
3 928116
3 1009881
3 903906
3 993690
3 986211
3 964584
3 988740
3 801369
3 947511
3 999270
3 1010043
3 932580
3 1015920
3 972540
3 911439
3 954468
3 1028700
3 993339
3 969093
3 1018089
3 993681
3 928485
3 993348
3 958959
3 951165
3 904068
3 934137
3 951660
3 946881
3 1034019
3 1043586
3 934380
3 1006911
3 1042821
3 875547
3 968013
3 1015281
3 955440
3 936567
3 1005903
3 904599
3 1020519
3 945180
3 1036494
3 991503
3 1003617
3 921213
3 963198
3 1029078
3 937926
3 913833
3 1027107
3 1037349
3 1038312
3 1004076
3 899109
3 869913
3 991017
3 952479
3 896634
3 961515
3 1007163
3 999864
3 1038600
3 990675
3 969633
3 996021
3 940293
3 959355
3 891738
3 1020807
3 841806
3 986346
3 1055205
3 940806
3 989253
3 883773
3 982341
3 921834
3 952272
3 1006830
3 969408
3 1000098
3 952308
3 1051677
3 997992
3 1004607
3 976563
3 949023
3 979434
3 1019610
3 1023075
3 1004886
3 908316
3 895095
3 897858
3 936720
3 951849
3 1055169
3 988677
3 1092753
3 1015920
3 995418
3 1029096
3 818118
3 978273
3 958023
3 1087164
3 1004931
3 953262
3 996741
3 911628
3 956457
3 889641
3 953838
3 977148
3 979524
3 973071
3 934812
3 920673
3 975492
3 934866
3 862983
3 932049
3 951912
3 937944
3 1004382
3 926910
3 1032174
3 1011177
3 933966
3 1007316
3 1019475
3 914877
3 1017000
3 1016577
3 980991
3 966357
3 811503
3 1042227
3 945054
3 908703
3 915678
3 971262
3 952128
3 931788
3 893124
3 1009152
3 979515
3 893007
3 905661
3 988722
3 956880
3 913023
3 943236
3 1005444
3 984816
3 926037
3 994896
3 878985
3 1040427
3 1029888
3 767520
3 1008675
3 873756
3 990801
3 897408
3 910332
3 1007667
3 973152
3 1001061
3 846063
3 919404
3 986976
3 867123
3 1031922
3 1039608
3 1026315
3 980145
3 994914
3 946530
3 995526
3 965853
3 958797
3 971793
3 951021
3 1005318
3 948996
3 941949
3 971037
3 904689
3 973386
3 972450
3 682983
3 928269
3 789660
3 892926
3 996831
3 876483
3 860157
3 883179
3 979020
3 948888
3 979461
3 1027863
3 1047987
3 1006704
3 822456
3 963324
3 985131
3 979920
3 937710
3 883926
3 892440
3 922086
3 966636
3 861057
3 894276
3 883062
3 904599
3 916119
3 981495
3 1040328
3 892170
3 881352
3 959463
3 974727
3 986499
3 1054989
3 879282
3 998325
3 972675
3 939843
3 828414
3 941193
3 1010385
3 926955
3 812178
3 936630
3 891981
3 945504
3 1003788
3 1025361
3 909549
3 813933
3 900783
3 950058
3 1007415
3 995319
3 1021707
3 1000170
3 1015560
3 991890
3 1003365
3 909675
3 1003689
3 957852
3 932409
3 1021815
3 1019925
3 1009512
3 1033812
3 855360
3 961929
3 934551
3 1013517
3 927099
3 1031265
3 963639
3 913356
3 965763
3 985734
3 937323
3 917397
3 1017801
3 974340
3 881262
3 789777
3 994716
3 958509
3 958662
3 983061
3 904005
3 881559
3 992187
3 932022
3 968229
3 1032174
3 959112
3 967329
3 1018152
3 1029249
3 1025100
3 1017450
3 1002186
3 915390
3 934191
3 1008423
3 971037
3 1007388
3 960453
3 880425
3 1008648
3 982611
3 1048626
3 972234
3 1001178
3 1003005
3 968103
3 936756
3 863766
3 899640
3 942984
3 987372
3 1045071
3 930465
3 955566
3 948294
3 955467
3 1049112
3 903060
3 1017036
3 983934
3 1030446
3 1070136
3 977580
3 1026882
3 1002294
3 889290
3 1016361
3 1019808
3 940716
3 971379
3 954648
3 1019313
3 1021482
3 953829
3 1073826
3 968850
3 953928
3 896832
3 983025
3 981702
3 978237
3 923490
3 1002933
3 918072
3 1015776
3 990144
3 849789
3 928557
3 980487
3 942048
3 871110
3 946674
3 908487
3 822474
3 954603
3 956952
3 992790
3 998046
3 1011231
3 1030572
3 944343
3 1037853
3 938619
3 942120
3 963900
3 928989
3 945765
3 1009791
3 1020006
3 914103
3 988083
3 1003410
3 985941
3 1010628
3 1027098
3 997200
3 883638
3 984087
3 916164
3 955575
3 998865
3 896454
3 1019781
3 974088
3 925740
3 1035720
3 978876
3 954747
3 934875
3 844497
3 982881
3 980262
3 971982
3 973098
3 908793
3 972135
3 861966
3 1012662
3 875124
3 936153
3 970182
3 980019
3 982125
3 1015785
3 888939
3 890325
3 967347
3 1038600
3 918180
3 940869
3 994230
3 1015074
3 952137
3 976752
3 842922
3 919098
3 930150
3 940482
3 934272
3 1052298
3 911178
3 962325
3 973035
3 936027
3 920646
3 982944
3 962892
3 1007883
3 1030392
3 1021500
3 1012716
3 987705
3 947448
3 998424
3 840600
3 1003140
3 914004
3 957465
3 883278
3 1002420
3 1092357
3 944370
3 998055
3 985365
3 1085598
3 937773
3 961479
3 995805
3 943434
3 1009404
3 926730
3 1018161
3 955440
3 999945
3 956142
3 930105
3 936054
3 1014525
3 990288
3 913815
3 974475
3 1000737
3 950454
3 1085634
3 973701
3 1047267
3 982467
3 893106
3 912285
3 1010556
3 1008936
3 990855
3 871497
3 970452
3 868230
3 961398
3 1001547
3 991467
3 978660
3 994455
3 925623
3 883593
3 863991
3 966402
3 975465
3 960696
3 897615
3 933066
3 982314
3 971361
3 1040499
3 1000431
3 1012113
3 937368
3 838926
3 1042875
3 1024362
3 937989
3 941508
3 941067
3 1022274
3 1017018
3 997101
3 994788
3 1029870
3 860877
3 1019439
3 959688
3 1043847
3 1015164
3 963018
3 905616
3 1010961
3 921528
3 992637
3 964539
3 941526
3 934047
3 1042155
3 957924
3 1026108
3 1049607
3 971208
3 1045989
3 939564
3 1016730
3 976095
3 836343
3 1042065
3 942975
3 1028979
3 980856
3 949464
3 904149
3 953343
3 1046754
3 951426
3 762309
3 980991
3 1030365
3 853902
3 988137
3 1028268
3 969948
3 916839
3 1017351
3 965889
3 975942
3 1060713
3 931482
3 903249
3 997605
3 967410
3 996759
3 995382
3 1021608
3 1020933
3 955701
3 895977
3 991962
3 960237
3 954324
3 917343
3 1015596
3 954216
3 977094
3 940815
3 867033
3 975573
3 967959
3 914256
3 970794
3 949464
3 969354
3 959751
3 1030545
3 954486
3 907065
3 948384
3 977319
3 1023696
3 933939
3 953406
3 1001313
3 1015515
3 925371
3 1001376
3 971478
3 985284
3 1005615
3 1010979
3 1010394
3 1014039
3 933705
3 965124
3 941085
3 985725
3 939132
3 996525
3 1007037
3 948573
3 1053774
3 1006488
3 996498
3 1030338
3 982278
3 1023732
3 992097
3 901206
3 955359
3 973269
3 979488
3 987228
3 883179
3 974844
3 1037169
3 739440
3 956889
3 981234
3 1055358
3 950517
3 927666
3 949464
3 907524
3 981027
3 1011969
3 975582
3 936270
3 988632
3 888633
3 1011060
3 972999
3 835758
3 1009476
3 942003
3 940302
3 963747
3 857331
3 1015767
3 1023948
3 966141
3 954693
3 988704
3 918990
3 1001754
3 936333
3 972486
3 825525
3 899541
3 939807
3 814788
3 1004715
3 1008603
3 1011753
3 1046385
3 838674
3 876645
3 987120
3 957618
3 972594
3 995625
3 960417
3 987957
3 940680
3 962721
3 995778
3 943164
3 971937
3 873900
3 1004688
3 931986
3 1062387
3 1035657
3 936999
3 976590
3 929952
3 1076697
3 981567
3 981531
3 997353
3 995409
3 908919
3 961182
3 894177
3 1016424
3 994716
3 1000449
3 1010034
3 915309
3 912915
3 882936
3 1021338
3 1016055
3 990792
3 992529
3 973917
3 939150
3 947700
3 860382
3 959733
3 952848
3 1018260
3 989829
3 986292
3 966411
3 1025334
3 936063
3 737118
3 1047690
3 831483
3 972603
3 1002825
3 1061937
3 986265
3 1015092
3 1030356
3 935424
3 958050
3 1045980
3 1004031
3 1001970
3 1015497
3 994005
3 948933
3 981117
3 980685
3 958311
3 985176
3 937719
3 1022859
3 1005975
3 1050705
3 995598
3 997614
3 939645
3 994554
3 996750
3 1099548
3 924534
3 944946
3 1015038
3 930717
3 958392
3 989766
3 1026108
3 956088
3 1023192
3 982575
3 1022877
3 1091916
3 1010277
3 937476
3 959769
3 836496
3 918549
3 1051020
3 944613
3 995886
3 937440
3 895041
3 958023
3 998730
3 1026909
3 938511
3 1046151
3 827991
3 917019
3 1030545
3 1009755
3 973116
3 1012878
3 926721
3 999054
3 938412
3 909432
3 1010718
3 966069
3 942030
3 893880
3 954405
3 846045
3 960597
3 1008810
3 1000449
3 986670
3 1033704
3 978021
3 998550
3 972810
3 1065780
3 969426
3 859914
3 1024416
3 1038168
3 1006029
3 979299
3 964125
3 953442
3 866043
3 905778
3 955647
3 945747
3 956844
3 932067
3 953649
3 914931
3 1010079
3 973710
3 1021878
3 951183
3 1030905
3 1014048
3 930717
3 947430
3 953217
3 968040
3 1007289
3 995949
3 931734
3 956970
3 956484
3 949806
3 936693
3 1019052
3 841581
3 980235
3 940293
3 934281
3 992520
3 936819
3 997209
3 1037691
3 999558
3 970740
3 1024596
3 975609
3 895563
3 964242
3 1003680
3 1052883
3 1001493
3 1008909
3 943758
3 1032561
3 954315
3 942129
3 961065
3 1002402
3 1042119
3 1029528
3 1022922
3 1040976
3 946080
3 975897
3 947331
3 1025424
3 946152
3 1004607
3 964692
3 974592
3 1034649
3 1033056
3 913230
3 969174
3 966852
3 973638
3 979245
3 899496
3 949437
3 1008891
3 1005840
3 1003941
3 861597
3 937647
3 891657
3 915138
3 990675
3 936954
3 1057608
3 950877
3 967851
3 967482
3 1003437
3 1041975
3 990909
3 966816
3 946944
3 957195
3 968346
3 1000800
3 965070
3 941130
3 1020186
3 926289
3 1019997
3 1005426
3 966636
3 824454
3 886527
3 936342
3 996237
3 956529
3 1001691
3 1020150
3 1013229
3 1003419
3 981063
3 990630
3 917586
3 901584
3 857844
3 1057491
3 957960
3 916083
3 1029258
3 986481
3 1015137
3 995364
3 998046
3 967338
3 935730
3 970605
3 1024596
3 997686
3 1019187
3 932049
3 1080387
3 971757
3 977040
3 954774
3 1019718
3 981153
3 877176
3 1032984
3 963558
3 938304
3 1012392
3 974952
3 869877
3 995886
3 1009395
3 972036
3 921951
3 861930
3 889542
3 1006092
3 962118
3 1031481
3 1020159
3 1002267
3 1012356
3 912618
3 1009809
3 808794
3 1072800
3 905553
3 980514
3 935109
3 997443
3 946791
3 834804
3 978390
3 959256
3 988362
3 972558
3 979335
3 1054485
3 949194
3 932886
3 1022706
3 909819
3 1002312
3 876213
3 893925
3 995634
3 1002933
3 701334
3 1028880
3 898083
3 922023
3 1006182
3 931023
3 964764
3 879201
3 934911
3 1019349
3 915885
3 969912
3 951912
3 979299
3 986679
3 964917
3 934983
3 960939
3 947313
3 960786
3 880992
3 931590
3 860697
3 1067148
3 997218
3 970299
3 1072080
3 898947
3 823680
3 1062720
3 999081
3 1000485
3 978498
3 961911
3 940995
3 866655
3 999216
3 822780
3 990639
3 1061235
3 989172
3 929547
3 1009773
3 1054665
3 969462
3 943965
3 1052919
3 913284
3 862074
3 972207
3 945081
3 1049967
3 945396
3 870840
3 965637
3 1026315
3 983097
3 1025163
3 965403
3 999486
3 1014264
3 964359
3 973269
3 1027701
3 1006335
3 1018386
3 993636
3 890523
3 1013400
3 981207
3 965880
3 953847
3 949878
3 958689
3 1051092
3 956412
3 989190
3 970146
3 928017
3 894069
3 924021
3 806553
3 1062288
3 988452
3 971712
3 929385
3 1015299
3 975573
3 911106
3 953928
3 975186
3 979245
3 1015497
3 981639
3 988794
3 873081
3 982521
3 902754
3 1065150
3 1015209
3 861759
3 985356
3 988695
3 983268
3 999099
3 853425
3 954477
3 981063
3 916875
3 984735
3 944010
3 985140
3 993348
3 1023525
3 1003221
3 942498
3 945117
3 918630
3 863676
3 1038276
3 1053000
3 924930
3 900990
3 874521
3 931374
3 958698
3 1017891
3 977553
3 883665
3 939069
3 1015785
3 970137
3 959364
3 1044783
3 1037502
3 1026738
3 975060
3 962793
3 913590
3 1050417
3 967023
3 965745
3 876312
3 975564
3 873450
3 1022400
3 913923
3 925353
3 959688
3 842184
3 1033236
3 995814
3 972027
3 928818
3 781326
3 968841
3 944676
3 1019097
3 925461
3 988614
3 936405
3 963666
3 939501
3 962928
3 904860
3 993753
3 984348
3 974934
3 998964
3 970317
3 936117
3 1001727
3 1027494
3 902520
3 1046835
3 1082421
3 1015416
3 952254
3 976437
3 1039797
3 989811
3 999351
3 998991
3 996309
3 975573
3 1018818
3 1026522
3 939375
3 902718
3 920241
3 995202
3 993492
3 981171
3 917073
3 986913
3 1022445
3 1006173
3 783945
3 1024704
3 955512
3 988614
3 1000611
3 981981
3 985392
3 865683
3 1015407
3 916596
3 960057
3 922869
3 968211
3 944622
3 902799
3 984051
3 975402
3 936981
3 892476
3 961605
3 1011672
3 1000044
3 834831
3 994617
3 1054494
3 927558
3 995607
3 1002753
3 981810
3 1036251
3 745110
3 1009539
3 939609
3 961866
3 949914
3 909234
3 973764
3 1028862
3 972225
3 999441
3 908550
3 1005957
3 1057437
3 958410
3 1003077
3 957663
3 858879
3 1086255
3 1001664
3 997218
3 947493
3 885744
3 867582
3 980793
3 965610
3 962109
3 934911
3 1005984
3 975078
3 957123
3 971028
3 1006038
3 1042353
3 911124
3 850410
3 954648
3 1000431
3 1049445
3 872523
3 987831
3 951417
3 950526
3 866196
3 954342
3 999522
3 943614
3 962568
3 908883
3 950643
3 972072
3 931059
3 1000161
3 1035909
3 850266
3 927567
3 939024
3 973044
3 991683
3 956538
3 994689
3 998838
3 1033398
3 934371
