1 6426
1 7812
1 11880
1 9540
1 4320
1 3447
1 3303
1 6912
1 5697
1 4050
1 10854
1 3771
1 4104
1 5742
1 9774
1 3312
1 5733
1 2619
1 9585
1 5490
1 2898
1 5391
1 4302
1 17046
1 11421
1 2565
1 5355
1 7371
1 8235
1 3843
1 3600
1 6426
1 4608
1 3078
1 8856
1 4671
1 8694
1 3240
1 1827
1 4518
1 3690
1 1476
1 2250
1 1458
1 9225
1 7038
1 4320
1 8055
1 5679
1 4545
1 5166
1 5472
1 4104
1 3258
1 2754
1 1341
1 8127
1 4347
1 11106
1 7749
1 10062
1 8172
1 4599
1 8316
1 3348
1 10386
1 6678
1 7524
1 3501
1 6831
1 3348
1 8703
1 6210
1 6948
1 4284
1 6840
1 7245
1 5085
1 4563
1 9387
1 3762
1 3438
1 3510
1 14706
1 4212
1 14247
1 5769
1 5508
1 5049
1 5634
1 18297
1 7677
1 2709
1 3069
1 3213
1 3708
1 5481
1 4743
1 4923
1 1818
1 5508
1 4401
1 2511
1 4887
1 2133
1 5229
1 8361
1 4977
1 2988
1 5193
1 5544
1 7839
1 4644
1 1980
1 6426
1 8100
1 9351
1 2007
1 5904
1 4671
1 5301
1 1980
1 5157
1 22626
1 2430
1 4185
1 7722
1 2178
1 14643
1 3924
1 4653
1 7731
1 1845
1 3798
1 10503
1 2601
1 4536
1 6624
1 2178
1 2565
1 5463
1 3357
1 9810
1 2439
1 3510
1 3051
1 4050
1 2151
1 4851
1 3267
1 1323
1 1719
1 11610
1 6228
1 8433
1 4662
1 3807
1 6093
1 1323
1 2520
1 16281
1 2673
1 6624
1 9594
1 6120
1 7542
1 4680
1 11367
1 5058
1 8964
1 3951
1 3339
1 7902
1 4131
1 756
1 8577
1 16191
1 4887
1 2142
1 4770
1 3708
1 4545
1 7227
1 6147
1 2727
1 6822
1 4032
1 8028
1 14877
1 4572
1 17847
1 10404
1 8118
1 2151
1 3618
1 7812
1 2376
1 10485
1 10260
1 11187
1 5769
1 3663
1 2853
1 2736
1 7083
1 11682
1 4833
1 7425
1 1134
1 6480
1 8568
1 10485
1 6606
1 1584
1 14967
1 2196
1 12843
1 5409
1 9657
1 3969
1 5706
1 4347
1 11835
1 3627
1 3087
1 5553
1 819
1 2043
1 9045
1 6624
1 6426
1 9054
1 3303
1 7074
1 5391
1 5796
1 4419
1 7056
1 4734
1 4734
1 3546
1 6534
1 9558
1 6489
1 4500
1 5796
1 10161
1 6111
1 2313
1 3780
1 5103
1 10836
1 9261
1 2133
1 4437
1 3501
1 10890
1 6885
1 4995
1 4014
1 10260
1 3159
1 3258
1 3393
1 9810
1 11970
1 1908
1 1539
1 4482
1 6624
1 1521
1 16722
1 3735
1 5553
1 8541
1 4833
1 6354
1 2043
1 9594
1 7902
1 8784
1 2565
1 3834
1 6678
1 16902
1 5751
1 5571
1 2547
1 8028
1 6345
1 5832
1 7749
1 4158
1 3573
1 5418
1 4248
1 1989
1 2835
1 4275
1 6066
1 13617
1 2736
1 12717
1 11988
1 4509
1 3213
1 8064
1 3528
1 9747
1 4860
1 2772
1 2700
1 3177
1 7326
1 2664
1 2538
1 7443
1 2664
1 2448
1 4437
1 9900
1 17415
1 4410
1 1602
1 9621
1 10998
1 15867
1 3024
1 4536
1 3456
1 6831
1 6651
1 1773
1 2700
1 19206
1 6534
1 12366
1 5913
1 2988
1 2205
1 6615
1 5940
1 6336
1 2403
1 4527
1 12411
1 6075
1 3663
1 1548
1 6858
1 3366
1 10089
1 7119
1 5103
1 3555
1 14526
1 5760
1 7821
1 4689
1 7155
1 4374
1 9243
1 10332
1 9378
1 4203
1 5625
1 3987
1 6354
1 8082
1 3186
1 6021
1 4212
1 7758
1 11781
1 5787
1 4644
1 2259
1 9648
1 3465
1 7830
1 2007
1 2682
1 4950
1 3402
1 5247
1 4986
1 6921
1 2331
1 11295
1 4932
1 2529
1 6435
1 12582
1 1152
1 6255
1 3528
1 6678
1 4437
1 5814
1 1701
1 5823
1 9171
1 2241
1 6138
1 8586
1 9702
1 3627
1 3861
1 6255
1 5931
1 1566
1 10341
1 4752
1 8028
1 8910
1 1980
1 7425
1 6444
1 4050
1 6723
1 2574
1 4383
1 6489
1 3924
1 6417
1 7407
1 2718
1 3555
1 13509
1 12735
1 1125
1 5166
1 7002
1 6354
1 3654
1 5643
1 2871
1 6102
1 6273
1 7605
1 3663
1 6759
1 11997
1 12357
1 2538
1 3474
1 3978
1 4275
1 6543
1 7290
1 7974
1 3618
1 1269
1 5589
1 3060
1 16623
1 9828
1 1647
1 2079
1 4662
1 5319
1 10935
1 8019
1 7056
1 6318
1 9729
1 1854
1 990
1 5625
1 5499
1 4905
1 11385
1 1314
1 6066
1 17316
1 10008
1 6201
1 4860
1 13212
1 3924
1 2448
1 3393
1 4860
1 8487
1 7578
1 6858
1 6885
1 12762
1 4779
1 7497
1 7227
1 7983
1 8748
1 6192
1 5823
1 5436
1 18342
1 8694
1 7830
1 6687
1 1035
1 11637
1 4293
1 7965
1 2781
1 4194
1 5895
1 5877
1 3132
1 5976
1 9189
1 8109
1 2565
1 5085
1 6021
1 3339
1 9216
1 4239
1 7119
1 7002
1 2574
1 3078
1 3519
1 15993
1 6426
1 8289
1 1521
1 11259
1 3465
1 10395
1 5697
1 11043
1 4635
1 6723
1 1143
1 3294
1 9306
1 3960
1 3537
1 6741
1 8307
1 2142
1 2187
1 5877
1 5193
1 6552
1 2790
1 2628
1 7020
1 3240
1 3618
1 5859
1 5544
1 11457
1 8865
1 4491
1 7398
1 6111
1 5841
1 1881
1 9576
1 2142
1 4212
1 4041
1 7461
1 4383
1 2979
1 2745
1 4284
1 8739
1 2772
1 3654
1 6444
1 8136
1 2862
1 14859
1 1827
1 2043
1 4554
1 4041
1 4410
1 1494
1 8244
1 3222
1 7074
1 5175
1 2385
1 2205
1 11610
1 1800
1 4590
1 4680
1 9135
1 6777
1 2061
1 1764
1 7290
1 4590
1 3834
1 11016
1 5328
1 11061
1 4941
1 11538
1 3879
1 6183
1 4491
1 10107
1 12627
1 6651
1 5220
1 5355
1 2151
1 4923
1 10089
1 4158
1 3744
1 5706
1 15750
1 6831
1 1476
1 1647
1 2241
1 3249
1 2727
1 8622
1 2232
1 7065
1 9954
1 7767
1 4995
1 4140
1 3879
1 1899
1 2106
1 7443
1 5607
1 3726
1 1449
1 15318
1 3636
1 4329
1 5400
1 2052
1 5742
1 5805
1 1476
1 4482
1 5454
1 8118
1 4851
1 2529
1 1917
1 4941
1 3150
1 4482
1 6894
1 3699
1 2178
1 4302
1 4617
1 12231
1 8622
1 2196
1 4185
1 5661
1 11619
1 4572
1 8532
1 2511
1 6264
1 837
1 1845
1 1926
1 1152
1 5328
1 5841
1 2106
1 12438
1 2610
1 3222
1 8730
1 6192
1 4581
1 3798
1 12600
1 10503
1 5643
1 5823
1 2979
1 3024
1 10476
1 2745
1 5004
1 7830
1 11097
1 3834
1 2691
1 15921
1 8595
1 10197
1 5859
1 8244
1 1719
1 10296
1 5346
1 9324
1 7902
1 2214
1 2367
1 6975
1 1125
1 4824
1 5391
1 3330
1 2097
1 9036
1 3033
1 2700
1 3285
1 8460
1 7281
1 13671
1 6858
1 8658
1 8262
1 14832
1 6714
1 4842
1 4203
1 3159
1 6147
1 9378
1 1791
1 1530
1 3348
1 4599
1 6120
1 5049
1 8487
1 4140
1 13077
1 8892
1 18558
1 9846
1 4905
1 6327
1 3294
1 3555
1 1539
1 4518
1 8856
1 5166
1 1602
1 6966
1 14760
1 11223
1 7137
1 10152
1 4932
1 3195
1 5913
1 4392
1 9090
1 2700
1 7947
1 2880
1 8307
1 2385
1 8604
1 9774
1 5049
1 2880
1 4086
1 5670
1 12213
1 6462
1 2664
1 4482
1 5517
1 3141
1 11511
1 2565
1 6480
1 4302
1 7947
1 8190
1 9954
1 11556
1 10350
1 4473
1 3456
1 2844
1 3987
1 11205
1 1098
1 1665
1 11187
1 10044
1 1143
1 8307
1 11232
1 4842
1 7434
1 3249
1 3663
1 4266
1 3870
1 8262
1 5310
1 4023
1 8928
1 6642
1 1314
1 4410
1 7794
1 7812
1 7443
1 4887
1 621
1 1899
1 8469
1 11376
1 5454
1 19872
1 4491
1 7758
1 6975
1 16803
1 11052
1 5463
1 3915
1 3465
1 4545
1 12105
1 5373
1 2304
1 7335
1 2889
1 5697
1 5040
1 5472
1 6831
1 5274
1 3294
1 8046
1 9522
1 13104
1 10548
1 4455
1 3294
1 5436
1 2115
1 6984
1 2601
1 7488
1 9225
1 1710
1 3762
1 1980
1 7686
1 6057
1 8568
1 2511
1 3654
1 3501
1 2763
1 9432
1 4527
1 4779
1 6345
1 13608
1 3042
1 5310
1 7308
1 14517
1 8352
1 3672
1 9801
1 2880
1 10548
1 13014
1 3312
1 1287
1 8982
1 2763
1 8955
1 9702
1 10872
1 7245
1 1881
1 4023
1 5427
1 4518
1 9864
1 6921
1 4752
1 4068
1 4761
1 2934
1 6642
1 4419
1 10899
1 3294
1 4680
1 5724
1 8244
1 1998
1 5553
1 873
1 4068
1 6030
1 2862
1 2376
1 5562
1 5481
1 2943
1 3915
1 6516
1 7965
1 7803
1 7416
1 4896
1 2907
1 10179
1 4788
1 6804
1 14067
1 2628
1 9738
1 7911
1 1629
1 2754
1 7380
1 1116
1 4842
1 4860
1 8523
1 5823
1 7848
1 3834
1 2943
1 7065
1 4428
1 6336
1 3483
1 3816
1 3420
1 7740
1 8937
1 4887
1 16569
1 4104
1 3519
1 2952
1 1917
1 7425
1 10287
1 2385
1 12798
1 8991
1 3618
1 2709
1 4320
1 4788
1 2709
1 6462
1 8046
1 1134
1 4500
1 1116
1 10170
1 1134
1 3294
1 5832
1 7236
1 3339
1 8055
1 12168
1 11205
1 10602
1 9261
1 2583
1 7371
1 4590
1 8604
1 11439
1 12978
1 4932
1 9432
1 4779
1 2997
1 6507
1 3537
1 5967
1 5193
1 3951
1 4284
1 2556
1 8226
1 6507
1 4041
1 4752
1 3429
1 6309
1 3843
1 4986
1 10170
1 9981
1 8541
1 3663
1 6174
1 1602
1 6291
1 3177
1 3042
1 9630
1 9207
1 7173
1 2565
1 3465
1 13635
1 9432
1 7056
1 5211
1 2043
1 1512
1 5175
1 7209
1 5706
1 6192
1 3618
1 6093
1 3222
1 5994
1 3438
1 9117
1 7965
1 7911
1 4995
1 5193
1 2844
1 5103
1 2097
1 4671
1 5283
1 4851
1 1377
1 4770
1 7398
1 4374
1 3870
1 2349
1 6606
1 8091
1 1368
1 4185
1 3213
1 6534
1 7020
1 6759
1 4500
1 7488
1 4608
1 9225
1 1422
1 1476
1 2439
1 3204
1 3042
1 8244
1 6525
1 5625
1 7695
1 3177
1 6399
1 5022
1 2736
1 1341
1 3456
1 4176
1 10575
1 8253
1 4518
1 8937
1 4752
1 10656
1 6579
1 4257
1 3402
1 7515
1 4113
1 2277
1 7218
1 4419
1 5922
1 7029
1 2637
1 5373
1 9486
1 3069
1 6408
1 6255
1 3519
1 3150
1 11241
1 2943
1 8973
1 7947
1 4932
1 5337
1 5760
1 6633
1 3447
1 7020
1 11862
1 8199
1 10107
1 4761
1 7893
1 5481
1 1080
1 5076
1 3456
1 2259
1 5895
1 5544
1 4320
1 2412
1 7839
1 3618
1 5571
1 11016
1 5301
1 2115
1 2853
1 5301
1 2367
1 11097
1 9792
1 9765
1 3447
1 9531
1 6300
1 7110
1 11403
1 5796
1 4842
1 3861
1 4626
1 8640
1 2124
1 1881
1 5517
1 7506
1 4122
1 3681
1 4005
1 11817
1 6561
1 2259
1 8892
1 2439
1 9792
1 4698
1 8226
1 5436
1 1746
1 17244
1 5463
1 2934
1 2601
1 3438
1 4806
1 5814
1 12834
1 1062
1 8613
1 8415
1 4455
1 5589
1 13986
1 4113
1 6750
1 3771
1 3690
1 11754
1 6066
1 1647
1 3717
1 11268
1 4590
1 6498
1 2934
1 5364
1 3834
1 5679
1 3573
1 4086
1 6255
1 10692
1 5229
1 2988
1 2241
1 6660
1 6777
1 12150
1 5841
1 8208
1 1710
1 10512
1 10251
1 5598
1 8010
1 3510
1 1170
1 4338
1 7218
1 3114
1 8154
1 2493
1 3249
1 7524
1 3069
1 9756
1 8496
1 8604
1 4275
1 6705
1 918
1 4905
1 1782
1 5634
1 5112
1 3924
1 3618
1 3339
1 2232
1 3465
1 3816
1 4716
1 5877
1 7452
1 8667
1 1692
1 5364
1 8838
1 5652
1 6327
1 4383
1 3780
1 2079
1 3564
1 3186
1 3420
1 2835
1 13203
1 4464
1 4095
1 4023
1 4437
1 7200
1 5994
1 4356
1 3636
1 4842
1 5274
1 2907
1 1629
1 11052
1 1998
1 5166
1 6291
1 4392
1 11844
1 4590
1 9558
1 3879
1 3384
1 4689
1 6939
1 7245
1 10620
1 6516
1 4716
1 5301
1 5517
1 2754
1 8352
1 5580
1 9297
1 5283
1 8190
1 4275
1 5283
1 6111
1 6300
1 5049
1 2817
1 5787
1 4158
1 2340
1 828
1 7011
1 3285
1 5184
1 5688
1 8541
1 15273
1 2160
1 9657
1 5877
1 4266
1 6759
1 3348
1 10962
1 3132
1 4428
1 3438
1 4302
1 4887
1 6183
1 4266
1 5085
1 6885
1 2583
1 9279
1 2718
1 10134
1 4833
1 1683
1 10971
1 9792
1 3420
1 6840
1 3267
1 4662
1 5841
1 4410
1 4536
1 2682
1 12591
1 4437
1 6345
1 3960
1 11637
1 11304
1 13104
1 4473
1 5895
1 3969
1 1575
1 1944
1 5220
1 3690
1 6336
1 12789
1 4086
1 3105
1 5112
1 3600
1 5508
1 5976
1 5193
1 2232
1 8352
1 1674
1 6489
1 9135
1 4725
1 10305
1 4905
1 3960
1 3051
1 6516
1 8730
1 12114
1 4410
1 6606
1 11871
1 10197
1 4302
1 3303
1 3600
1 8946
1 4095
1 2961
1 12105
1 1674
1 7191
1 7704
1 5913
1 2583
1 12213
1 4770
1 2475
1 3105
1 2025
1 3312
1 9270
1 5886
1 3780
1 4914
1 6606
1 1665
1 7812
1 1449
1 7641
1 3114
1 8073
1 3870
1 2592
1 10854
1 3780
1 7443
1 2574
1 4446
1 9378
1 6156
1 3438
1 10899
1 8307
1 1053
1 8118
1 4824
1 8406
1 7812
1 4158
1 9774
1 2727
1 2718
1 7011
1 6012
1 2952
1 13860
1 4644
1 7767
1 4662
1 3366
1 9585
1 7758
1 8577
1 4194
1 6066
1 5724
1 8343
1 1827
1 9666
1 2475
1 6048
1 13581
1 9216
1 4563
1 2538
1 12942
1 1989
1 7497
1 2997
1 6030
1 3429
1 9315
1 2709
1 5436
1 6039
1 9594
1 5157
1 10098
1 4185
1 3717
1 2565
1 5499
1 2646
1 3177
1 7245
1 6858
1 6678
1 6003
1 6192
1 3015
1 2988
1 6813
1 7272
1 3132
1 6435
1 10845
1 8793
1 5868
1 7047
1 4464
1 3501
1 2565
1 10512
1 2916
1 8091
1 5247
1 6354
1 6318
1 4203
1 12168
1 12519
1 8118
1 3186
1 1611
1 2979
1 2871
1 9621
1 3069
1 6219
1 10899
1 3087
1 11799
1 7578
1 10476
1 5553
1 4401
1 3627
1 5211
1 7902
1 6084
1 14841
1 2124
1 3411
1 6732
1 3474
1 5337
1 8757
1 7461
1 3771
1 2061
1 6777
1 9810
1 2493
1 4761
1 1818
1 6651
1 9252
1 1728
1 7263
1 3996
1 4590
1 4833
1 2925
1 6192
1 4959
1 3339
1 6669
1 8775
1 8019
1 4563
1 5517
1 13707
1 3627
1 3105
1 6957
1 7524
1 4932
1 4932
1 4626
1 5868
1 5589
1 3690
1 5058
1 8505
1 5067
1 5913
1 3681
1 10998
1 5310
1 4122
1 1773
1 8235
1 1089
1 8550
1 10134
1 2088
1 6129
1 4923
1 1692
1 2583
1 7965
1 3708
1 7191
1 7236
1 8694
1 8172
1 2547
1 10449
1 4851
1 6714
1 3330
1 6165
1 6732
1 15372
1 8685
1 3015
1 2259
1 3753
1 2673
1 10674
1 8442
1 5400
1 5499
1 8145
1 2925
1 7848
1 4194
1 2907
1 10881
1 3654
1 6012
1 3915
1 4806
1 5184
1 12132
1 4113
1 5733
1 1953
1 6867
1 4716
1 4878
1 7578
1 3276
1 13419
1 8433
1 2745
1 4302
1 4041
1 2673
1 6246
1 6102
1 1305
1 2943
1 3231
1 6048
1 7614
1 13167
1 9207
1 8847
1 6111
1 10125
1 4617
1 7047
1 9171
1 3177
1 3285
1 3816
1 9198
1 4122
1 7254
1 2034
1 3870
1 9918
1 3600
1 2475
1 2718
1 711
1 6192
1 14112
1 2565
1 5175
1 9882
1 5580
1 12951
1 7875
1 2763
1 4140
1 15822
1 6786
1 3213
1 5004
1 7758
1 5589
1 2700
1 7461
1 3222
1 2619
1 7695
1 9729
1 7911
1 729
1 3915
1 2700
1 13014
1 10107
1 4617
1 10269
1 6966
1 9684
1 1638
1 2484
1 4491
1 6165
1 17811
1 5472
1 4734
1 3123
1 666
1 4014
1 8181
1 4005
1 2673
1 6957
1 9639
1 1494
1 4014
1 2745
1 8514
1 14436
1 4536
1 3996
1 6471
1 6093
1 4770
1 4896
1 3825
1 1746
1 7587
1 4104
1 5913
1 2475
1 7911
1 3906
1 5112
1 12636
1 9621
1 8721
1 3132
1 9630
1 4365
1 9045
1 8307
1 7515
1 6201
1 4032
1 4428
1 10467
1 3663
1 2646
1 4761
1 5481
1 6822
1 3294
1 4824
1 2241
1 6930
1 7398
1 7956
1 5391
1 882
1 16155
1 11124
1 3447
1 7857
1 8262
1 4509
1 3915
1 4887
1 12195
1 2331
1 7281
1 1566
1 5607
1 4950
1 17838
1 6246
1 11898
1 5616
1 6777
1 6327
1 6075
1 8991
1 7821
1 2808
1 16407
1 4347
1 7524
1 3870
1 9738
1 7056
1 3087
1 1575
1 8856
1 4644
1 5175
1 2313
1 6264
1 14517
1 4005
1 4887
1 3510
1 1809
1 11268
1 4041
1 3861
1 10170
1 2826
1 8388
1 7542
1 4455
1 3906
1 2322
1 4725
1 8550
1 5895
1 16596
1 6705
1 5760
1 3528
1 3825
1 4221
1 6741
1 2646
1 2790
1 5193
1 4860
1 2817
1 5472
1 1071
1 2295
1 4383
1 2781
1 3663
1 7911
1 3492
1 11502
1 6939
1 7173
1 2754
1 9441
1 4527
1 5445
1 5418
1 3411
1 4230
1 1719
1 6606
1 11070
1 4536
1 3285
1 2160
1 1260
1 2232
1 1773
1 3636
1 6201
1 3096
1 7641
1 3897
1 6345
1 6525
1 7659
1 4086
1 6885
1 1449
1 6030
1 2007
1 8793
1 1269
1 13509
1 5103
1 9207
1 17019
1 5787
1 4752
1 3294
1 9792
1 1791
1 9981
1 14526
1 4347
1 2718
1 5265
1 1809
1 2610
1 8919
1 3645
1 5625
1 2664
1 7245
1 4968
1 15354
1 4545
1 1593
1 1818
1 10224
1 3348
1 6993
1 10233
1 8208
1 1449
1 9018
1 7668
1 2934
1 11844
1 8892
1 4788
1 7596
1 10809
1 4878
1 3357
1 2682
1 5058
1 6813
1 7767
1 7488
1 4887
1 6939
1 9297
1 7479
1 3573
1 8820
1 5697
1 6489
1 10377
1 2682
1 2106
1 3771
1 9531
1 6750
1 2610
1 1710
1 2619
1 10935
1 6201
1 4293
1 7587
1 1575
1 4671
1 6894
1 4680
1 1737
1 3015
1 6318
1 3681
1 2412
1 2979
1 5220
1 9702
1 2322
1 10872
1 2682
1 11565
1 4221
1 4959
1 8964
1 4185
1 5499
1 8244
1 6570
1 3105
1 2835
1 4968
1 3717
1 8496
1 13617
1 801
1 5193
1 2412
1 7371
1 10890
1 1728
1 12843
1 9441
1 1980
1 2088
1 1278
1 2214
1 7875
1 4635
1 5283
1 7641
1 5490
1 3069
1 5382
1 2628
1 7182
1 6669
1 9297
1 3879
1 3789
1 6948
1 8748
1 3789
1 3609
1 6012
1 3861
1 5481
1 5535
1 4140
1 13896
1 2169
1 4473
1 2097
1 1413
1 5067
1 2763
1 3573
1 13986
1 11727
1 5022
1 11277
1 3825
1 15372
1 5607
1 7731
1 4113
1 2655
1 2196
1 10017
1 2070
1 12528
1 1269
1 4932
1 4194
1 8757
1 17604
1 10566
1 5643
1 7137
1 4878
1 5175
1 2430
1 18432
1 2421
1 3123
1 2808
1 3645
1 6318
1 4050
1 1620
1 3078
1 5769
1 14679
1 6570
1 4581
1 9486
1 1899
1 1323
1 1935
1 2808
1 8631
1 9738
1 5490
1 3510
1 4311
1 3528
1 4815
1 5994
1 2943
1 8118
1 5139
1 6273
1 10908
1 7686
1 8397
1 5193
1 2655
1 3762
1 4995
1 5103
1 6219
1 6903
1 8271
1 4599
1 5904
1 4590
1 5256
1 2817
1 5868
1 8514
1 4644
1 6741
1 3393
1 3681
1 6354
1 4302
1 6759
1 9846
1 2016
1 3924
1 3402
1 2979
1 6966
1 1251
1 4869
1 6669
1 2493
1 3141
1 2619
1 7704
1 2628
1 4347
1 4770
1 3528
1 20124
1 5139
1 7083
1 8649
1 5472
1 4869
1 2142
1 2223
1 7110
1 2655
1 1080
1 2160
1 5976
1 19674
1 2961
1 10809
1 2475
1 4959
1 3141
1 2061
1 13194
1 6678
1 17370
1 9378
1 6174
1 2790
1 4707
1 4887
1 14877
1 3915
1 2547
1 3447
1 5859
1 5013
1 5877
1 2952
1 14787
1 9837
1 8748
1 3042
1 5256
1 4347
1 2790
1 10179
1 8046
1 7821
1 5868
1 15048
1 8082
1 4617
1 7821
1 14742
1 8928
1 5544
1 3717
1 5274
1 2313
1 2583
1 2385
1 2808
1 7380
1 4257
1 5022
1 14202
1 8532
1 4104
1 7371
1 4824
1 6876
1 4059
1 7470
1 3771
1 2898
1 3825
1 7137
1 3132
1 16794
1 5202
1 7938
1 7245
1 3312
1 1134
1 3762
1 5769
1 9171
1 15030
1 12177
1 6210
1 3024
1 4725
1 3681
1 7191
1 3789
1 3528
1 3492
1 6561
1 9846
1 1566
1 6228
1 4653
1 7875
1 1764
1 8838
1 9459
1 9612
1 3510
1 6507
1 4059
1 2223
1 3195
1 4194
1 1917
1 9738
1 2538
1 4572
1 17406
1 3510
1 4527
1 1638
1 10629
1 1575
1 2610
1 10503
1 6183
1 16461
1 4140
1 4491
1 3078
1 2367
1 1998
1 3825
1 2205
1 4905
1 6111
1 2385
1 1350
1 6462
1 5499
1 3717
1 4860
1 5202
1 3231
1 3132
1 4716
1 8091
1 9927
1 11232
1 5319
1 9567
1 612
1 4221
1 6669
1 3033
1 5580
1 7983
1 1863
1 6570
1 3807
1 10674
1 3681
1 5301
1 5886
1 9342
1 13041
1 3420
1 2430
1 4167
1 2583
1 2439
1 5229
1 6939
1 7407
1 7002
1 5760
1 2727
1 11682
1 12258
1 3600
1 14211
1 7398
1 7659
1 10404
1 2925
1 6975
1 4293
1 4320
1 5409
1 9009
1 5436
1 6867
1 5562
1 7695
1 13554
1 4671
1 1224
1 5724
1 7254
1 7209
1 5022
1 3240
1 4833
1 5103
1 3393
1 3987
1 13113
1 6372
1 7335
1 7011
1 1845
1 1647
1 6552
1 6219
1 2511
1 1782
1 4293
1 7191
1 4752
1 6030
1 7353
1 4248
1 2088
1 6345
1 909
1 2412
1 5211
1 12096
1 3807
1 1611
1 2754
1 7164
1 6750
1 4275
1 5121
1 7245
1 4545
1 7227
1 15669
1 5553
1 7344
1 7731
1 5346
1 9225
1 9864
1 2520
1 5940
1 3726
1 10791
1 7200
1 3501
1 11790
1 18891
1 6183
1 4356
1 1692
1 6102
1 5211
1 3033
1 10305
1 3618
1 4590
1 1404
1 13356
1 4545
1 5859
1 2574
1 4941
1 7038
1 5481
1 8163
1 4185
1 2934
1 9981
1 2619
1 2196
1 8874
1 4878
1 7371
1 4005
1 2817
1 7533
1 4401
1 3951
1 8910
1 2277
1 7758
1 9081
1 4536
1 10755
1 7551
1 12438
1 6345
1 7380
1 8982
1 873
1 6903
1 7362
1 1431
1 7362
1 6804
1 3528
1 6489
1 9432
1 4653
1 6219
1 4581
1 3366
1 5031
1 1782
1 10341
1 1881
1 7146
1 6714
1 6030
1 7254
1 6579
1 2628
1 6480
1 1377
1 7857
1 4266
1 2385
1 8127
1 5391
1 15885
1 3528
1 4059
1 8055
1 5301
1 4905
1 7497
1 8163
1 10413
1 4428
1 4122
1 15210
1 7182
1 1602
1 5877
1 16281
1 2853
1 3492
1 3897
1 3627
1 7272
1 3546
1 3492
1 8541
1 5355
1 13968
1 2061
1 12942
1 2970
1 10845
1 3483
1 5661
1 2115
1 1512
1 6111
1 6669
1 2628
1 4797
1 4473
1 2484
1 4383
1 10206
1 5085
1 3429
1 3699
1 3681
1 3699
1 21681
1 4851
1 6579
1 2718
1 1377
1 1791
1 3087
1 1818
1 7515
1 2997
1 5346
1 12600
1 3267
1 5958
1 5454
1 2115
1 3762
1 4059
1 6237
1 7803
1 3321
1 2097
1 4167
1 1818
1 8055
1 10215
1 3663
1 18333
1 1962
1 837
1 5166
1 2412
1 6453
1 6471
1 2673
1 10143
1 4671
1 4446
1 2943
1 4878
1 1629
1 7308
1 5706
1 1467
1 4401
1 3789
1 5328
1 5985
1 4059
1 7092
1 6165
1 5427
1 7596
1 6039
1 5634
1 6003
1 1629
1 2313
1 13383
1 10008
1 3645
1 2106
1 2916
1 1701
1 3384
1 8181
1 13842
1 2187
1 4086
1 5175
1 3240
1 4887
1 5490
1 5688
1 6345
1 4158
1 6336
1 2088
1 4905
1 6039
1 4320
1 7992
1 2817
1 2133
1 12177
1 7002
1 10665
1 2295
1 9531
1 8343
1 3618
1 2313
1 1638
1 4455
1 5562
1 10890
1 3141
1 3564
1 6264
1 5409
1 1017
1 4617
1 9306
1 9081
1 8082
1 1746
1 2394
1 4509
1 2484
1 6534
1 7263
1 3843
1 2610
1 4230
1 5013
1 5148
1 5058
1 2907
1 5238
1 2196
1 16128
1 7929
1 8064
1 6642
1 4590
1 3645
1 5220
1 9900
1 6462
1 3303
1 9459
1 1071
1 10116
1 3708
1 7992
1 8937
1 2502
1 6255
1 4986
1 13977
1 8064
1 15246
1 8136
1 7803
1 7308
1 2700
1 2790
1 7074
1 7515
1 5706
1 2934
1 1800
1 7821
1 3303
1 3771
1 2934
1 8487
1 9414
1 4590
1 5562
1 9774
1 4032
1 7344
1 3996
1 4149
1 4869
1 5679
1 5832
1 2745
1 1962
1 5643
1 4743
1 3636
1 5553
1 2052
1 4176
1 3942
1 1179
1 3168
1 7146
1 3690
1 5571
1 4221
1 12402
1 8577
1 5202
1 11484
1 4788
1 7740
1 3780
1 10350
1 9045
1 2511
1 2718
1 12762
1 6210
1 5508
1 3294
1 5256
1 5634
1 5679
1 8073
1 7317
1 1251
1 9027
1 5013
1 15975
1 6336
1 16146
1 4554
1 2655
1 6336
1 3663
1 5040
1 3609
1 7533
1 5445
1 10458
1 17208
1 6507
1 6588
1 1341
1 4941
1 12654
1 2241
1 2439
1 6111
1 4140
1 5805
1 2943
1 909
1 3681
1 10989
1 2016
1 6984
1 4446
1 10152
1 6417
1 5139
1 5715
1 4914
1 5490
1 2745
1 2250
1 16560
1 3051
1 9513
1 2655
1 8073
1 1404
1 8163
1 7326
1 6732
1 1836
1 1863
1 5040
1 4419
1 8694
1 16263
1 9468
1 1566
1 6651
1 8595
1 10809
1 10881
1 8127
1 16479
1 11034
1 1728
1 1395
1 6174
1 4239
1 7722
1 15606
1 5022
1 9360
1 3177
1 6714
1 4509
1 3069
1 4905
1 9702
1 5652
1 2988
1 5724
1 10701
1 2565
1 1485
1 1629
1 567
1 2079
1 3951
1 2583
1 2646
1 7677
1 3276
1 2862
1 6201
1 3636
1 3087
1 10143
1 4950
1 5130
1 2628
1 9216
1 11025
1 6552
1 5751
1 4446
1 1611
1 2295
1 3321
1 7452
1 1008
1 1818
1 2628
1 2790
1 3843
1 9333
1 10719
1 2403
1 3033
1 1413
1 3195
1 9810
1 4644
1 3573
1 5886
1 2664
1 1467
1 4050
1 3843
1 3735
1 4437
1 4653
1 5445
1 3294
1 2502
1 6813
1 3663
1 7245
1 7002
1 7461
1 4203
1 5796
1 5715
1 5049
1 4122
1 3150
1 1116
1 2214
1 11169
1 5022
1 4158
1 2511
1 4149
1 4950
1 7893
1 6462
1 4284
1 9225
1 5481
1 5355
1 4041
1 14787
1 4437
1 7812
1 7983
1 3078
1 2160
1 13878
1 7398
1 4284
1 4185
1 4671
1 6030
1 7443
1 7290
1 15399
1 2529
1 7992
1 5301
1 2223
1 5013
1 3825
1 4230
1 2889
1 6102
1 6480
1 1926
1 13878
1 8532
1 4419
1 3798
1 12798
1 9360
1 7254
1 7218
1 3978
1 963
1 12969
1 9747
1 9684
1 3951
1 8424
1 8820
1 1944
1 3987
1 12096
1 3114
1 3753
1 5040
1 1035
1 4779
1 12105
1 3339
1 6399
1 2439
1 5256
1 4770
1 2538
1 4419
1 5841
1 2718
1 4185
1 2979
1 9162
1 2763
1 5022
1 4887
1 3267
1 5238
1 6417
1 2952
1 9882
1 8811
1 7668
1 8793
1 7227
1 3636
1 5949
1 3024
1 6975
1 5166
1 12366
1 14391
1 6966
1 1080
1 1593
1 5265
1 8568
1 3762
1 8874
1 621
1 6687
1 9288
1 7839
1 10494
1 5652
1 6579
1 2331
1 7614
1 4599
1 2988
1 5391
1 5985
1 10629
1 2673
1 1917
1 9045
1 2322
1 4473
1 2484
1 2790
1 6084
1 10404
1 4059
1 5643
1 2871
1 5310
1 4572
1 6930
1 4131
1 1350
1 4041
1 4491
1 6381
1 12024
1 7686
1 3519
1 3366
1 7434
1 2997
1 3591
1 5193
1 3519
1 2538
1 1989
1 11313
1 4365
1 11646
1 3546
1 3789
1 7407
1 3087
1 5184
1 3177
1 6723
1 6471
1 3528
1 11592
1 6237
1 7290
1 4140
1 7677
1 5886
1 14355
1 3690
1 495
1 4707
1 4905
1 5166
1 13329
1 9063
1 6021
1 5445
1 2259
1 3807
1 6102
1 8253
1 2313
1 5895
1 6102
1 7659
1 14652
1 9153
1 9270
1 5202
1 2502
1 1890
1 2304
1 2862
1 3051
1 1917
1 6975
1 6633
1 7623
1 5454
1 3807
1 5805
1 8847
1 2250
1 10386
1 8919
1 10017
1 5760
1 5004
1 5130
1 4662
1 2187
1 738
1 3249
1 2286
1 6507
1 6939
1 8280
1 16704
1 2718
1 7713
1 7389
1 3798
1 3753
1 4617
1 6363
1 10665
1 3411
1 2367
1 7641
1 4662
1 5418
1 1989
1 19674
1 5481
1 7191
1 4347
1 2331
1 11313
1 3933
1 2043
1 4608
1 8604
1 7020
1 9252
1 5247
1 5481
1 3042
1 6831
1 4140
1 5904
1 6156
1 14310
1 3420
1 11529
1 1449
1 3528
1 5427
1 12402
1 7056
1 4455
1 4878
1 7101
1 10449
1 6714
1 3051
1 1440
1 3123
1 2664
1 6003
1 3150
1 4824
1 4923
1 2916
1 5247
1 6795
1 6165
1 6597
1 8388
1 6462
1 7857
1 20385
1 14886
1 5544
1 3141
1 9441
1 1224
1 4662
1 1359
1 4743
1 7569
1 8226
1 8271
1 5652
1 2601
1 7092
1 7056
1 9891
1 7380
1 9603
1 5805
1 3816
1 4275
1 5661
1 5202
1 2637
1 3042
1 7992
1 8352
1 2619
1 4158
1 5985
1 5787
1 7308
1 4086
1 7101
1 8028
1 4797
1 9180
1 19791
1 1206
1 1908
1 7047
1 4932
1 15129
1 6804
1 1845
1 3465
1 5589
1 3177
1 9531
1 2664
1 3168
1 2601
1 10791
1 2538
1 2241
1 13662
1 3240
1 4545
1 21222
1 5076
1 5427
1 6084
1 6759
1 2916
1 3969
1 6417
1 8766
1 4815
1 6129
1 8802
1 9774
1 5508
1 2277
1 5724
1 3789
1 4266
1 7182
1 5985
1 2016
1 4347
1 4707
1 5382
1 9027
1 5850
1 2835
1 3276
1 4896
1 4275
1 3627
1 2763
1 8325
1 5805
1 8451
1 2322
1 17262
1 11412
1 5850
1 4797
1 2997
1 8748
1 3393
1 4959
1 7038
1 8253
1 5490
1 4779
1 2943
1 1071
1 13428
1 10449
1 3123
1 9468
1 3681
1 6588
1 828
1 2376
1 4887
1 5553
1 5301
1 4158
1 3897
1 9090
1 3132
1 6705
1 5031
1 7137
1 3465
1 11799
1 3537
1 8604
1 2106
1 2583
1 3915
1 3654
1 12366
1 10080
1 2700
1 6660
1 7029
1 4887
1 1188
1 3672
1 3078
1 7173
1 5886
1 8091
1 6507
1 2151
1 6687
1 5328
1 5022
1 4284
1 8244
1 12546
1 6390
1 3564
1 2673
1 963
1 5904
1 2187
1 3924
1 5949
1 4293
1 2808
1 3897
1 7983
1 10710
1 6534
1 4707
1 3906
1 2799
1 4869
1 8370
1 3501
1 8604
1 5580
1 1314
1 16362
1 3339
1 4509
1 4833
1 2709
1 6633
1 3177
1 12411
1 1548
1 3663
1 11160
1 3726
1 9216
1 9963
1 1737
1 5076
1 1818
1 1548
1 6093
1 9396
1 13140
1 9774
1 2358
1 8289
1 5364
1 3096
1 1926
1 4095
1 8037
1 11349
1 4221
1 11907
1 5112
1 3447
1 9864
1 6237
1 6093
1 1962
1 630
1 10584
1 7002
1 7290
1 4086
1 1197
1 7074
1 5616
1 17388
1 7866
1 6183
1 3609
1 3105
1 3339
1 7812
1 1026
1 1053
1 1998
1 4248
1 5571
1 7425
1 5805
1 3564
1 2718
1 6948
1 2367
1 1719
1 2457
1 2574
1 3726
1 4545
1 6534
1 4446
1 3123
1 3600
1 1998
1 7443
1 2943
1 5931
1 4698
1 783
1 5058
1 17685
1 2745
1 3735
1 9342
1 2430
1 3222
1 1611
1 11052
1 5526
1 3132
1 5436
1 4680
1 4185
1 8271
1 8721
1 4770
1 5931
1 6246
1 2106
1 3744
1 3375
1 504
1 2988
1 1260
1 1908
1 5445
1 3348
1 5382
1 4779
1 4878
1 5193
1 2295
1 5760
1 2655
1 1287
1 2682
1 7362
1 9207
1 9810
1 5751
1 4140
1 1395
1 8721
1 8892
1 3915
1 4248
1 4221
1 2727
1 8055
1 9891
1 1044
1 4671
1 6345
1 5256
1 9423
1 2682
1 5319
1 5139
1 4437
1 4473
1 6255
1 3681
1 2844
1 8703
1 7434
1 6444
1 3429
1 4779
1 3348
1 4725
1 4815
1 5184
1 9675
1 3024
1 6714
1 3915
1 3501
1 2466
1 4374
1 10269
1 8667
1 5022
1 10260
1 5967
1 7272
1 2655
1 2907
1 11979
1 3762
1 2961
1 9009
1 16173
1 3339
1 7443
1 2871
1 7281
1 2511
1 7110
1 5913
1 2934
1 1620
1 2772
1 5535
1 6525
1 8802
1 3753
1 6966
1 3699
1 11754
1 2853
1 2664
1 8955
1 14553
1 4770
1 684
1 3510
1 2889
1 6183
1 5697
1 3942
1 16254
1 4509
1 7326
1 9054
1 4779
1 6471
1 1800
1 1323
1 4599
1 6480
1 2160
1 8883
1 7425
1 12852
1 4698
1 5211
1 10179
1 3762
1 10296
1 3609
1 4338
1 2844
1 15678
1 2223
1 8901
1 5310
1 6228
1 1242
1 5562
1 2070
1 4914
1 2025
1 8010
1 3501
1 7830
1 9792
1 4509
1 2547
1 5220
1 5364
1 1683
1 5031
1 9639
1 1323
1 2205
1 4374
1 3888
1 1890
1 2331
1 5715
1 1557
1 4437
1 6435
1 4887
1 11412
1 5877
1 5148
1 5868
1 11763
1 4059
1 7596
1 7704
1 3537
1 15201
1 1665
1 10440
1 1917
1 6561
1 8001
1 7776
1 1305
1 8073
1 3942
1 1683
1 6552
1 9261
1 5634
1 1773
1 2124
1 15129
1 7866
1 5544
1 14202
1 8442
1 5598
1 5292
1 6804
1 1557
1 3276
1 5175
1 10728
1 2835
1 3258
1 7047
1 6507
1 2070
1 2052
1 17928
1 4005
1 6480
1 6174
1 7695
1 7245
1 7236
1 4086
1 2358
1 2844
1 3870
1 4275
1 8343
1 1764
1 2322
1 5436
1 8469
1 2070
1 2871
1 4248
1 1818
1 4941
1 5931
1 5373
1 11277
1 4329
1 18009
1 5445
1 9333
1 11475
1 13527
1 8181
1 9909
1 1422
1 2421
1 4806
1 10593
1 9918
1 10782
1 7983
1 4536
1 7056
1 6030
1 7497
1 5319
1 1188
1 3006
1 2106
1 2079
1 7614
1 4716
1 2610
1 2736
1 1611
1 5814
1 3060
1 2853
1 4509
1 7101
1 4113
1 3285
1 6858
1 2583
1 3816
1 8658
1 3618
1 3249
1 4644
1 5292
1 2673
1 7398
1 7011
1 1098
1 9360
1 6111
1 4068
1 3024
1 972
1 2286
1 7479
1 3132
1 6768
1 3573
1 3906
1 4014
1 13680
1 5211
1 5427
1 2718
1 5526
1 6399
1 7947
1 6255
1 3699
1 5418
1 10773
1 7137
1 2124
1 6588
1 13752
1 4356
1 4734
1 7083
1 5337
1 3150
1 10782
1 4446
1 14616
1 3825
1 2682
1 1638
1 7020
1 3114
1 3204
1 6669
1 5949
1 4833
1 6336
1 5220
1 4932
1 4779
1 1908
1 11934
1 6003
1 7731
1 5877
1 11124
1 3168
1 2673
1 5229
1 2763
1 5499
1 9270
1 6984
1 2727
1 5139
1 4239
1 2610
1 1242
1 10017
1 3456
1 12546
1 4491
1 3951
1 3195
1 8244
1 13572
1 14625
1 12276
1 5517
1 4275
1 6921
1 11646
1 4968
1 6597
1 5184
1 7677
1 8487
1 5580
1 2988
1 3555
1 4716
1 7740
1 4878
1 7596
1 6498
1 7416
1 9153
1 15012
1 7920
1 6246
1 4923
1 4716
1 2277
1 6984
1 1818
1 9765
1 10089
1 2817
1 11466
1 7191
1 6471
1 3807
1 12375
1 6561
1 5526
1 3231
1 9981
1 4860
1 1053
1 10197
1 3276
1 1566
1 5535
1 4860
1 5229
1 3924
1 1782
1 6966
1 3726
1 6660
1 3924
1 6381
1 774
1 3240
1 1539
1 10224
1 3708
1 1017
1 6102
1 5157
1 10746
1 1890
1 2772
1 7461
1 6255
1 8856
1 16434
1 3627
1 1314
1 2907
1 9540
1 1989
1 14148
1 4059
1 3141
1 2538
1 7524
1 7110
1 4356
1 11583
1 4005
1 4194
1 5697
1 5400
1 4815
1 5598
1 3141
1 8172
1 4509
1 2196
1 9099
1 5184
1 4356
1 7650
1 3600
1 2241
1 4590
1 10845
1 2043
1 7614
1 10107
1 2340
1 10044
1 5247
1 4239
1 7956
1 7092
1 5571
1 1692
1 4950
1 7146
1 855
1 2862
1 1161
1 4500
1 3906
1 8325
1 10683
1 4815
1 3915
1 6309
1 2817
1 10656
1 990
1 8649
1 3321
1 3465
1 5121
1 2070
1 6795
1 1899
1 12060
1 4635
1 3546
1 8442
1 6444
1 5751
1 10548
1 2943
1 4842
1 3024
1 2259
1 11700
1 5058
1 13734
1 6471
1 6930
1 4626
1 6498
1 6219
1 1170
1 819
1 2403
1 3735
1 6957
1 2574
1 2196
1 1764
1 1890
1 7119
1 3168
1 1503
1 8802
1 4914
1 2817
1 5355
1 8892
1 10872
1 4662
1 2241
1 5229
1 2898
1 2835
1 2286
1 9423
1 14643
1 6498
1 9351
1 8532
1 3582
1 4212
1 11142
1 3132
1 5400
1 1863
1 3627
1 8271
1 5112
1 7425
1 3447
1 10314
1 5436
1 5130
1 1386
1 14121
1 3015
1 2502
1 6237
1 3672
1 2466
1 4716
1 3177
1 2889
1 2889
1 2178
1 8424
1 5274
1 2448
1 3807
1 3087
1 7767
1 3069
1 16371
1 6030
1 2286
1 6948
1 11133
1 2070
1 3177
1 7443
1 4464
1 13239
1 17073
1 6156
1 6165
1 4149
1 7164
1 7272
1 7929
1 4914
1 7587
1 7767
1 981
1 2313
1 2889
1 5598
1 3717
1 4176
1 2916
1 1899
1 1530
1 11160
1 5697
1 1863
1 3627
1 5643
1 8307
1 11151
1 14040
1 6948
1 6237
1 7632
1 6237
1 3285
1 2583
1 6570
1 3609
1 4851
1 16515
1 4374
1 1233
1 3879
1 2313
1 8829
1 6210
1 2871
1 2682
1 2412
1 5544
1 7119
1 4167
1 4095
1 4455
1 2736
1 1269
1 4788
1 2970
1 3591
1 4068
1 10737
1 7308
1 4671
1 7479
1 5067
1 2772
1 2601
1 2538
1 8667
1 4401
1 2871
1 7767
1 4851
1 3843
1 11457
1 3168
1 6417
1 6885
1 3690
1 5652
1 7155
1 5238
1 2619
1 2979
1 5949
1 3456
1 4248
1 9450
1 7416
1 4878
1 3024
1 2196
1 4626
1 4923
1 13275
1 8469
1 10368
1 17937
1 9738
1 4275
1 5022
1 2691
1 7623
1 8271
1 3411
1 3249
1 1485
1 9522
1 3951
1 3393
1 7029
1 3573
1 7317
1 9981
1 2502
1 945
1 3096
1 4662
1 7047
1 16974
1 8298
1 3078
1 7407
1 11871
1 11952
1 8262
1 12717
1 6471
1 6615
1 4095
1 3834
1 9198
1 13347
1 7524
1 6021
1 6975
1 3825
1 3213
1 3609
1 7056
1 1602
1 666
1 2754
1 7074
1 1269
1 9639
1 4887
1 8136
1 4554
1 9693
1 9432
1 4644
1 6768
1 4860
1 4581
1 11358
1 3627
1 4734
1 5517
1 4986
1 6849
1 3735
1 2871
1 3924
1 6849
1 3609
1 1224
1 5679
1 2772
1 4122
1 1035
1 5706
1 9981
1 4383
1 3420
1 3663
1 4590
1 4248
1 3807
1 10818
1 3033
1 1791
1 1719
1 4050
1 12060
1 1881
1 8910
1 2241
1 5337
1 3690
1 6318
1 20493
1 3141
1 4662
1 2133
1 9585
1 5463
1 3717
1 7407
1 4077
1 8523
1 3717
1 6462
1 7335
1 3105
1 3996
1 4122
1 5076
1 13932
1 2475
1 7956
1 6642
1 5859
1 5085
1 7560
1 6210
1 1971
1 4563
1 4662
1 9081
1 4122
1 7686
1 2214
1 11664
1 4599
1 4158
1 8892
1 3987
1 3996
1 4509
1 12429
1 15453
1 18621
1 6588
1 4176
1 3420
1 8766
1 11385
1 1593
1 8352
1 2907
1 4014
1 7650
1 3330
1 4959
1 864
1 2880
1 2286
1 2331
1 7272
1 3321
1 2241
1 8361
1 3132
1 7794
1 3753
1 5661
1 6129
1 1692
1 6165
1 12915
1 15669
1 2385
1 2016
1 2646
1 3123
1 2529
1 13293
1 6831
1 2286
1 6849
1 10395
1 4779
1 1962
1 7821
1 20349
1 5787
1 2709
1 7812
1 3501
1 9486
1 9234
1 9918
1 2376
1 10035
1 2250
1 2754
1 3348
1 5724
1 1926
1 1161
1 1413
1 4437
1 7749
1 5733
1 2655
1 7794
1 4311
1 10080
1 4347
1 4041
1 9144
1 4563
1 3681
1 8154
1 10035
1 8775
1 3249
1 6408
1 9774
1 1602
1 3672
1 3474
1 5643
1 6408
1 11124
1 7182
1 7920
1 6129
1 5373
1 3186
1 5481
1 5634
1 8217
1 2223
1 1530
1 3690
1 4104
1 954
1 10917
1 4779
1 7443
1 7434
1 5157
1 2880
1 11232
1 5751
1 1980
1 4212
1 3276
1 900
1 5013
1 9018
1 1539
1 7443
1 702
1 6012
1 12420
1 5490
1 6795
1 10314
1 3384
1 5895
1 2376
1 9018
1 6552
1 2520
1 1359
1 5661
1 8739
1 3717
1 5004
1 3294
1 4707
1 7920
1 2367
1 7623
1 1305
1 3834
1 7209
1 3960
1 6768
1 5175
1 6633
1 5427
1 3240
1 6876
1 9288
1 21024
1 2007
1 8316
1 2295
1 5004
1 4347
1 16362
1 5661
1 4527
1 11817
1 1845
1 1638
1 8253
1 2844
1 5319
1 1575
1 5652
1 4950
1 5040
1 8595
1 10323
1 6201
1 1881
1 3285
1 3699
1 5553
1 6561
1 5247
1 8595
1 11601
1 6759
1 2205
1 11061
1 7614
1 2997
1 2214
1 4176
1 3924
1 9504
1 1737
1 2826
1 6705
1 2214
1 8901
1 8064
1 6318
1 15903
1 2835
1 4221
1 9693
1 5733
1 4509
1 5940
1 4932
1 10629
1 9252
1 2421
1 3114
1 2349
1 1989
1 1683
1 8388
1 8973
1 3483
1 9243
1 3852
1 1746
1 5769
1 13446
1 3681
1 1494
1 6651
1 2988
1 3231
1 3033
1 15327
1 2214
1 7299
1 3762
1 2502
1 8082
1 3888
1 5238
1 2529
1 3312
1 3726
1 2943
1 9009
1 5337
1 2691
1 4887
1 8865
1 3753
1 2178
1 4788
1 2916
1 3627
1 3168
1 1566
1 5823
1 2097
1 8766
1 3213
1 5283
1 11079
1 3312
1 3195
1 3807
1 4176
1 2322
1 3744
1 5481
1 9144
1 4986
1 8748
1 4860
1 8937
1 2538
1 5760
1 3042
1 2214
1 2196
1 2484
1 3744
1 3447
1 5724
1 12753
1 13662
1 7677
1 4851
1 8748
1 9630
1 6066
1 2394
1 4770
1 5013
1 2232
1 7128
1 8415
1 4266
1 3357
1 1692
1 4545
1 3537
1 1881
1 10800
1 5193
1 8928
1 2277
1 1278
1 9765
1 6417
1 3303
1 12870
1 2871
1 8604
1 9369
1 5103
1 8928
1 7011
1 2817
1 3987
1 9261
1 3744
1 3348
1 2835
1 837
1 5607
1 5355
1 7407
1 3996
1 3834
1 5949
1 14760
1 8289
1 12069
1 3834
1 4356
1 3213
1 7371
1 12150
1 2142
1 2844
1 17469
1 5562
1 2250
1 9603
1 3096
1 8955
1 4293
1 5616
1 8946
1 8415
1 4644
1 6102
1 5418
1 6903
1 7029
1 5463
1 5310
1 5805
1 4959
1 7677
1 2340
1 6570
1 7164
1 7830
1 7191
1 5436
1 3348
1 2205
1 5049
1 2574
1 2988
1 8019
1 7650
1 972
1 5571
1 7173
1 9657
1 7263
1 4815
1 2070
1 11988
1 8118
1 2277
1 6480
1 5679
1 6273
1 8397
1 1467
1 5895
1 10134
1 4545
1 2187
1 5679
1 5814
1 14256
1 6111
1 2745
1 2430
1 12924
1 5850
1 1980
1 4050
1 4761
1 7236
1 7344
1 15786
1 9369
1 7983
1 8478
1 2214
1 3294
1 8055
1 5670
1 7866
1 1188
1 1458
1 14517
1 3024
1 2727
1 7200
1 3186
1 6651
1 6966
1 1449
1 3744
1 7722
1 4338
1 2601
1 3285
1 1845
1 6345
1 4320
1 2322
1 8532
1 3996
1 8514
1 1251
1 7812
1 9981
1 12951
1 4914
1 5886
1 4941
1 12924
1 18603
1 4392
1 2682
1 5382
1 2826
1 11340
1 9900
1 7587
1 7677
1 2547
1 7911
1 12573
1 13635
1 3708
1 2826
1 5742
1 2187
1 2691
1 3600
1 4194
1 7938
1 5607
1 7047
1 18882
1 10575
1 7506
1 7434
1 6372
1 8253
1 7884
1 8784
1 4716
1 12330
1 2853
1 1341
1 13257
1 1395
1 8208
1 9702
1 8091
1 9378
1 7164
1 2610
1 10674
1 1980
1 4851
1 5760
1 9315
1 1683
1 3276
1 1602
1 10818
1 5265
1 5625
1 2268
1 17865
1 6273
1 1215
1 4851
1 6669
1 3456
1 6201
1 5022
1 7227
1 5697
1 6381
1 1647
1 1818
1 6597
1 4626
1 7983
1 4680
1 3159
1 5319
1 4959
1 3960
1 2025
1 6759
1 10287
1 1917
1 8046
1 1746
1 2529
1 4185
1 11061
1 4608
1 4284
1 3735
1 4725
1 5382
1 6138
1 5814
1 15615
1 3735
1 5328
1 6381
1 5553
1 13320
1 8064
1 4590
1 4122
1 1125
1 8676
1 4149
1 1404
1 17802
1 3735
1 5760
1 3240
1 4338
1 3078
1 9441
1 1611
1 2115
1 6399
1 2907
1 3348
1 5472
1 18126
1 1674
1 11664
1 3672
1 7452
1 3501
1 3699
1 4437
1 4212
1 7317
1 7146
1 2133
1 6120
1 14076
1 774
1 5661
1 2790
1 4329
1 7191
1 4221
1 6705
1 5841
1 6111
1 2439
1 3762
1 9909
1 4473
1 5103
1 2988
1 3969
1 11115
1 3627
1 8532
1 2439
1 2565
1 5841
1 4914
1 3321
1 3069
1 5274
1 3609
1 4869
1 6417
1 7569
1 12186
1 2295
1 6183
1 3501
1 3960
1 10566
1 3249
1 1458
1 4617
1 9720
1 1035
1 1323
1 11844
1 2610
1 3996
1 1134
1 3987
1 4149
1 3402
1 3141
1 5535
1 3069
1 7569
1 9288
1 8307
1 7146
1 1881
1 6057
1 1305
1 5292
1 4689
1 11043
1 7875
1 1917
1 4230
1 2538
1 9657
1 10008
1 6876
1 5130
1 5121
1 10368
1 6561
1 4437
1 2367
1 2799
1 5049
1 4590
1 2628
1 4104
1 8469
1 2727
1 8739
1 3861
1 4194
1 3339
1 2745
1 13500
1 16047
1 5886
1 3690
1 4572
1 3843
1 6966
1 10935
1 8757
1 8478
1 5958
1 2682
1 2160
1 927
1 3123
1 4482
1 4095
1 6201
1 5157
1 1386
1 4230
1 4248
1 7875
1 7956
1 2889
1 6381
1 4104
1 4311
1 4383
1 6795
1 7200
1 7182
1 8892
1 6588
1 3159
1 7182
1 10332
1 5184
1 3195
1 837
1 2943
1 9873
1 9216
1 2988
1 8028
1 13734
1 3753
1 3393
1 2043
1 13167
1 2988
1 5562
1 5202
1 4257
1 6885
1 7083
1 2511
1 6003
1 6741
1 6336
1 5175
1 7128
1 9693
1 6507
1 5157
1 12132
1 954
1 5850
1 4077
1 2961
1 2250
1 3123
1 7992
1 6831
1 4005
1 15354
1 8127
1 1512
1 2421
1 4482
1 4329
1 1935
1 6552
1 5688
1 16866
1 5139
1 4707
1 2115
1 2007
1 1341
1 3105
1 5085
1 1917
1 10314
1 3339
1 7281
1 5022
1 2709
1 7533
1 1530
1 657
1 8829
1 13248
1 4284
1 6012
1 5823
1 3897
1 16020
1 7074
1 4140
1 4698
1 6381
1 10413
1 8262
1 7281
1 5571
1 3222
1 3447
1 2286
1 6183
1 6525
1 9306
1 5040
1 7560
1 4842
1 6957
1 10395
1 12006
1 3393
1 2493
1 4644
1 7038
1 2205
1 11763
1 2511
1 2520
1 2889
1 8775
1 6669
1 11457
1 12780
1 2250
1 7272
1 10422
1 10143
1 1980
1 4653
1 2322
1 3744
1 2151
1 2547
1 9270
1 1575
1 2070
1 4473
1 6525
1 4392
1 6957
1 3294
1 4248
1 5463
1 11214
1 6264
1 3375
1 3186
1 10638
1 1062
1 3141
1 5787
1 1611
1 2592
1 5760
1 4086
1 2601
1 10980
1 2844
1 6345
1 4041
1 6948
1 1674
1 7614
1 2952
1 3177
1 4401
1 7398
1 2916
1 10809
1 8469
1 9567
1 3258
1 6372
1 2196
1 5481
1 3303
1 4941
1 9063
1 24453
1 11097
1 11727
1 9810
1 2331
1 1683
1 10197
1 10116
1 17667
1 11214
1 3843
1 8568
1 2178
1 2619
1 3375
1 10125
1 6075
1 7335
1 3213
1 4212
1 10323
1 9216
1 4383
1 11790
1 7353
1 8847
1 3690
1 5499
1 2781
1 6282
1 3627
1 1863
1 5067
1 10359
1 3303
1 3384
1 7182
1 2385
1 7632
1 6678
1 4617
1 1440
1 11493
1 2394
1 4167
1 8037
1 5679
1 3564
1 8613
1 14643
1 4518
1 5301
1 4203
1 15129
1 6174
1 5166
1 8379
1 11646
1 5103
1 9090
1 4572
1 3087
1 5481
1 14670
1 3276
1 1350
1 5670
1 6714
1 5292
1 4302
1 7137
1 17631
1 7029
1 9801
1 5967
1 7659
1 5751
1 2376
1 10152
1 5679
1 10269
1 6930
1 2331
1 2952
1 5130
1 13725
1 8028
1 5544
1 1917
1 7533
1 5913
1 6867
1 5553
1 4158
1 4959
1 5940
1 6129
1 8568
1 4500
1 6678
1 7866
1 10323
1 5454
1 11115
1 6336
1 3519
1 9819
1 1260
1 3834
1 6768
1 1296
1 3924
1 4374
1 13284
1 3717
1 4833
1 7596
1 5409
1 12015
1 6012
1 8019
1 5094
1 1944
1 4824
1 8001
1 7101
1 5832
1 3906
1 8100
1 10755
1 4365
1 14391
1 9216
1 4266
1 6471
1 3510
1 1368
1 6894
1 2673
1 1854
1 1773
1 7704
1 2286
1 9495
1 7848
1 1980
1 11610
1 2457
1 4491
1 12906
1 3663
1 11952
1 9171
1 3168
1 8235
1 1809
1 16839
1 2781
1 4401
1 13221
1 1719
1 19026
1 5823
1 10539
1 11259
1 4644
1 2610
1 3321
1 17307
1 3879
1 11304
1 11610
1 5175
1 2385
1 5967
1 8001
1 5553
1 3717
1 2790
1 1764
1 5526
1 5733
1 3906
1 13356
1 2853
1 6066
1 8712
1 12501
1 4086
1 4644
1 3798
1 6399
1 6804
1 6975
1 5265
1 2601
1 4284
1 4824
1 11934
1 10656
1 2070
1 4149
1 13833
1 3951
1 3753
1 8316
1 8343
1 1458
1 9162
1 5526
1 5265
1 4401
1 5886
1 5382
1 7974
1 3798
1 1548
1 3681
1 4860
1 6885
1 972
1 7281
1 2043
1 2520
1 11025
1 7209
1 20547
1 2709
1 10746
1 4356
1 3924
1 2691
1 1530
1 7722
1 11151
1 2169
1 16857
1 10071
1 3168
1 11826
1 3222
1 8136
1 6489
1 2412
1 936
1 6255
1 2250
1 1035
1 5319
1 7020
1 2133
1 2466
1 6750
1 12564
1 2943
1 10017
1 3780
1 3744
1 1314
1 8316
1 6669
1 4905
1 7083
1 6642
1 4041
1 5823
1 4392
1 7731
1 2403
1 6588
1 6561
1 3564
1 3951
1 5562
1 7677
1 3285
1 3276
1 5004
1 6957
1 3816
1 7029
1 1683
1 4995
1 1656
1 8343
1 11358
1 4392
1 6921
1 8469
1 9531
1 16839
1 6435
1 3924
1 7821
1 2628
1 4509
1 2151
1 8955
1 3375
1 8388
1 9270
1 4518
1 13995
1 11565
1 14904
1 4653
1 9486
1 9216
1 5166
1 8397
1 4608
1 2754
1 3915
1 5760
1 4662
1 2250
1 7704
1 4446
1 8883
1 3294
1 7794
1 7425
1 1494
1 5931
1 8235
1 3078
1 4572
1 5373
1 7506
1 1773
1 5427
1 7200
1 4617
1 2979
1 3906
1 2079
1 4698
1 3852
1 4833
1 3771
1 7164
1 11052
1 2916
1 5976
1 8082
1 5787
1 2421
1 2430
1 1584
1 4455
1 6588
1 7227
1 9558
1 7398
1 15516
1 8433
1 14175
1 2880
1 7902
1 8955
1 2250
1 4338
1 1206
1 8019
1 6030
1 5112
1 2871
1 2223
1 2223
1 1908
1 1863
1 9468
1 8037
1 3267
1 8658
1 3870
1 3276
1 2331
1 5760
1 7083
1 3078
1 4626
1 9999
1 6273
1 9279
1 6615
1 7434
1 4770
1 10449
1 3078
1 7065
1 4761
1 2799
1 9144
1 1953
1 2916
1 7911
1 6111
1 5292
1 8271
1 3330
1 7254
1 3645
1 4842
1 7623
1 5031
1 2187
1 12078
1 9171
1 4806
1 11808
1 11151
1 2970
1 7506
1 6309
1 7578
1 2952
1 4824
1 3906
1 7326
1 2259
1 6849
1 7164
1 7677
1 8109
1 4770
1 5427
1 7380
1 5220
1 4680
1 10197
1 10188
1 2412
1 5283
1 13113
1 14229
1 4257
1 3591
1 7488
1 2268
1 12375
1 7524
1 6759
1 5958
1 6912
1 7164
1 6300
1 5175
1 5769
1 7209
1 3321
1 3231
1 4059
1 4653
1 9918
1 2592
1 7299
1 8631
1 2673
1 11664
1 7443
1 5445
1 2133
1 8361
1 1692
1 11547
1 8010
1 8748
1 4545
1 6084
1 3888
1 7047
1 7371
1 7074
1 6219
1 990
1 4311
1 3339
1 2871
1 5166
1 3618
1 3951
1 8127
1 3537
1 3042
1 1557
1 6201
1 378
1 9504
1 6840
1 5580
1 6804
1 1278
1 2025
1 3735
1 8226
1 2781
1 14877
1 10692
1 3933
1 5760
1 7407
1 4986
1 1638
1 2304
1 13122
1 3429
1 1665
1 2952
1 3627
1 4266
1 5472
1 2286
1 9513
1 3897
1 7875
1 1440
1 3924
1 6597
1 9153
1 2655
1 6372
1 13860
1 5022
1 4275
1 5238
1 3564
1 16803
1 5877
1 3609
1 5841
1 6408
1 1638
1 5796
1 3015
1 4329
1 6876
1 13320
1 10764
1 5211
1 7866
1 1242
1 4464
1 3510
1 6426
1 2610
1 7002
1 8352
1 9576
1 3222
1 4419
1 3483
1 8847
1 1413
1 1881
1 11529
1 3744
1 8658
1 3159
1 4365
1 2322
1 8010
1 5895
1 2979
1 9099
1 1917
1 3843
1 4842
1 7101
1 2367
1 2844
1 3195
1 5697
1 2502
1 1332
1 2772
1 4059
1 6210
1 6399
1 11799
1 9378
1 3690
1 3474
1 4590
1 3150
1 11880
1 3267
1 1287
1 3258
1 7092
1 3519
1 3276
1 13068
1 3069
1 6057
1 8703
1 6795
1 10152
1 6282
1 9756
1 3402
1 6462
1 10404
1 3492
1 6372
1 6948
1 6264
1 4608
1 5625
1 2511
1 6984
1 11331
1 1944
1 10332
1 6498
1 6165
1 6759
1 1728
1 4023
1 2799
1 3888
1 14319
1 2547
1 2097
1 7074
1 6147
1 5337
1 4248
1 1575
1 7317
1 2835
1 4257
1 3087
1 6507
1 8442
1 4383
1 7533
1 2403
1 20961
1 8460
1 4572
1 4041
1 3258
1 8847
1 3114
1 2556
1 8703
1 3852
1 8874
1 2772
1 3159
1 1827
1 2088
1 2493
1 4248
1 3438
1 4779
1 3033
1 5013
1 3231
1 3195
1 2502
1 5832
1 4167
1 5175
1 3375
1 5328
1 4320
1 5715
1 7605
1 864
1 2799
1 2223
1 3753
1 5526
1 6264
1 5796
1 4203
1 2547
1 4311
1 2754
1 1242
1 5283
1 6444
1 4833
1 1350
1 6093
1 6768
1 11961
1 12033
1 3141
1 10863
1 7290
1 7893
1 9189
1 7101
1 4248
1 9981
1 4023
1 4401
1 2457
1 2907
1 3636
1 1863
1 4041
1 6912
1 5454
1 6363
1 8433
1 6696
1 9540
1 9441
1 4266
1 7758
1 7074
1 2088
1 4275
1 2691
1 7929
1 4995
1 4014
1 5301
1 3231
1 4275
1 9126
1 8559
1 2628
1 5877
1 5607
1 13455
1 2511
1 4338
1 4635
1 6894
1 7605
1 7533
1 12510
1 8649
1 5661
1 4905
1 12555
1 9153
1 5571
1 3987
1 3240
1 5688
1 7227
1 6759
1 1521
1 4410
1 5427
1 6615
1 7173
1 4626
1 6867
1 2034
1 5445
1 5661
1 7614
1 2286
1 2367
1 3600
1 1035
1 5067
1 7956
1 9711
1 7083
1 8163
1 3033
1 2934
1 2475
1 4194
1 4059
1 5292
1 8694
1 7470
1 9774
1 5139
1 2853
1 3915
1 4860
1 3753
1 7857
1 12141
1 4842
1 10098
1 4437
1 4239
1 4158
1 2295
1 2349
1 4293
1 1908
1 7380
1 6273
1 2088
1 3177
1 6093
1 3861
1 10116
1 7335
1 11232
1 7857
1 5562
1 3987
1 6444
1 4914
1 7119
1 6597
1 7011
1 1269
1 3231
1 2988
1 1926
1 5112
1 4725
1 5337
1 7587
1 9675
1 5661
1 7362
1 2601
1 6993
1 5616
1 4428
1 5904
1 8982
1 5454
1 5085
1 2871
1 3564
1 2457
1 6660
1 9846
1 8028
1 5229
1 10467
1 3168
1 2520
1 2421
1 3231
1 10242
1 6579
1 11070
1 7479
1 4644
1 11349
1 13365
1 6021
1 8181
1 5022
1 4635
1 1422
1 2349
1 2070
1 3627
1 12159
1 9783
1 9387
1 3375
1 9279
1 4779
1 8028
1 2187
1 4464
1 13149
1 4203
1 6291
1 4995
1 4950
1 2421
1 4086
1 8172
1 3357
1 9432
1 5022
1 6561
1 2862
1 5166
1 4698
1 7335
1 2178
1 3456
1 15237
1 11430
1 4266
1 13374
1 8928
1 1638
1 3204
1 1098
1 5616
1 5031
1 2034
1 3456
1 7704
1 6030
1 1944
1 6894
1 13302
1 4653
1 4779
1 6390
1 2556
1 4194
1 4356
1 3321
1 7227
1 5634
1 6192
1 6516
1 11340
1 4194
1 2826
1 5940
1 5526
1 3042
1 3591
1 1692
1 1674
1 3393
1 4329
1 5715
1 8775
1 2871
1 1881
1 9441
1 2808
1 4662
1 7605
1 4077
1 3231
1 702
1 1926
1 2196
1 5940
1 2745
1 4491
1 12429
1 2898
1 3231
1 8892
1 4014
1 3447
1 4383
1 6318
1 9036
1 2232
1 7974
1 6174
1 5499
1 6804
1 6336
1 3915
1 6678
1 4698
1 13482
1 4968
1 5463
1 3222
1 7686
1 3969
1 4266
1 6345
1 4266
1 2070
1 6489
1 5832
1 11907
1 3690
1 9585
1 7704
1 2700
1 12447
1 7416
1 5022
1 7407
1 4995
1 5517
1 8631
1 9981
1 999
1 3150
1 5310
1 14022
1 5553
1 11250
1 8280
1 10494
1 6903
1 7227
1 11673
1 5373
1 9558
1 4401
1 6066
1 2151
1 7938
1 2295
1 6624
1 4689
1 4347
1 9990
1 3321
1 4383
1 3690
1 15687
1 7749
1 2520
1 3735
1 4104
1 9675
1 4653
1 4005
1 7596
1 6525
1 5436
1 7875
1 2988
1 1530
1 6363
1 2025
1 3789
1 5319
1 7209
1 9612
1 7290
1 3798
1 936
1 4599
1 3906
1 9981
1 12447
1 1296
1 4356
1 5589
1 1395
1 3186
1 11331
1 5067
1 1872
1 9135
1 4176
1 2322
1 28071
1 8721
1 1503
1 6336
1 10026
1 7146
1 4590
1 4077
1 2565
1 2322
1 5319
1 4509
1 1368
1 6417
1 5085
1 5058
1 3384
1 5787
1 2727
1 4626
1 6921
1 8172
1 6066
1 5121
1 4635
1 1251
1 8433
1 9711
1 3321
1 5859
1 6840
1 1062
1 8487
1 2070
1 8136
1 2466
1 1890
1 2196
1 5220
1 5094
1 5085
1 11223
1 4689
1 16389
1 6885
1 5337
1 4761
1 3294
1 3699
1 4689
1 4716
1 1296
1 5193
1 5850
1 2907
1 8235
1 5022
1 3645
1 1944
1 2682
1 12393
1 14400
1 14580
1 5805
1 7614
1 1431
1 6318
1 6777
1 10926
1 7110
1 1872
1 6381
1 1710
1 4446
1 2943
1 2682
1 5895
1 3267
1 5121
1 3636
1 5832
1 7866
1 1998
1 3177
1 6534
1 9981
1 6768
1 4329
1 2511
1 4914
1 4113
1 3843
1 7353
1 3384
1 5355
1 9819
1 7074
1 4104
1 1953
1 8280
1 837
1 3330
1 8145
1 15939
1 720
1 4635
1 5517
1 5823
1 15741
1 4446
1 6498
1 8793
1 6003
1 3285
1 5490
1 9009
1 4257
1 2745
1 5427
1 5490
1 10557
1 4464
1 1728
1 10440
1 2970
1 4536
1 10530
1 288
1 5274
1 3987
1 3582
1 4122
1 2331
1 2979
1 4941
1 4275
1 6642
1 7506
1 2718
1 4671
1 13635
1 7605
1 2304
1 1881
1 6480
1 13833
1 3339
1 11763
1 2106
1 2943
1 4743
1 5661
1 5805
1 5931
1 2529
1 5013
1 7164
1 10701
1 5265
1 4338
1 1530
1 5760
1 8541
1 10728
1 3177
1 5859
1 3303
1 8793
1 2943
1 6327
1 2160
1 5742
1 10449
1 5967
1 1611
1 3969
1 6777
1 11673
1 5679
1 4239
1 7740
1 3591
1 5769
1 6489
1 6282
1 6462
1 6165
1 4878
1 2061
1 4410
1 8658
1 4239
1 3798
1 1656
1 6957
1 1971
1 2808
1 15525
1 6093
1 5121
1 7299
1 3744
1 3015
1 5931
1 4491
1 2979
1 9270
1 6642
1 4914
1 5049
1 13716
1 1953
1 4032
1 4572
1 3456
1 10989
1 10116
1 9900
1 2934
1 8730
1 5688
1 5238
1 1314
1 8010
1 1206
1 4788
1 7938
1 4176
1 5427
1 7803
1 10512
1 2538
1 6768
1 594
1 8649
1 10782
1 756
1 2997
1 4851
1 6462
1 1764
1 4644
1 10422
1 3348
1 15903
1 5616
1 1764
1 3726
1 3222
1 2835
1 2718
1 5184
1 10872
1 1188
1 3006
1 1458
1 3150
1 6633
1 2313
1 7155
1 3816
1 5382
1 3942
1 4041
1 3042
1 1215
1 6696
1 963
1 13212
1 11025
1 5607
1 6165
1 2727
1 5382
1 2556
1 10098
1 7992
1 6768
1 5184
1 5949
1 12672
1 5886
1 10053
1 4014
1 10917
1 2511
1 8613
1 6345
1 2601
1 6192
1 2493
1 3600
1 6273
1 7848
1 8478
1 1845
1 2313
1 1593
1 8010
1 6012
1 3006
1 6201
1 4725
1 2052
1 2637
1 6264
1 10440
1 12231
1 2448
1 4284
1 6372
1 1863
1 4230
1 4176
1 7137
1 5463
1 5328
1 3618
1 2295
1 7200
1 6642
1 5877
1 17496
1 3933
1 6759
1 7002
1 10773
1 10458
1 9342
1 4725
1 2223
1 2736
1 10620
1 1764
1 4437
1 6165
1 2322
1 4095
1 5634
1 5544
1 7281
1 2583
1 10539
1 8136
1 1692
1 2214
1 2250
1 5229
1 11169
1 4671
1 4563
1 3447
1 7110
1 1791
1 2682
1 11250
1 4878
1 6174
1 6633
1 2745
1 15201
1 5877
1 9090
1 2304
1 3807
1 7020
1 3735
1 3420
1 12483
1 2250
1 2772
1 3663
1 6561
1 3420
1 8406
1 4068
1 9216
1 5733
1 20376
1 2997
1 11700
1 5436
1 3879
1 3780
1 1890
1 9270
1 6327
1 13626
1 5436
1 4509
1 2826
1 3429
1 11196
1 5589
1 8478
1 2466
1 1899
1 10089
1 7272
1 1665
1 14274
1 5202
1 7407
1 2043
1 3249
1 7848
1 2448
1 3618
1 4626
1 10377
1 5760
1 4815
1 8289
1 12231
1 7947
1 5409
1 7551
1 2862
1 16119
1 6282
1 5076
1 4131
1 8559
1 3816
1 3501
1 6003
1 4446
1 4824
1 4482
1 4347
1 3519
1 3159
1 3555
1 5076
1 4626
1 4419
1 7065
1 9918
1 8154
1 6606
1 4545
1 3924
1 3186
1 2682
1 4212
1 6759
1 3528
1 7038
1 3483
1 4347
1 12843
1 6327
1 7128
1 2673
1 5976
1 5085
1 5589
1 5436
1 4311
1 4032
1 7767
1 1809
1 4086
1 11403
1 7560
1 2601
1 8658
1 4023
1 8838
1 11898
1 4590
1 3384
1 7434
1 3762
1 3609
1 5121
1 3969
1 2772
1 3789
1 6408
1 3618
1 12303
1 3735
1 4851
1 13212
1 4221
1 10809
1 6894
1 5391
1 7875
1 4752
1 2394
1 10854
1 5076
1 4275
1 2124
1 2952
1 4932
1 18090
1 2772
1 3258
1 3492
1 14562
1 4896
1 9153
1 4149
1 5004
1 3798
1 15300
1 3357
1 7569
1 11034
1 10053
1 9657
1 3339
1 6372
1 7191
1 14598
1 10557
1 4329
1 3762
1 1836
1 1926
1 2781
1 4842
1 3375
1 3681
1 2781
1 1557
1 3717
1 5895
1 14463
1 4716
1 4563
1 6984
1 1917
1 7137
1 5616
1 1908
1 3240
1 9009
1 3105
1 5670
1 1818
1 1458
1 3897
1 7362
1 5796
1 1899
1 3204
1 1638
1 11844
1 5310
1 1935
1 4149
1 3294
1 2754
1 3861
1 4464
1 2151
1 9909
1 4680
1 1656
1 4716
1 6723
1 5850
1 7902
1 2682
1 14139
1 2241
1 2448
1 8883
1 8487
1 7992
1 5544
1 3051
1 4041
1 3915
1 2025
1 5724
1 6786
1 3825
1 7416
1 2124
1 10503
1 4878
1 6507
1 9090
1 7497
1 6444
1 2862
1 8829
1 9855
1 2349
1 7020
1 3240
1 5499
1 9783
1 10494
1 3924
1 3672
1 5301
1 2583
1 630
1 8100
1 5679
1 8208
1 3303
1 4500
1 5247
1 9945
1 1548
1 11313
1 2142
1 4770
1 2160
1 4608
1 3987
1 5004
1 4941
1 5211
1 2268
1 3735
1 9081
1 1854
1 6705
1 3393
1 5211
1 3267
1 1134
1 7344
1 4536
1 8766
1 4860
1 8280
1 4554
1 9846
1 2502
1 4320
1 3573
1 12960
1 4203
1 7956
1 8892
1 8217
1 1935
1 7146
1 6426
1 6093
1 6192
1 7821
1 11988
1 4815
1 7425
1 3600
1 6039
1 3564
1 4401
1 2205
1 1332
1 5877
1 7443
1 8091
1 4230
1 8406
1 6480
1 6066
1 3204
1 2862
1 8658
1 2997
1 12447
1 2547
1 8703
1 4221
1 5499
1 4203
1 8028
1 8559
1 6066
1 4104
1 1755
1 4311
1 3114
1 12924
1 3861
1 2619
1 3132
1 4284
1 2178
1 5985
1 6012
1 4446
1 5616
1 2970
1 5643
1 5715
1 2601
1 9468
1 7632
1 3636
1 3240
1 1449
1 5841
1 3753
1 2376
1 14625
1 5454
1 11052
1 6021
1 2754
1 3474
1 3555
1 6129
1 6336
1 5823
1 3114
1 7290
1 4275
1 4419
1 3267
1 3330
1 2826
1 1242
1 6831
1 6579
1 14346
1 7551
1 11007
1 4995
1 5661
1 8388
1 1647
1 3645
1 2367
1 3141
1 3411
1 2223
1 4923
1 7659
1 14067
1 11286
1 10989
1 6399
1 9549
1 1836
1 8982
1 7812
1 11070
1 8478
1 5238
1 9153
1 2916
1 4122
1 2664
1 1674
1 12258
1 2610
1 3231
1 3195
1 6426
1 7893
1 2304
1 12591
1 2781
1 6876
1 9729
1 14463
1 4257
1 4581
1 10413
1 4311
1 1530
1 5571
1 4887
1 6669
1 2943
1 12627
1 7704
1 3744
1 2655
1 5697
1 7461
1 6030
1 2502
1 5787
1 5166
1 3645
1 8604
1 8640
1 6219
1 4815
1 5940
1 7092
1 5895
1 3564
1 5445
1 6300
1 1962
1 3879
1 3078
1 2889
1 6165
1 5148
1 11322
1 8154
1 7245
1 5526
1 4905
1 9756
1 4518
1 837
1 2241
1 4905
1 6273
1 6849
1 4131
1 7056
1 7542
1 8946
1 7470
1 1881
1 11727
1 4851
1 7380
1 2106
1 8352
1 3771
1 4833
1 13023
1 9414
1 7641
1 3222
1 5562
1 7128
1 6372
1 4068
1 3879
1 1566
1 1206
1 7542
1 6597
1 2169
1 12312
1 4941
1 5679
1 4968
1 4437
1 6831
1 3492
1 4842
1 2844
1 3933
1 3699
1 4491
1 8082
1 6291
1 13779
1 5751
1 5283
1 6840
1 10800
1 5841
1 9612
1 9378
1 6012
1 4068
1 3510
1 6876
1 5076
1 6939
1 6093
1 4950
1 2322
1 936
1 1935
1 1035
1 4464
1 6651
1 3006
1 6030
1 2286
1 8532
1 3402
1 5337
1 9882
1 4518
1 2727
1 5661
1 7335
1 8271
1 10557
1 5031
1 7695
1 3375
1 5301
1 6012
1 10647
1 6192
1 2691
1 5895
1 9756
1 846
1 1755
1 6669
1 15912
1 5445
1 12258
1 1323
1 6021
1 8784
1 1332
1 9189
1 3870
1 4734
1 8235
1 4608
1 576
1 2133
1 8748
1 10098
1 2466
1 4590
1 2952
1 11187
1 5310
1 5553
1 2025
1 8856
1 4860
1 7101
1 1620
1 4401
1 1368
1 8820
1 4896
1 4869
1 4131
1 7263
1 5805
1 3096
1 3186
1 15633
1 3978
1 2304
1 3636
1 7110
1 9837
1 8784
1 7353
1 5562
1 3654
1 2493
1 10368
1 3708
1 3681
1 7416
1 1260
1 1494
1 2709
1 8100
1 5526
1 2232
1 17775
1 3699
1 10107
1 5346
1 5085
1 3240
1 3843
1 4239
1 4194
1 14895
1 2700
1 7632
1 8739
1 6084
1 10827
1 7245
1 2286
1 2016
1 5004
1 5094
1 1071
1 2592
1 5427
1 4734
1 10854
1 3321
1 5058
1 3456
1 1755
1 1836
1 6417
1 3222
1 7479
1 8532
1 14328
1 6669
1 1359
1 3708
1 15075
1 8397
1 3006
1 7848
1 8883
1 6822
1 8037
1 1782
1 1332
1 10746
1 3213
1 9927
1 4743
1 4176
1 2484
1 5283
1 7191
1 4347
1 8595
1 5508
1 4311
1 10836
1 4005
1 7974
1 7074
1 6084
1 1755
1 3159
1 7956
1 8514
1 3924
1 2493
1 2502
1 5652
1 4122
1 6309
1 8505
1 4095
1 5049
1 3996
1 2853
1 4050
1 981
1 12240
1 7830
1 9018
1 3276
1 6048
1 7947
1 5688
1 9729
1 3933
1 1251
1 2844
1 3816
1 15588
1 4383
1 2259
1 8541
1 1818
1 1800
1 6840
1 18117
1 3222
1 2916
1 5760
1 7839
1 7290
1 1647
1 11664
1 3888
1 6885
1 6912
1 4581
1 7524
1 9666
1 7272
1 1647
1 4194
1 4491
1 11484
1 8487
1 1368
1 8199
1 8730
1 4023
1 5490
1 3789
1 2322
1 6858
1 6480
1 4455
1 5796
1 1728
1 2502
1 11016
1 3798
1 1872
1 3510
1 1962
1 8253
1 2961
1 1809
1 2412
1 2709
1 8325
1 3600
1 1386
1 3771
1 3591
1 4149
1 1188
1 10152
1 8262
1 3600
1 7956
1 6615
1 3276
1 6399
1 1323
1 12807
1 8811
1 3330
1 10827
1 6804
1 3312
1 4536
1 5976
1 2259
1 4698
1 11592
1 3276
1 14112
1 2673
1 5994
1 4257
1 4392
1 4932
1 4275
1 1809
1 1791
1 2376
1 17604
1 2403
1 5580
1 4761
1 9459
1 5688
1 3276
1 1620
1 4986
1 2790
1 2664
1 5940
1 2106
1 1908
1 3060
1 3006
1 4761
1 2124
1 2736
1 10233
1 2079
1 13644
1 7884
1 3582
1 6633
1 2349
1 3177
1 2232
1 7821
1 1566
1 2439
1 6462
1 9981
1 3870
1 4446
1 6588
1 1305
1 1755
1 8451
1 8451
1 5751
1 2961
1 1224
1 1845
1 2718
1 8937
1 11502
1 2502
1 9270
1 1764
1 3195
1 7056
1 2106
1 9054
1 6381
1 1755
1 1980
1 4122
1 1980
1 1692
1 1656
1 5769
1 2385
1 2061
1 12159
1 5166
1 4950
1 7866
1 2961
1 6561
1 909
1 7101
1 3339
1 3609
1 2340
1 468
1 6453
1 3069
1 4995
1 3555
1 1728
1 12807
1 1395
1 8604
1 3753
1 4563
1 4599
1 3915
1 9954
1 3690
1 2988
1 8199
1 4050
1 2745
1 17577
1 5175
1 10989
1 10584
1 2520
1 25515
1 13770
1 8568
1 9585
1 4509
1 8604
1 3780
1 5193
1 6696
1 5490
1 10791
1 12915
1 6336
1 7398
1 7011
1 9936
1 5931
1 11124
1 19413
1 7452
1 4572
1 3186
1 7713
1 5310
1 1872
1 6084
1 6849
1 2754
1 5103
1 7560
1 3114
1 3996
1 6003
1 5733
1 4860
1 4338
1 2403
1 738
1 5256
1 3627
1 5400
1 5319
1 2745
1 4113
1 1863
1 10179
1 2889
1 9594
1 7767
1 5805
1 2340
1 3771
1 3357
1 4095
1 3573
1 4563
1 3654
1 7002
1 2538
1 13662
1 3285
1 4500
1 3213
1 6462
1 8460
1 4833
1 5319
1 3636
1 5094
1 1629
1 5562
1 4104
1 4833
1 9288
1 1134
1 2097
1 14211
1 18252
1 5364
1 3267
1 4680
1 5823
1 5589
1 4356
1 10908
1 6858
1 5535
1 2259
1 1692
1 2745
1 10836
1 6012
1 7002
1 2889
1 11592
1 5301
1 4248
1 8325
1 3636
1 12096
1 4806
1 10431
1 5994
1 3114
1 8766
1 13059
1 5319
1 7038
1 11799
1 4446
1 5634
1 5607
1 1341
1 14670
1 8550
1 10116
1 8226
1 8460
1 7641
1 6219
1 3969
1 4869
1 4734
1 10026
1 1395
1 5166
1 10008
1 4239
1 2376
1 2376
1 5319
1 2763
1 3141
1 6516
1 2601
1 3321
1 4986
1 4995
1 3933
1 6237
1 4392
1 4842
1 5778
1 5895
1 11817
1 1116
1 4131
1 4437
1 3393
1 5157
1 4095
1 2142
1 5553
1 5013
1 2556
1 3780
1 3663
1 5823
1 7524
1 5211
1 6552
1 2304
1 8964
1 6750
1 1242
1 6714
1 7740
1 5490
1 999
1 2745
1 5814
1 10305
1 3042
1 3339
1 4455
1 8874
1 5247
1 2988
1 5031
1 2547
1 7884
1 7911
1 6561
1 2799
1 5859
1 11196
1 2988
1 13284
1 6129
1 2853
1 6138
1 9081
1 9153
1 2601
1 4095
1 1881
1 5661
1 7866
1 4509
1 3258
1 6561
1 6372
1 5715
1 4590
1 4239
1 7353
1 17694
1 7668
1 2997
1 7650
1 9819
1 5850
1 4581
1 1125
1 11907
1 6966
1 2529
1 10377
1 2997
1 9693
1 2835
1 4266
1 2997
1 8244
1 3393
1 5013
1 6345
1 6705
1 3042
1 6525
1 2304
1 6606
1 3258
1 4698
1 2691
1 3627
1 2898
1 5220
1 4347
1 11457
1 2106
1 5508
1 6030
1 2196
1 2313
1 2889
1 9747
1 2817
1 6597
1 10530
1 5652
1 3330
1 7254
1 4896
1 4212
1 9666
1 3591
1 1971
1 8478
1 1980
1 3663
1 9414
1 1413
1 5796
1 6192
1 4293
1 8541
1 1773
1 13554
1 5103
1 2943
1 3501
1 4005
1 2601
1 6561
1 1242
1 6417
1 7065
1 12123
1 8478
1 9603
1 3357
1 5031
1 8037
1 15858
1 3168
1 4185
1 3987
1 6129
1 7992
1 3195
1 8559
1 4419
1 8811
1 4770
1 8703
1 2286
1 6867
1 8685
1 9972
1 2241
1 10296
1 9261
1 4374
1 6687
1 7740
1 5931
1 7128
1 11043
1 7839
1 2844
1 1818
1 4221
1 4743
1 5373
1 7785
1 18738
1 2619
1 7272
1 5040
1 2259
1 4329
1 3591
1 8748
1 13383
1 1575
1 8937
1 9027
1 1233
1 6291
1 3402
1 10584
1 5103
1 7101
1 1944
1 4284
1 6894
1 2547
1 2925
1 1656
1 12933
1 12015
1 12843
1 4167
1 1332
1 4986
1 5967
1 1521
1 8604
1 8883
1 2637
1 8550
1 3609
1 7857
1 1638
1 3438
1 4356
1 6894
1 7596
1 9288
1 11529
1 6966
1 6732
1 6048
1 4482
1 5769
1 4293
1 3717
1 9117
1 1188
1 5463
1 3195
1 8370
1 4428
1 5463
1 3078
1 8298
1 7785
1 4833
1 9243
1 5094
1 5202
1 7056
1 3411
1 5445
1 6993
1 8919
1 4968
1 4887
1 5769
1 13662
1 5274
1 4860
1 2295
1 2403
1 8307
1 5022
1 2637
1 5931
1 6210
1 6678
1 4752
1 7551
1 4698
1 5895
1 7308
1 3672
1 5544
1 3987
1 5841
1 16002
1 6318
1 2835
1 3402
1 2754
1 4428
1 3582
1 3357
1 7479
1 9216
1 8631
1 8163
1 2430
1 5031
1 3672
1 11619
1 1674
1 7335
1 1809
1 12465
1 7146
1 2718
1 9729
1 10611
1 4203
1 3222
1 2340
1 7803
1 11286
1 16569
1 7101
1 10098
1 3924
1 6489
1 1917
1 3744
1 2880
1 3186
1 3231
1 4644
1 7398
1 4212
1 3474
1 12888
1 9000
1 3834
1 2376
1 1404
1 5859
1 7245
1 5688
1 5553
1 7452
1 4167
1 6957
1 12699
1 9081
1 5589
1 3141
1 13257
1 3672
1 1530
1 4932
1 1539
1 3501
1 7110
1 2457
1 9081
1 1863
1 7587
1 3141
1 4275
1 3771
1 3789
1 5652
1 2628
1 6759
1 10548
1 7686
1 1611
1 7038
1 3078
1 2304
1 3060
1 702
1 5508
1 8109
1 6894
1 1773
1 5382
1 11097
1 8019
1 15057
1 6570
1 2835
1 3456
1 4977
1 2331
1 8694
1 4599
1 2952
1 14013
1 2448
1 10854
1 3798
1 12285
1 6309
1 5382
1 5670
1 6282
1 6795
1 5373
1 11880
1 6759
1 1926
1 2952
1 2952
1 2367
1 6489
1 6030
1 2844
1 11268
1 5616
1 8676
1 7137
1 4500
1 3942
1 8397
1 3834
1 9819
1 9198
1 2007
1 3231
1 3159
1 1854
1 4635
1 5184
1 2295
1 8955
1 5202
1 9711
1 1908
1 5490
1 6345
1 3276
1 3699
1 4662
1 4293
1 6309
1 4887
1 6381
1 3006
1 10809
1 1215
1 7029
1 3438
1 5202
1 12420
1 3204
1 5004
1 12447
1 1674
1 3906
1 11394
1 3879
1 5193
1 9765
1 6336
1 3267
1 6057
1 9441
1 6975
1 9477
1 3006
1 1350
1 6201
1 5814
1 8802
1 4608
1 11637
1 5778
1 4329
1 9873
1 1170
1 5940
1 4077
1 7101
1 7830
1 2232
1 2664
1 7686
1 2880
1 8478
1 11259
1 9765
1 5283
1 1044
1 6210
1 3087
1 4860
1 4383
1 6111
1 5679
1 11088
1 2439
1 7101
1 4923
1 8856
1 2790
1 3429
1 2682
1 3231
1 7425
1 11772
1 4662
1 2223
1 11538
1 7380
1 7749
1 9738
1 4419
1 2952
1 5895
1 6129
1 4869
1 8676
1 3042
1 3456
1 6624
1 5463
1 5526
1 8334
1 3573
1 2178
1 2799
1 2475
1 2043
1 5337
1 10539
1 1197
1 12510
1 7848
1 10764
1 11295
1 2718
1 11061
1 4185
1 4482
1 5877
1 7803
1 2772
1 1629
1 8280
1 8424
1 7443
1 2628
1 5895
1 5607
1 10305
1 17496
1 3861
1 12096
1 6885
1 4482
1 4122
1 1512
1 4797
1 11430
1 3870
1 5337
1 12528
1 10971
1 4617
1 8316
1 4131
1 4986
1 5994
1 7353
1 5373
1 12276
1 3123
1 11934
1 1539
1 4257
1 4995
1 3708
1 9459
1 1233
1 4149
1 5418
1 5310
1 7947
1 8145
1 4860
1 5607
1 5382
1 5733
1 5004
1 5976
1 3852
1 9576
1 5328
1 7200
1 11187
1 7380
1 7047
1 2826
1 6201
1 4050
1 6102
1 5382
1 3708
1 2439
1 3861
1 3573
1 3645
1 1485
1 4149
1 1503
1 2457
1 5112
1 2925
1 6498
1 1926
1 5778
1 7569
1 5922
1 4797
1 7236
1 7767
1 5148
1 3924
1 2709
1 8577
1 7029
1 5148
1 1080
1 2655
1 3816
1 10449
1 2655
1 12339
1 5175
1 10215
1 2043
1 9234
1 6687
1 3438
1 2619
1 7848
1 3393
1 5562
1 6282
1 3204
1 2727
1 7011
1 7173
1 1413
1 7740
1 7884
1 16389
1 6912
1 7155
1 4365
1 11484
1 7452
1 2268
1 2754
1 1746
1 3339
1 5571
1 2682
1 5958
1 16299
1 4860
1 1890
1 16263
1 1854
1 7533
1 3384
1 7866
1 7317
1 7686
1 5283
1 3294
1 3942
1 3969
1 2259
1 4203
1 2466
1 6300
1 4995
1 3240
1 6687
1 2763
1 7173
1 3807
1 6390
1 2556
1 2907
1 9972
1 4086
1 4788
1 3339
1 1728
1 7470
1 7470
1 3033
1 8271
1 4635
1 2241
1 2808
1 3762
1 2574
1 12357
1 1782
1 9864
1 5517
1 1485
1 8919
1 15948
1 4725
1 7911
1 4239
1 6489
1 7164
1 2871
1 3834
1 6219
1 7632
1 7749
1 8469
1 1881
1 4482
1 5823
1 7425
1 4491
1 2610
1 5661
1 8640
1 1917
1 9261
1 2853
1 3348
1 1197
1 8145
1 8010
1 2403
1 11016
1 6354
1 12780
1 2547
1 4320
1 7137
1 13401
1 5616
1 5328
1 3429
1 3285
1 10215
1 1467
1 2898
1 3357
1 5049
1 7875
1 5607
1 7776
1 4266
1 6687
1 4302
1 3672
1 9153
1 3456
1 2133
1 11727
1 4284
1 5958
1 2781
1 3393
1 9738
1 10152
1 6912
1 4167
1 4401
1 7281
1 1053
1 1530
1 17856
1 1971
1 8856
1 5274
1 9729
1 3825
1 9981
1 4131
1 11907
1 6651
1 2349
1 981
1 3168
1 4203
1 5670
1 4095
1 3609
1 3141
1 8091
1 3195
1 4653
1 5472
1 2088
1 9945
1 5769
1 14355
1 5976
1 2754
1 6786
1 3834
1 5940
1 7326
1 7488
1 3960
1 3906
1 7821
1 5283
1 3627
1 4401
1 4833
1 4320
1 2142
1 14958
1 10242
1 5805
1 8856
1 3348
1 2682
1 8622
1 3105
1 4554
1 8406
1 10431
1 1863
1 2349
1 4788
1 4680
1 4932
1 2700
1 4095
1 5634
1 14634
1 2322
1 7092
1 2322
1 6615
1 7209
1 5778
1 6030
1 7911
1 4617
1 4410
1 6525
1 5364
1 11673
1 7155
1 8190
1 1494
1 6687
1 6642
1 8415
1 5085
1 6696
1 16614
1 6444
1 873
1 8028
1 5283
1 3411
1 4428
1 19107
1 11286
1 4905
1 8172
1 12555
1 1143
1 3537
1 5418
1 8064
1 9738
1 5166
1 11727
1 6237
1 4527
1 5526
1 2682
1 3537
1 3447
1 7605
1 3618
1 14814
1 2169
1 10188
1 5067
1 9639
1 5751
1 5301
1 2295
1 7767
1 3951
1 6579
1 3348
1 4509
1 3582
1 5742
1 4671
1 4338
1 6948
1 6975
1 3123
1 12708
1 2709
1 7983
1 1224
1 2313
1 4320
1 8874
1 7731
1 4644
1 4527
1 16263
1 6093
1 5688
1 5103
1 3717
1 6561
1 7110
1 3744
1 7416
1 4437
1 1368
1 6120
1 2853
1 10575
1 5031
1 4032
1 10872
1 9639
1 5841
1 7623
1 2736
1 5931
1 8694
1 2538
1 6786
1 7029
1 4113
1 4707
1 11232
1 1575
1 4140
1 3258
1 5922
1 1782
1 8568
1 7380
1 6309
1 4329
1 3330
1 3600
1 3825
1 11673
1 6534
1 5589
1 4878
1 1422
1 5436
1 3006
1 3789
1 5958
1 5841
1 8847
1 2520
1 3816
1 4905
1 3132
1 2655
1 14184
1 5562
1 3393
1 6876
1 6381
1 8811
1 3636
1 7200
1 13446
1 20385
1 3591
1 3222
1 5733
1 5211
1 7992
1 12861
1 1170
1 7731
1 3087
1 12402
1 4761
1 3735
1 1188
1 6129
1 5499
1 1971
1 6714
1 11214
1 3087
1 5688
1 5301
1 5319
1 5670
1 2277
1 5805
1 945
1 3528
1 6183
1 15318
1 7614
1 2574
1 3249
1 6633
1 4689
1 3276
1 1404
1 5094
1 2277
1 7101
1 5436
1 5427
1 2484
1 8739
1 10881
1 6570
1 17145
1 3312
1 10764
1 5067
1 6093
1 20862
1 4941
1 4077
1 4437
1 3771
1 15705
1 7506
1 4041
1 4176
1 1332
1 7047
1 2556
1 8631
1 3924
1 6660
1 14625
1 8352
1 7884
1 2196
1 3447
1 3771
1 5643
1 4590
1 2412
1 6660
1 11961
1 10386
1 5292
1 5823
1 7407
1 2826
1 6768
1 1476
1 12906
1 9675
1 1431
1 10764
1 2610
1 8136
1 2448
1 3798
1 1278
1 5229
1 6120
1 8847
1 2475
1 3879
1 2637
1 2835
1 2340
1 5310
1 13383
1 5580
1 5427
1 4572
1 4347
1 10962
1 1998
1 6183
1 5805
1 10611
1 3168
1 4077
1 10161
1 3645
1 9063
1 12573
1 2556
1 2988
1 8190
1 3519
1 7920
1 15516
1 2628
1 3312
1 1341
1 3438
1 6714
1 14166
1 7398
1 2277
1 3087
1 6786
1 1980
1 4644
1 2646
1 5616
1 7047
1 12240
1 3321
1 5616
1 9603
1 3033
1 12609
1 3762
1 7956
1 9234
1 2421
1 1899
1 4599
1 5805
1 6795
1 4905
1 5067
1 15642
1 3456
1 3150
1 5022
1 5130
1 5256
1 3969
1 1710
1 1503
1 2124
1 4239
1 3528
1 1539
1 2439
1 6291
1 12186
1 2844
1 3312
1 5013
1 2223
1 7425
1 9099
1 8955
1 3213
1 2772
1 5022
1 6264
1 3915
1 3159
1 2439
1 2565
1 4527
1 5013
1 3807
1 6003
1 10593
1 1854
1 3186
1 2889
1 8316
1 5130
1 4221
1 1890
1 3060
1 3834
1 3528
1 2583
1 3141
1 3105
1 3699
1 5364
1 4689
1 6444
1 4635
1 5247
1 7596
1 3186
1 4797
1 5292
1 3348
1 6237
1 8118
1 3582
1 3510
1 5472
1 4095
1 5436
1 5688
1 2142
1 2457
1 2574
1 9306
1 1233
1 1746
1 12645
1 2448
1 8478
1 6651
1 8244
1 3159
1 3204
1 6174
1 5490
1 12321
1 9504
1 5193
1 2898
1 4941
1 5796
1 3393
1 1359
1 1962
1 15831
1 4635
1 4509
1 4212
1 2952
1 7335
1 4275
1 873
1 3861
1 13995
1 20736
1 5337
1 9855
1 5058
1 5319
1 10620
1 2880
1 4014
1 4158
1 4860
1 3222
1 6012
1 1764
1 3078
1 11025
1 17073
1 6048
1 2745
1 6642
1 3159
1 8064
1 3177
1 3987
1 5940
1 4248
1 4437
1 2673
1 11592
1 3051
1 3960
1 4968
1 2349
1 891
1 3771
1 8118
1 3843
1 2610
1 3069
1 4158
1 4068
1 2430
1 4284
1 936
1 3240
1 4122
1 6732
1 2259
1 12852
1 2943
1 2637
1 4356
1 5031
1 8658
1 7290
1 1764
1 5274
1 2115
1 6021
1 1287
1 4050
1 7299
1 3384
1 8550
1 5634
1 4851
1 1827
1 7281
1 1773
1 5544
1 19395
1 5229
1 4329
1 12096
1 3267
1 2466
1 5580
1 3960
1 4680
1 9945
1 5958
1 4896
1 5769
1 3240
1 5904
1 4095
1 6030
1 3456
1 6156
1 8370
1 1530
1 7551
1 4608
1 8262
1 6750
1 9216
1 11637
1 7812
1 9720
1 9189
1 5598
1 4806
1 3330
1 1071
1 5301
1 5634
1 873
1 12744
1 4302
1 1845
1 7227
1 4059
1 3159
1 8280
1 1089
1 5364
1 2853
1 4734
1 8604
1 4590
1 3924
1 10467
1 8928
1 4527
1 4995
1 4671
1 4572
1 3915
1 3195
1 3483
1 5904
1 2799
1 10458
1 3591
1 3006
1 4113
1 4959
1 4608
1 6696
1 4068
1 11448
1 8244
1 2592
1 1359
1 1665
1 6489
1 6552
1 2871
1 3348
1 4356
1 11565
1 7101
1 2817
1 2187
1 3429
1 3240
1 2592
1 4761
1 4293
1 5085
1 2745
1 3204
1 6237
1 2970
1 4437
1 4212
1 7056
1 2178
1 4221
1 3969
1 2448
1 4491
1 5499
1 4554
1 5202
1 945
1 10278
1 5913
1 4167
1 3105
1 8316
1 20439
1 5535
1 1476
1 13725
1 7776
1 2835
1 4761
1 4815
1 5445
1 5436
1 3249
1 13833
1 2313
1 2286
1 2925
1 4977
1 6174
1 1053
1 2844
1 10674
1 3843
1 4185
1 13077
1 3798
1 8658
1 4392
1 7668
1 1629
1 3240
1 8865
1 6039
1 9288
1 17361
1 2511
1 5040
1 1503
1 22554
1 8721
1 5472
1 2601
1 3285
1 3618
1 5643
1 3339
1 2862
1 1692
1 5760
1 1800
1 8559
1 5526
1 4689
1 7272
1 3879
1 4221
1 6210
1 5337
1 4320
1 5517
1 6552
1 3564
1 4644
1 7326
1 3339
1 6021
1 3087
1 2736
1 6723
1 3663
1 4473
1 1134
1 2205
1 5751
1 5391
1 3141
1 2394
1 2142
1 6615
1 8109
1 7416
1 1287
1 6093
1 3051
1 5472
1 5049
1 8352
1 3312
1 2646
1 3645
1 6282
1 3546
1 6201
1 6813
1 6759
1 1728
1 3969
1 3330
1 5760
1 10017
1 6228
1 12330
1 8595
1 6741
1 3771
1 9315
1 1224
1 3366
1 15147
1 3240
1 5085
1 5904
1 1413
1 9900
1 2772
1 6390
1 2394
1 8577
1 2124
1 3186
1 4023
1 10179
1 3294
1 2781
1 8730
1 11322
1 5949
1 7038
1 11061
1 3582
1 1602
1 13464
1 3744
1 8703
1 5733
1 5688
1 4185
1 2781
1 9459
1 8964
1 4212
1 4266
1 1413
1 1395
1 8199
1 10656
1 4977
1 4095
1 3987
1 12348
1 12951
1 2349
1 8046
1 2619
1 6102
1 1746
1 14202
1 3663
1 7164
1 3627
1 5607
1 4302
1 6057
1 9486
1 5328
1 4077
1 7470
1 4905
1 5625
1 3816
1 4068
1 3402
1 5553
1 3663
1 3564
1 1008
1 4410
1 10314
1 5526
1 7578
1 4320
1 3186
1 6777
1 6867
1 2556
1 2403
1 2772
1 2979
1 4527
1 8739
1 4104
1 10656
1 4860
1 3744
1 2709
1 8316
1 4599
1 8343
1 6201
1 5508
1 3240
1 846
1 8280
1 8154
1 5013
1 2349
1 6966
1 2043
1 11376
1 4383
1 7047
1 2655
1 4311
1 4275
1 4122
1 3744
1 2619
1 3114
1 1899
1 2718
1 4212
1 3456
1 5301
1 3204
1 5715
1 12933
1 9963
1 3078
1 9099
1 2322
1 5202
1 2619
1 1899
1 2250
1 4077
1 2628
1 2835
1 1863
1 7776
1 1629
1 5625
1 7686
1 3699
1 3870
1 7191
1 5868
1 11295
1 3141
1 7695
1 15363
1 2736
1 9225
1 1791
1 6903
1 3411
1 1962
1 4410
1 5886
1 8883
1 4419
1 1908
1 7920
1 6939
1 1809
1 8154
1 4401
1 3474
1 5913
1 2736
1 4851
1 7029
1 8352
1 10998
1 702
1 17316
1 2106
1 1962
1 17226
1 1656
1 3573
1 10143
1 17604
1 1620
1 4860
1 7056
1 5265
1 1377
1 5940
1 5427
1 5202
1 11682
1 4581
1 6255
1 4932
1 675
1 6120
1 3969
1 5373
1 2097
1 7596
1 2448
1 10953
1 5769
1 11925
1 3888
1 4464
1 10485
1 3258
1 11052
1 4257
1 1044
1 1413
1 4761
1 12960
1 2322
1 4977
1 2682
1 7011
1 8037
1 5022
1 7119
1 6669
1 7587
1 9306
1 7956
1 7020
1 11664
1 2421
1 3447
1 14184
1 3681
1 1449
1 5256
1 9495
1 1530
1 2925
1 3204
1 1719
1 18504
1 8613
1 3249
1 10845
1 8595
1 2133
1 4311
1 3150
1 7731
1 7200
1 5346
1 6201
1 8424
1 7560
1 2718
1 9351
1 8073
1 7371
1 6903
1 1881
1 6939
1 4869
1 6822
1 6309
1 10242
1 2655
1 2349
1 9603
1 1539
1 6651
1 2529
1 6732
1 5085
1 4167
1 2853
1 10350
1 5742
1 17352
1 4248
1 12420
1 3285
1 5562
1 7101
1 8379
1 4941
1 4392
1 7317
1 2808
1 8757
1 9090
1 4257
1 3906
1 2502
1 7758
1 6588
1 3051
1 2619
1 6570
1 9612
1 4743
1 3573
1 2313
1 3231
1 2736
1 3600
1 18666
1 6795
1 4248
1 9207
1 7146
1 2376
1 4374
1 5706
1 3609
1 7038
1 1782
1 2205
1 6336
1 2043
1 5616
1 6003
1 1890
1 4833
1 6390
1 6417
1 7344
1 9090
1 4581
1 5994
1 4806
1 5463
1 3825
1 11214
1 5553
1 5418
1 11313
1 3555
1 1467
1 3168
1 3411
1 4293
1 3483
1 6606
1 14922
1 6849
1 4995
1 10053
1 3069
1 11997
1 4113
1 3744
1 4113
1 5922
1 3258
1 9360
1 4914
1 4392
1 828
1 4185
1 3150
1 6975
1 2808
1 5652
1 2601
1 6660
1 2322
1 2394
1 1530
1 7353
1 7407
1 4824
1 2745
1 5373
1 8424
1 4572
1 8784
1 7893
1 7569
1 8127
1 9252
1 2592
1 11511
1 2322
1 3906
1 2988
1 3627
1 6588
1 8874
1 738
1 3690
1 9081
1 5121
1 4491
1 3537
1 4419
1 1377
1 5805
1 9792
1 3438
1 8739
1 5868
1 5688
1 1800
1 6246
1 4032
1 8550
1 7047
1 15336
1 5310
1 7569
1 4644
1 2520
1 2754
1 12123
1 5328
1 1620
1 6975
1 2682
1 3366
1 2268
1 2997
1 9135
1 9054
1 5805
1 5832
1 1035
1 7668
1 6858
1 7371
1 2637
1 3609
1 12798
1 6084
1 3438
1 3906
1 3528
1 1953
1 6021
1 7956
1 3645
1 6381
1 7263
1 4248
1 2205
1 7263
1 8028
1 6759
1 4563
1 8784
1 5499
1 4842
1 1827
1 4221
1 3771
1 2997
1 6462
1 5391
1 3267
1 2403
1 3078
1 2799
1 4689
1 1845
1 5553
1 3987
1 3312
1 2241
1 10701
1 4905
1 2952
1 5076
1 1188
1 1971
1 5067
1 10665
1 3627
1 1755
1 11574
1 4941
1 1422
1 15048
1 3294
1 4995
1 6237
1 5256
1 3960
1 8829
1 3996
1 5418
1 5076
1 2025
1 4689
1 6480
1 7524
1 2916
1 4185
1 6102
1 6084
1 7749
1 7866
1 7200
1 4806
1 8055
1 5598
1 7092
1 5130
1 828
1 4329
1 4716
1 1233
1 6219
1 5607
1 5238
1 2754
1 7029
1 720
1 12762
1 3465
1 2889
1 2124
1 1449
1 6390
1 3303
1 4599
1 5130
1 3996
1 10287
1 2313
1 2952
1 7740
1 4644
1 9837
1 3060
1 11286
1 6444
1 5175
1 3141
1 6624
1 5121
1 3834
1 7416
1 2106
1 4950
1 4860
1 6597
1 11898
1 3573
1 12960
1 3141
1 5067
1 3519
1 3069
1 3411
1 7173
1 5832
1 1917
1 2466
1 7281
1 8712
1 10782
1 5724
1 1809
1 8622
1 4554
1 5193
1 3645
1 3285
1 7182
1 3816
1 10008
1 6165
1 2034
1 4851
1 6426
1 4896
1 10971
1 5094
1 6588
1 6120
1 1323
1 8424
1 3690
1 5076
1 3393
1 4950
1 8253
1 5643
1 3402
1 6021
1 5256
1 4347
1 4986
1 3438
1 7344
1 7038
1 3681
1 2682
1 2151
1 11835
1 8145
1 3492
1 5643
1 11718
1 5706
1 9333
1 4383
1 5724
1 1242
1 3060
1 1647
1 8550
1 6192
1 2340
1 11250
1 15255
1 8406
1 4671
1 5328
1 7974
1 3258
1 5139
1 8280
1 3222
1 3087
1 7443
1 10386
1 2079
1 3618
1 6327
1 1026
1 4311
1 4941
1 9936
1 11223
1 3600
1 999
1 11124
1 4851
1 1449
1 6057
1 9423
1 15435
1 2160
1 6687
1 9360
1 4329
1 2628
1 2826
1 7902
1 2754
1 4437
1 4896
1 3393
1 4815
1 2691
1 9144
1 5517
1 4077
1 2835
1 6264
1 8586
1 12771
1 6759
1 3042
1 5634
1 7992
1 6615
1 2511
1 5058
1 5607
1 6372
1 5400
1 5094
1 5148
1 3663
1 4068
1 3231
1 2097
1 6390
1 3249
1 11250
1 2673
1 3546
1 2025
1 4923
1 3762
1 4824
1 3888
1 2556
1 909
1 4491
1 2853
1 4752
1 1746
1 4185
1 10206
1 3033
1 16335
1 9117
1 2088
1 7299
1 8532
1 10710
1 7569
1 7227
1 9675
1 3825
1 4617
1 8217
1 12384
1 2619
1 1782
1 3429
1 5121
1 4725
1 10152
1 5643
1 945
1 9108
1 2439
1 3897
1 6867
1 5256
1 8028
1 3573
1 1260
1 7290
1 3933
1 6138
1 7416
1 5796
1 13050
1 3681
1 3357
1 4599
1 2997
1 2259
1 3654
1 8478
1 1062
1 2070
1 4329
1 6777
1 19350
1 7299
1 1674
1 3447
1 2700
1 2871
1 5472
1 10980
1 5238
1 5436
1 6804
1 4104
1 6318
1 10665
1 6237
1 7227
1 5589
1 4095
1 2430
1 6804
1 3267
1 7650
1 3051
1 6309
1 4959
1 7146
1 6543
1 5796
1 5004
1 14958
1 3384
1 2970
1 3339
1 3654
1 3078
1 5643
1 1746
1 5166
1 7236
1 9090
1 7290
1 4779
1 2961
1 15336
1 4401
1 6246
1 1314
1 2070
1 2934
1 12186
1 6867
1 5301
1 4698
1 1953
1 3267
1 6354
1 7362
1 4707
1 3105
1 4509
1 4509
1 7812
1 6993
1 6876
1 4833
1 8829
1 4365
1 6228
1 5886
1 3051
1 8775
1 2529
1 1719
1 1233
1 15354
1 6381
1 1251
1 7560
1 7227
1 4518
1 3429
1 4878
1 4023
1 387
1 4428
1 6750
1 1197
1 3393
1 2241
1 8100
1 2925
1 819
1 2772
1 3060
1 5193
1 3924
1 3816
1 3240
1 11664
1 9243
1 7722
1 9954
1 6255
1 7497
1 2304
1 10530
1 2133
1 6507
1 1611
1 8523
1 2871
1 15588
1 7596
1 5382
1 2907
1 3240
1 4770
1 882
1 12798
1 4716
1 6858
1 3123
1 6759
1 2250
1 11133
1 9297
1 2889
1 2052
1 9729
1 6327
1 10620
1 3942
1 3969
1 3978
1 3852
1 6651
1 4689
1 1350
1 1359
1 2529
1 1440
1 8937
1 7875
1 5805
1 10890
1 7002
1 5463
1 3762
1 3816
1 3969
1 15813
1 6993
1 3591
1 8766
1 8334
1 5949
1 3186
1 8451
1 6282
1 9315
1 6894
1 15939
1 3213
1 7515
1 639
1 2862
1 10584
1 4446
1 5967
1 3888
1 2979
1 1188
1 23175
1 6489
1 8649
1 3600
1 17424
1 6732
1 3456
1 4914
1 7623
1 5787
1 14355
1 12852
1 7110
1 6669
1 16551
1 2403
1 8028
1 2394
1 2367
1 4950
1 3816
1 19341
1 5445
1 4122
1 8073
1 10206
1 5166
1 5076
1 6426
1 2772
1 4464
1 5148
1 1701
1 10062
1 3393
1 4491
1 13158
1 2493
1 4284
1 5301
1 8487
1 1476
1 5553
1 3807
1 3708
1 6174
1 2529
1 5598
1 8244
1 9027
1 16524
1 3780
1 5184
1 1332
1 1260
1 2232
1 900
1 5184
1 10530
1 6057
1 2259
1 4140
1 5634
1 8658
1 7398
1 4041
1 4401
1 3231
1 3483
1 2583
1 9450
1 2745
1 3096
1 5049
1 16650
1 4194
1 2916
1 8469
1 3177
1 2268
1 4446
1 5022
1 3141
1 9666
1 4050
1 6012
1 13734
1 7983
1 3042
1 1998
1 12177
1 1872
1 6057
1 5526
1 7776
1 7623
1 6525
1 3762
1 8361
1 4365
1 5193
1 4392
1 3501
1 2232
1 7452
1 8136
1 12591
1 8415
1 6444
1 2709
1 9936
1 2502
1 10989
1 5904
1 3879
1 4779
1 5868
1 12321
1 6660
1 8262
1 5832
1 5355
1 8586
1 15804
1 5832
1 6165
1 3429
1 3357
1 8631
1 6948
1 7416
1 9513
1 3177
1 3069
1 8496
1 3096
1 4815
1 8046
1 4122
1 5175
1 1818
1 9351
1 4653
1 7749
1 5949
