2 1147968
2 1252539
2 1337148
2 1294173
2 1103328
2 1337085
2 1287117
2 1132137
2 1338948
2 1381563
2 1260801
2 1311804
2 1345149
2 1345896
2 1260954
2 1082403
2 1208160
2 1170801
2 1304019
2 1326852
2 1255941
2 1330182
2 1327878
2 1216962
2 1257525
2 1278477
2 1324917
2 1237491
2 1366794
2 1403505
2 1328733
2 1297197
2 1279593
2 1283607
2 1299924
2 1284705
2 1023606
2 1369422
2 1347066
2 1290492
2 1272501
2 1259901
2 1266678
2 1319454
2 1353636
2 1371879
2 1363077
2 1298808
2 1211391
2 1290213
2 1345212
2 1342701
2 1304478
2 1335033
2 1304856
2 1281276
2 1335807
2 1158615
2 1365840
2 1086867
2 1041705
2 1110006
2 1000377
2 1118115
2 1242801
2 1288404
2 1356399
2 1291329
2 1258245
2 1292220
2 1072584
2 1329912
2 1197639
2 1172970
2 1280106
2 1306827
2 1339011
2 1082952
2 1320507
2 1185993
2 1328346
2 1176453
2 1277226
2 1221516
2 1119024
2 1327950
2 1207260
2 1309707
2 1188855
2 1376037
2 1199367
2 1023462
2 1273671
2 1168794
2 1372158
2 1295298
2 1386288
2 1098846
2 1212471
2 1314945
2 1283004
2 1195830
2 1306710
2 1256400
2 1365930
2 1254141
2 1249416
2 1201743
2 1275966
2 1346877
2 1108449
2 1249641
2 1237212
2 1298907
2 1110312
2 1398870
2 1353942
2 1306467
2 1283580
2 1319571
2 1389537
2 1184967
2 1225926
2 1284048
2 1174185
2 1299996
2 1381635
2 1264329
2 1151109
2 1288224
2 1344132
2 1081188
2 1342296
2 1240308
2 1307772
2 1329399
2 1393353
2 1208025
2 1185966
2 1257822
2 1287990
2 1280952
2 1358991
2 1314234
2 1316700
2 1366740
2 1363788
2 1050102
2 1127466
2 1341774
2 1316322
2 1211301
2 1304811
2 1315404
2 1365606
2 1226790
2 1298268
2 1226367
2 1072908
2 1269036
2 1074204
2 1364364
2 1358109
2 1218555
2 1337652
2 1328427
2 1311867
2 1399509
2 1162152
2 1331253
2 1337094
2 1314783
2 1274958
2 1340712
2 1247445
2 1287783
2 1319130
2 1243170
2 1300194
2 1312866
2 1355382
2 1282635
2 1204506
2 1044063
2 1395828
2 1378521
2 1361367
2 1369116
2 1297350
2 1329444
2 1223910
2 1265337
2 1339200
2 1317843
2 1236258
2 1053432
2 1140138
2 1294794
2 1263231
2 1119366
2 1284228
2 1194912
2 1171989
2 1337805
2 1241442
2 1324431
2 1345959
2 1234827
2 1220508
2 1400121
2 1376226
2 1338057
2 1395621
2 1251414
2 1380087
2 1280367
2 1270224
2 1345248
2 1254546
2 1334088
2 1027125
2 1295802
2 1238940
2 1124856
2 1281699
2 1064736
2 1324197
2 1403919
2 1158786
2 1372149
2 1305108
2 1104966
2 1185399
2 1209798
2 1292391
2 1253475
2 1297089
2 1343619
2 1364193
2 1288917
2 1249173
2 1334745
2 1293390
2 1335177
2 1244619
2 1104039
2 1374075
2 1322487
2 1369836
2 1363293
2 1405593
2 1061235
2 1379016
2 1090260
2 1356669
2 1317897
2 1355130
2 1188945
2 1086786
2 975942
2 1186920
2 1192005
2 1321101
2 1204929
2 1174707
2 1339911
2 1351350
2 1318068
2 1306836
2 1360062
2 1365831
2 1269945
2 1301976
2 1330560
2 1320912
2 1347057
2 1332621
2 1288665
2 1219086
2 1316484
2 1144170
2 1355265
2 1309833
2 1208655
2 1145700
2 1315179
2 1243548
2 1327986
2 1317078
2 1372815
2 1140363
2 1217862
2 1383777
2 1371420
2 1345671
2 1303893
2 1158246
2 1288872
2 1120995
2 1395153
2 1112148
2 1217754
2 1269261
2 1222272
2 1239453
2 1270764
2 1271745
2 1169424
2 1314747
2 1331397
2 1125585
2 1338543
2 1248390
2 1355166
2 1162593
2 1193994
2 1343205
2 1353006
2 1278027
2 1333854
2 1368549
2 1211472
2 1139985
2 1379367
2 1174680
2 1349433
2 1283895
2 1244844
2 1220976
2 1282590
2 1234503
2 1337130
2 1256679
2 1145250
2 1256553
2 1350693
2 1339668
2 1287153
2 1308636
2 1390698
2 1359684
2 1281519
2 1246779
2 1310877
2 1145331
2 1397889
2 1310994
2 1382994
2 1381806
2 1237005
2 1206063
2 1107234
2 1384506
2 1314792
2 1267290
2 1274256
2 1228581
2 1262970
2 1225314
2 1370700
2 1393938
2 1139184
2 1117404
2 1362105
2 1328724
2 1218897
2 1329399
2 1178676
2 1297692
2 1378143
2 1195776
2 1119618
2 1177326
2 1353465
2 1327059
2 1354473
2 1234845
2 1318167
2 1210005
2 1247427
2 1168047
2 1381869
2 1069110
2 1317294
2 1133118
2 1143612
2 1272015
2 1179117
2 1359450
2 1118439
2 1123830
2 1255437
2 1195326
2 1149435
2 1211850
2 1311219
2 1313739
2 1167507
2 1332999
2 1285650
2 1328643
2 1253403
2 1224909
2 1318617
2 1364886
2 1271646
2 1396755
2 1375911
2 1225458
2 1323666
2 1370745
2 1392912
2 1351053
2 1211292
2 1209573
2 1373733
2 1272303
2 1313370
2 1184112
2 1318815
2 1301094
2 1284840
2 1391157
2 1364751
2 1215423
2 1250577
2 1357254
2 1338147
2 1139949
2 1288242
2 1250946
2 1252575
2 1357173
2 1346310
2 1374363
2 1116576
2 1162485
2 1296234
2 1194984
2 1056816
2 1365579
2 1343889
2 1209798
2 1310535
2 1387872
2 1331208
2 1238562
2 1227060
2 1373382
2 1245105
2 1399878
2 1294857
2 1357308
2 1387440
2 1176597
2 1414665
2 1192644
2 1382607
2 1353096
2 1383300
2 1148751
2 1267290
2 1126116
2 1316376
2 1207557
2 1326753
2 1371591
2 1184049
2 1236870
2 1283022
2 1069551
2 1315998
2 1201167
2 1106082
2 1242369
2 1201023
2 1370664
2 1305963
2 1253052
2 1284624
2 1318599
2 1116180
2 1288854
2 1280250
2 1147131
2 1376262
2 1276002
2 1311030
2 1352898
2 1328400
2 1247733
2 1253304
2 1236744
2 1303335
2 1314288
2 1081278
2 1259559
2 1274193
2 1300347
2 1169172
2 1289727
2 1253916
2 1265166
2 1193553
2 1371879
2 1354752
2 1270107
2 1060029
2 1058436
2 1304766
2 1285821
2 1109385
2 1303623
2 1351188
2 1265625
2 1333422
2 1394856
2 1405908
2 1278918
2 1291563
2 1254573
2 1330812
2 1375101
2 1168875
2 1287801
2 1180692
2 1347489
2 1255698
2 1246257
2 1245978
2 1258578
2 1386306
2 1248183
2 1064079
2 1206945
2 1387809
2 1212849
2 1325232
2 1390428
2 1302651
2 1249839
2 1337013
2 1310994
2 1292364
2 1314018
2 1311048
2 1269270
2 1277811
2 1327482
2 1281789
2 1228374
2 1327851
2 1188162
2 1155096
2 1146402
2 1342584
2 1302714
2 1215333
2 1337688
2 1265355
2 1246581
2 1338471
2 1356435
2 1163853
2 1220994
2 1380249
2 1386144
2 1097955
2 1211175
2 1336473
2 1278855
2 1293444
2 1365120
2 1412640
2 1280934
2 1120068
2 1383813
2 1323081
2 1323486
2 1407420
2 1322064
2 1332873
2 1352457
2 1226385
2 1346580
2 1334097
2 1346535
2 1150461
2 1272411
2 1263114
2 1313019
2 1232352
2 1354500
2 1209303
2 1151622
2 1297476
2 1314342
2 1169901
2 1211013
2 1165167
2 1268955
2 1357983
2 1187937
2 1363662
2 1127601
2 1242306
2 1254195
2 1225926
2 1250505
2 1286298
2 1268451
2 1285092
2 1197954
2 1333206
2 1245024
2 1250037
2 1338876
2 1237950
2 1184643
2 1255176
2 1374624
2 1115721
2 1348209
2 1208403
2 1032561
2 1191483
2 1218897
2 1216260
2 1358910
2 1221534
2 1314657
2 1328733
2 1339173
2 1346139
2 1189053
2 1280673
2 1210995
2 1356660
2 1359333
2 1365309
2 1375245
2 1252935
2 1287450
2 1265661
2 1319193
2 1221552
2 1241640
2 1343025
2 1176588
2 1316556
2 1081575
2 1360269
2 1318698
2 1307745
2 1310805
2 1310022
2 1356813
2 1314441
2 1227600
2 1327734
2 1287315
2 1120275
2 1203309
2 1230804
2 1230003
2 1351440
2 1168605
2 1344735
2 1325250
2 1220832
2 1249740
2 1325628
2 1360098
2 1208853
2 1192743
2 1289682
2 1254267
2 1393875
2 1298034
2 1299987
2 1258092
2 1182987
2 1292940
2 1349730
2 1387548
2 1280637
2 1164645
2 1082646
2 1364337
2 1362465
2 1274355
2 1379799
2 1306755
2 1280403
2 1300167
2 1158759
2 1323315
2 1371708
2 1359567
2 1119528
2 1153413
2 1064898
2 1385397
2 1378377
2 1244808
2 1352871
2 1236375
2 1328274
2 1157301
2 1233810
2 1307655
2 1332558
2 1297611
2 1360710
2 1297224
2 1318869
2 1225566
2 1181835
2 1324863
2 1191186
2 1071189
2 1272483
2 1132677
2 1364175
2 1347057
2 1151046
2 1237554
2 1271520
2 1397682
2 1222335
2 1312182
2 1282545
2 1314432
2 1261602
2 1317528
2 1334421
2 1217907
2 1220742
2 1390545
2 1362654
2 1280358
2 1352088
2 1365921
2 1307700
2 1272438
2 1259586
2 1231101
2 1212453
2 1372221
2 1365723
2 1360656
2 1230912
2 1351872
2 1090026
2 1315746
2 1291329
2 1157544
2 1312110
2 1159011
2 1181592
2 1289538
2 1324593
2 1312551
2 1364697
2 1403982
2 1106757
2 1047168
2 1280808
2 1140030
2 1286226
2 1286784
2 1375470
2 1326267
2 1277037
2 1325016
2 1272150
2 1035414
2 1239093
2 1072674
2 1303128
2 1274418
2 1073403
2 1259136
2 1226133
2 1323369
2 1319346
2 1217475
2 1297098
2 1301319
2 1203345
2 1294713
2 1192806
2 1351134
2 1221264
2 1264851
2 1273356
2 1207539
2 1238364
2 1336356
2 1203867
2 1286046
2 1394082
2 1259136
2 1353411
2 1216224
2 1347111
2 1265382
2 1133325
2 1371537
2 1151820
2 1251027
2 1258488
2 1307952
2 1370583
2 1280160
2 1273572
2 1300554
2 1409616
2 1129050
2 1282131
2 1312803
2 1179126
2 1359081
2 1403496
2 1249650
2 1383957
2 1101753
2 1237392
2 1262979
2 1141434
2 1225134
2 1165977
2 1267011
2 1294947
2 1330497
2 1257012
2 1265238
2 1285047
2 1329696
2 1351701
2 1332468
2 1349793
2 1085427
2 1152189
2 1134531
2 1217421
2 1334232
2 1270422
2 1331181
2 1337499
2 1286694
2 1221822
2 1181700
2 1301841
2 1411956
2 1242117
2 1345428
2 1090215
2 1297962
2 1306953
2 1260360
2 1264851
2 1220004
2 1362978
2 1302723
2 1328940
2 1169865
2 1228041
2 1250703
2 1115541
2 1279314
2 1339281
2 1201437
2 1332837
2 1378845
2 1204416
2 1066302
2 1285173
2 1242207
2 1271034
2 1218132
2 1213515
2 1257723
2 1249254
2 1212039
2 1284831
2 1064268
2 1350009
2 1157094
2 1076751
2 1346049
2 1243611
2 1373229
2 1385784
2 1321425
2 1148040
2 1305495
2 1188639
2 1118880
2 1361988
2 1348209
2 1236609
2 1062846
2 1285830
2 1237635
2 1199916
2 1125387
2 1352565
2 1175769
2 1194723
2 1249326
2 1374957
2 1265445
2 1327302
2 1120698
2 1205199
2 1340244
2 1276380
2 1318176
2 1346085
2 1060110
2 1215198
2 1285686
2 1276524
2 1138104
2 1400184
2 1281168
2 1383147
2 1158705
2 1307709
2 1314999
2 1338066
2 1375335
2 1273896
2 1289466
2 1299267
2 1258128
2 1346445
2 1240704
2 1353663
2 1221849
2 1137429
2 1266228
2 1390023
2 1263069
2 1212111
2 1354689
2 1379691
2 1412505
2 1349298
2 1188774
2 1282689
2 1296450
2 1403496
2 1223712
2 1379097
2 1377666
2 1258884
2 1295802
2 1271052
2 1152045
2 1376073
2 1379403
2 1260414
2 1305540
2 1224297
2 1376010
2 1169181
2 1351440
2 1190232
2 1287657
2 1316700
2 1341405
2 1182960
2 1193373
2 1124766
2 1382643
2 1147905
2 1383975
2 1376982
2 1132965
2 1277685
2 1251477
2 1389879
2 1139688
2 1279521
2 1337985
2 1262745
2 1278423
2 1266354
2 1329750
2 1224603
2 1265157
2 1196586
2 1256814
2 1308933
2 1169541
2 1343853
2 1343259
2 1341216
2 1229958
2 1320111
2 1308105
2 1201806
2 1229058
2 1219059
2 1198719
2 1312434
2 1109988
2 1297674
2 1335015
2 1357911
2 1318212
2 1186686
2 1205550
2 1147473
2 1392147
2 1363662
2 1269333
2 1243683
2 1390770
2 1335312
2 1273239
2 1277775
2 1239966
2 1365066
2 1268856
2 1228383
2 1212642
2 1263582
2 1029456
2 1392795
2 1188999
2 1063836
2 1084680
2 1320696
2 1388106
2 1347561
2 1224747
2 1244484
2 1239300
2 1309293
2 1329489
2 1287270
2 1084275
2 1308825
2 1334223
2 1315638
2 1316709
2 1322235
2 1370853
2 1141146
2 1292058
2 1324368
2 1162746
2 1412685
2 1181034
2 1326150
2 1314900
2 1238688
2 1312902
2 1140588
2 1264131
2 1353807
2 1266633
2 1183878
2 1272933
2 1359450
2 1300725
2 1407348
2 1229967
2 1154421
2 1249965
2 1335834
2 1170018
2 1274508
2 1320300
2 1394631
2 1347273
2 1360251
2 1254564
2 1244673
2 1253655
2 1160406
2 1266165
2 1241649
2 1345581
2 1189215
2 1214955
2 1251117
2 1215567
2 1317519
2 1293993
2 1367667
2 1150722
2 1358964
2 1280520
2 1378719
2 1376478
2 1339074
2 1172484
2 1344249
2 1046565
2 1265517
2 1379070
2 1125315
2 1312893
2 1378890
2 1275201
2 1242981
2 1260630
2 1179216
2 1191798
2 1239174
2 1113228
2 1361961
2 1274544
2 1265850
2 1175913
2 1246158
2 1398510
2 1281726
2 1290789
2 1294263
2 1268577
2 1260963
2 1244124
2 1402164
2 1292436
2 1015029
2 1311633
2 1351845
2 1112157
2 1175301
2 1218825
2 1232496
2 1380384
2 1292400
2 1213713
2 1254330
2 1239084
2 1333773
2 1334790
2 1250694
2 1175004
2 1331982
2 1357101
2 1289763
2 1322154
2 1348083
2 1264806
2 1323054
2 1133208
2 1216314
2 1330839
2 1239363
2 1162179
2 1154142
2 1090782
2 1290861
2 1365084
2 1089378
2 1195578
2 1296774
2 1238112
2 1317888
2 1146429
2 1331604
2 1279368
2 1343259
2 1289610
2 1168425
2 1231758
2 1244556
2 1376379
2 1242081
2 1247589
2 1286226
2 1307799
2 1375209
2 1247859
2 1236645
2 1327581
2 1203930
2 1194030
2 1198755
2 1407186
2 1112607
2 1247157
2 1339002
2 1160208
2 1252566
2 1347381
2 1359990
2 1288917
2 949761
2 1379007
2 1365534
2 1213578
2 1230003
2 1293903
2 1106109
2 1317150
2 1245132
2 1336230
2 1294551
2 1399878
2 1279359
2 1122543
2 1277811
2 1295847
2 1375803
2 1378251
2 1276236
2 1352529
2 1354266
2 1310301
2 1337148
2 1302750
2 1353636
2 1161063
2 1294119
2 1322487
2 1260351
2 1248759
2 1166769
2 1380123
2 1185894
2 1313010
2 1248453
2 1302705
2 1207611
2 1178964
2 1257705
2 1297782
2 1360656
2 1280124
2 1360224
2 1238319
2 1190142
2 1387818
2 1304361
2 1363518
2 1408212
2 1349244
2 1240686
2 1363356
2 1377855
2 1306278
2 1319265
2 1241937
2 1277604
2 1246194
2 1332567
2 1215684
2 1002618
2 1392372
2 1255986
2 1334952
2 1326159
2 1142451
2 1186641
2 1360863
2 1363644
2 1238625
2 1359117
2 1261377
2 1128708
2 1379025
2 1202319
2 1288107
2 1264446
2 1295865
2 1249389
2 1262115
2 1194921
2 1328949
2 1273932
2 1196136
2 1190979
2 1175364
2 1260954
2 1321767
2 1274427
2 1281132
2 1254204
2 1269567
2 1258506
2 1136178
2 1351521
2 1174203
2 1398672
2 1275750
2 1326915
2 1412613
2 1344969
2 1292571
2 1309329
2 1332288
2 1246032
2 1293021
2 1311471
2 1341783
2 1348947
2 1070631
2 1371807
2 1323927
2 1273257
2 1283670
2 1226430
2 1342647
2 1303056
2 1357776
2 1250667
2 1309095
2 1183698
2 1299528
2 1199493
2 1321686
2 1300203
2 1381851
2 1347273
2 1308132
2 1252656
2 1264410
2 1092465
2 1214154
2 1150560
2 1170378
2 1193211
2 1339605
2 1351908
2 1229094
2 1377315
2 1406052
2 1393668
2 1147077
2 1283778
2 1301382
2 1159245
2 1236240
2 1248723
2 1381887
2 1306242
2 1258596
2 1385217
2 1366191
2 1052766
2 1295298
2 1149075
2 1274796
2 1257930
2 1266435
2 1315260
2 1218618
2 1270521
2 1313910
2 1364175
2 1287036
2 1241640
2 1124082
2 1108431
2 1342260
2 1249605
2 1267173
2 1183896
2 1375650
2 1276722
2 1274850
2 1303092
2 1338894
2 1251441
2 1267083
2 1262403
2 1314333
2 1227627
2 1328580
2 1195263
2 1191051
2 1339884
2 1198098
2 1381203
2 1272078
2 1381005
2 1350333
2 1340802
2 1280313
2 1284498
2 1210275
2 1295451
2 1189737
2 1319904
2 1272852
2 1304775
2 1126980
2 1378233
2 1411542
2 1380654
2 1201275
2 1328517
2 1267407
2 1176876
2 1298646
2 1294371
2 1390806
2 1358847
2 1239912
2 1209285
2 1358037
2 1235250
2 1355643
2 1329354
2 1202040
2 1276020
2 1219608
2 1236024
2 1201266
2 1210464
2 1355634
2 1317447
2 1302282
2 1360620
2 1382760
2 1409904
2 1276542
2 1185732
2 1248696
2 1361727
2 1338966
2 1333269
2 1244664
2 1209906
2 1231362
2 1352142
2 1284291
2 1365705
2 1297476
2 1348254
2 1277991
2 1326357
2 1415502
2 1294056
2 1325871
2 1287405
2 1267749
2 1217205
2 1380978
2 1128096
2 1398663
2 1162413
2 1354464
2 1184013
2 1223100
2 1280349
2 1292121
2 1340325
2 1059903
2 1251594
2 1262556
2 1148868
2 1334592
2 1127412
2 1407249
2 1337868
2 1284930
2 1336365
2 1311561
2 1188432
2 1327383
2 1334331
2 1305369
2 1368117
2 1359756
2 1094049
2 1333215
2 1378404
2 1242090
2 1259946
2 1275363
2 1297656
2 1333512
2 1325700
2 1221084
2 1255563
2 1297701
2 1334979
2 1227492
2 1066932
2 1291455
2 1265796
2 1376964
2 1259793
2 1295946
2 1358739
2 1333449
2 1266066
2 1150227
2 1228293
2 1117350
2 1380195
2 1310499
2 1100646
2 1289529
2 1359549
2 1343799
2 1260378
2 1230444
2 1331181
2 1108116
2 1380852
2 1362537
2 1285290
2 1206405
2 1298727
2 1390176
2 1250505
2 1365777
2 1217349
2 1363428
2 1336392
2 1386936
2 1306242
2 1361025
2 1365498
2 1254015
2 1304748
2 1342467
2 1262052
2 1361448
2 1408059
2 1284264
2 1110564
2 1348380
2 1073502
2 1374714
2 1299240
2 1155798
2 1274697
2 1335789
2 1286469
2 1305477
2 1367109
2 1288656
2 1281393
2 1327401
2 1232712
2 1347120
2 1288575
2 1346139
2 1260783
2 1144323
2 1090413
2 1252638
2 1294164
2 1247004
2 1112112
2 1330461
2 1323531
2 1077642
2 1406862
2 1092123
2 1258029
2 1238337
2 1276047
2 1343097
2 1110960
2 1261413
2 1406700
2 1292994
2 1341522
2 1374219
2 1176525
2 1292355
2 1185138
2 1327329
2 1340865
2 1327140
2 1376082
2 1330371
2 1236078
2 1357443
2 1308042
2 1256670
2 1376865
2 1289646
2 1382508
2 1269540
2 1208520
2 1219608
2 1108737
2 1359432
2 1068741
2 1352466
2 1383336
2 1216665
2 1239975
2 1367442
2 1290519
2 1319643
2 1170792
2 1377243
2 1174320
2 1325943
2 1333368
2 1232001
2 1272960
2 1126035
2 1227384
2 1295082
2 1368297
2 1197522
2 1270818
2 1055313
2 1060884
2 1294146
2 1053369
2 1283661
2 1297665
2 1378836
2 1379889
2 1313883
2 1299042
2 1178163
2 1374417
2 1165203
2 1259883
2 1393371
2 1122408
2 1146384
2 1174581
2 1303218
2 1323027
2 1266246
2 1314990
2 1176201
2 1314153
2 1249470
2 1246779
2 1238445
2 1266327
2 1383084
2 1152729
2 1326159
2 1302399
2 1377945
2 1252791
2 1350738
2 1234521
2 1344186
2 1272105
2 1279881
2 1346940
2 1071855
2 1232262
2 1384803
2 1129644
2 1280241
2 1302201
2 1331190
2 1305036
2 1171692
2 1018071
2 1279161
2 1239948
2 1170945
2 1332873
2 1226376
2 1262142
2 1340883
2 1232694
2 1361070
2 1225287
2 1203624
2 1297602
2 1261395
2 1213470
2 1242927
2 1300509
2 1213407
2 1207161
2 1223748
2 1348506
2 1362024
2 1312803
2 1183248
2 1205739
2 1414494
2 1211643
2 1076166
2 1385469
2 1242891
2 1193472
2 1291140
2 1382004
2 1382184
2 1358397
2 1188387
2 1314288
2 1336428
2 1271700
2 1410966
2 1403298
2 1343772
2 1115127
2 1312533
2 1284156
2 1355562
2 1212903
2 1197747
2 1351026
2 1286568
2 1398726
2 1334367
2 1288278
2 1320093
2 1261224
2 1274103
2 1258497
2 1294776
2 1297206
2 1388223
2 1349703
2 1211616
2 1275633
2 1283472
2 1303974
2 1400751
2 1273941
2 1342719
2 1324926
2 1076157
2 1359063
2 1264806
2 1239903
2 1359666
2 1271286
2 1271871
2 1197369
2 1395036
2 1294893
2 1253268
2 1315809
2 1252854
2 1205091
2 1378071
2 1361727
2 1222857
2 1390635
2 1217241
2 1319301
2 1209807
2 1255050
2 1229436
2 1364967
2 1028574
2 1271169
2 1332450
2 1312119
2 1359945
2 1108800
2 1380537
2 1236222
2 1207584
2 1334295
2 1221534
2 1368198
2 1059552
2 1220067
2 1285722
2 1257129
2 1218726
2 1181322
2 1328211
2 1180161
2 1221381
2 1374156
2 1231596
2 1167741
2 1266669
2 1247562
2 1241415
2 1274832
2 1171404
2 1334925
2 1305414
2 1119141
2 1380186
2 1380195
2 1267569
2 1218690
2 1215216
2 1243278
2 1408284
2 1242135
2 1277496
2 1334790
2 1260315
2 1052055
2 1306395
2 1327905
2 1336563
2 1141551
2 1292373
2 1311804
2 1400724
2 1170108
2 1364427
2 1391094
2 1332117
2 1211913
2 1391697
2 1232037
2 1167606
2 1165077
2 1336986
2 1144368
2 1193769
2 1291977
2 1378188
2 1259730
2 1293300
2 1301382
2 1202634
2 1274787
2 1313037
2 1109223
2 1275282
2 986778
2 1145610
2 1352727
2 1339416
2 1386009
2 1405710
2 1242531
2 1097145
2 1282212
2 1285632
2 1332720
2 1109934
2 1172223
2 1284048
2 1282986
2 1281483
2 1147266
2 1151271
2 1314684
2 1199295
2 1270602
2 1265220
2 1384398
2 1218483
2 1292625
2 1267371
2 1352655
2 1346427
2 1314279
2 1193976
2 1410102
2 1408932
2 931545
2 1341180
2 1264545
2 1282437
2 1196568
2 1313703
2 1078668
2 1252971
2 1379097
2 1050012
2 1307718
2 1404432
2 1273491
2 1309644
2 1324332
2 1347480
2 1334826
2 1133694
2 1337400
2 1257786
2 1338669
2 1305396
2 1355787
2 1367712
2 1317843
2 1367802
2 1409769
2 1087623
2 1298862
2 1341990
2 1202841
2 1326402
2 1360818
2 1051227
2 1082511
2 1290087
2 1264707
2 1364913
2 1384659
2 1288620
2 1319121
2 1261899
2 1336572
2 1318158
2 1205001
2 1350549
2 1240704
2 1182348
2 1337436
2 1157400
2 1348533
2 1181205
2 1344708
2 1384704
2 1294362
2 1339326
2 1344888
2 1257066
2 1375479
2 1251171
2 1356597
2 1364418
2 1034613
2 1206648
2 1299087
2 1339938
2 1397574
2 1280331
2 1379583
2 1330929
2 1400526
2 1268712
2 1128780
2 1319454
2 1386531
2 1260126
2 1108944
2 1405062
2 1225260
2 1211877
2 1160757
2 1166076
2 1291041
2 1131066
2 1403334
2 1329687
2 1234278
2 1297908
2 1304199
2 1321299
2 1245897
2 1323153
2 1278405
2 1323756
2 1199628
2 1303263
2 1161441
2 1219752
2 1346841
2 1139688
2 1230138
2 1140480
2 1041264
2 1173402
2 1341747
2 1264635
2 1304820
2 1284957
2 1248471
2 1368936
2 1334817
2 1358136
2 1404261
2 1335600
2 1335348
2 1286775
2 1271178
2 1344933
2 1334538
2 1337031
2 1209564
2 1312290
2 1170693
2 1313397
2 1349604
2 1296774
2 1368027
2 1310346
2 1156797
2 1341396
2 1343385
2 1241280
2 1362528
2 1206162
2 1199952
2 1301931
2 1319409
2 1293723
2 1229733
2 1082403
2 1081953
2 1276326
2 1318086
2 1330587
2 1331145
2 1210617
2 1332405
2 1230030
2 1295784
2 1247049
2 1372014
2 1285155
2 1266309
2 1284444
2 1383948
2 1246068
2 1272501
2 1341927
2 1341954
2 1370646
2 1260909
2 1380141
2 1314765
2 1215630
2 1250154
2 1071594
2 1116945
2 1405377
2 1187379
2 1334970
2 1279197
2 1314801
2 1367496
2 1356831
2 1208664
2 1257525
2 1375605
2 1311363
2 1248615
2 1357173
2 1285713
2 1048473
2 1285353
2 1260576
2 1253133
2 1240992
2 1363230
2 1274517
2 1244169
2 1284615
2 1377855
2 1223811
2 1101285
2 1105713
2 1326933
2 1189530
2 1302237
2 1190646
2 1334943
2 1350630
2 1363509
2 1132812
2 1381743
2 1248066
2 1181133
2 1314999
2 1257525
2 1222551
2 1315647
2 1322001
2 1300365
2 1173303
2 1336716
2 1235304
2 1290924
2 1279449
2 1148418
2 1364175
2 1345626
2 1282599
2 1378413
2 1266264
2 1116675
2 1337868
2 1243539
2 1276479
2 1395405
2 1232397
2 1396089
2 1412730
2 1277280
2 1395126
2 1306215
2 1223109
2 1228545
2 1305792
2 1314720
2 1253700
2 1289448
2 1342863
2 1121211
2 1394352
2 1253196
2 1310805
2 1325907
2 1182969
2 1270818
2 1169604
2 1042254
2 1246212
2 1350216
2 1294209
2 1289799
2 1334934
2 1296684
2 1302435
2 1364373
2 1298151
2 1394415
2 1286532
2 1330173
2 1366065
2 1184148
2 1103985
2 1150965
2 1297701
2 1220643
2 1181556
2 1221480
2 1365984
2 1237590
2 1274355
2 1201023
2 1242423
2 1348794
2 1330227
2 1311291
2 1143108
2 1109979
2 1253439
2 1332774
2 1157661
2 1153350
2 1209744
2 1182816
2 1342872
2 1205172
2 1160019
2 1236564
2 1294236
2 1368891
2 1266993
2 1309671
2 1317258
2 1272213
2 1411812
2 1285551
2 1330290
2 1215702
2 1287099
2 1415124
2 1304028
2 1345203
2 1257462
2 1127394
2 1254672
2 1152765
2 1339272
2 1411641
2 1168965
2 1307880
2 1087533
2 1273500
2 1336617
2 1294605
2 1211679
2 1397763
2 1227924
2 1306818
2 1272600
2 1336311
2 1061208
2 1382571
2 1243143
2 1307070
2 1245384
2 1228653
2 1192914
2 1263537
2 1328211
2 1161783
2 1348632
2 1297422
2 1288062
2 1252944
2 1331505
2 1222299
2 1264869
2 1247472
2 1182456
2 1266282
2 1148886
2 1167120
2 1147239
2 1371528
2 1334403
2 1340487
2 1097883
2 1309743
2 1183347
2 1337004
2 1333197
2 1305981
2 1251000
2 1273329
2 1226322
2 1259253
2 1302723
2 1210365
2 1041921
2 1064709
2 1294794
2 1159983
2 1316592
2 1280628
2 1375065
2 1276596
2 1170657
2 1305171
2 1159947
2 1185192
2 1048482
2 1377738
2 1299177
2 1286586
2 1103094
2 1206144
2 1295460
2 1391130
2 1265418
2 1199601
2 1231425
2 1186227
2 1255500
2 1282572
2 1353150
2 1260423
2 1190205
2 1252584
2 1177407
2 1257255
2 1282464
2 1353456
2 1263339
2 1239777
2 1116387
2 1394442
2 1252368
2 1350126
2 1317528
2 1294335
2 1203318
2 1330209
2 1210140
2 1187892
2 1193004
2 1267884
2 1304640
2 1343088
2 1382355
2 1121184
2 1262340
2 1231560
2 1301265
2 1402110
2 1364040
2 1151901
2 1393767
2 1184814
2 1116072
2 1184274
2 1222389
2 1209978
2 1388115
2 1225566
2 1280664
2 1336617
2 1338174
2 1246023
2 1286028
2 1333476
2 1278666
2 1338597
2 1409247
2 1361601
2 1370052
2 1225773
2 1206891
2 1356561
2 1371024
2 1287801
2 1317744
2 1266507
2 1310697
2 1342566
2 1236033
2 1101141
2 1225737
2 1201581
2 1386054
2 1075653
2 1410768
2 1315017
2 1394631
2 1058769
2 1273347
2 1386711
2 1352682
2 1297908
2 1228977
2 1236285
2 971568
2 1412496
2 1336284
2 1406916
2 1335240
2 1222191
2 1245744
2 1110159
2 1283598
2 1355283
2 1112175
2 1265283
2 1393443
2 1167390
2 1352763
2 1396629
2 1094985
2 1223091
2 1117404
2 1264581
2 1297026
2 1338759
2 1393839
2 1346220
2 998946
2 1164870
2 1133460
2 1335276
2 1209591
2 1325439
2 1175427
2 1169253
2 1198701
2 1332126
2 1345248
2 1171395
2 1242900
2 1149075
2 1271232
2 1196460
2 1220139
2 1313721
2 1112850
2 1254222
2 1245663
2 1230516
2 1239732
2 1355634
2 1321092
2 1286811
2 1232685
2 1381554
2 1297350
2 1294245
2 1312848
2 1257957
2 1086768
2 1176687
2 1210365
2 1323495
2 1239552
2 1389951
2 1350360
2 1273752
2 1268217
2 1149678
2 1266012
2 1228545
2 1279206
2 1226187
2 1301463
2 1404441
2 1296216
2 1372617
2 1244619
2 1189080
2 1282590
2 1256625
2 1174869
2 1296189
2 1237068
2 1264995
2 1167525
2 1405719
2 1304964
2 1296369
2 1307439
2 1266957
2 1304280
2 1065294
2 1337562
2 1294083
2 1304100
2 1303488
2 1335177
2 1331001
2 1354869
2 1201356
2 1280988
2 1293066
2 1201014
2 1288701
2 1211454
2 1260099
2 1360665
2 1279170
2 1180629
2 1039419
2 1381059
2 1305162
2 1015893
2 1324431
2 1289907
2 1201095
2 1070100
2 1322559
2 1307700
2 1356102
2 1299546
2 1379385
2 1157031
2 1173591
2 1414161
2 1144602
2 1380591
2 1272294
2 1269405
2 1255797
2 1291896
2 1245393
2 1084716
2 1319058
2 1263951
2 1301490
2 1206090
2 1174581
2 1343853
2 1086372
2 1216836
2 1216440
2 1199979
2 1224162
2 1301778
2 1244097
2 1406295
2 1287036
2 1282275
2 1350018
2 1405152
2 1353483
2 1239750
2 1378386
2 1307709
2 1347309
2 1337814
2 1299258
2 1360341
2 1342530
2 1306458
2 1258938
2 1276461
2 1356264
2 1320831
2 1134216
2 1289682
2 1369116
2 1345527
2 1178370
2 1265040
2 1282428
2 1359009
2 1198143
2 1337661
2 1168146
2 1334421
2 1051740
2 1111707
2 1350099
2 1167003
2 1332783
2 1365516
2 1275372
2 1264158
2 1245411
2 1258407
2 1305333
2 1347534
2 1362384
2 1190160
2 1319112
2 1245609
2 1276524
2 1267137
2 1401732
2 1192968
2 1361934
2 1151127
2 1205073
2 1217727
2 1074708
2 1344429
2 1167687
2 1331982
2 1212993
2 1283886
2 1185237
2 1271673
2 1324116
2 1284651
2 1332585
2 1362357
2 1342971
2 1254240
2 1317483
2 1142505
2 1103823
2 1344672
2 1382625
2 1280304
2 1148697
2 1273410
2 1375344
2 1213623
2 1238742
2 1315062
2 1333728
2 1241811
2 1303443
2 1114794
2 1228482
2 1190565
2 1355958
2 1329768
2 1238859
2 1339560
2 1259406
2 1129365
2 1233351
2 1262628
2 1272429
2 1220085
2 1267524
2 1181061
2 1269306
2 1157310
2 1302282
2 1370394
2 1290636
2 1296594
2 1390158
2 1347777
2 1260216
2 1261440
2 1394100
2 1292877
2 1253232
2 1157166
2 1246032
2 1203984
2 1271844
2 1235637
2 1307484
2 1265103
2 1118196
2 1295550
2 1338822
2 1260810
2 1199781
2 1363005
2 1286109
2 1344627
2 1336032
2 1307223
2 1316502
2 1238643
2 1309698
2 1339155
2 1329147
2 1204479
2 1410300
2 1234152
2 1229814
2 1225629
2 1274121
2 1361187
2 1053342
2 1215027
2 1379007
2 1235871
2 1174266
2 1305378
2 1212444
2 1381977
2 1322784
2 1324053
2 1225692
2 1356507
2 1330560
2 1044990
2 1364589
2 1273437
2 1334961
2 1253682
2 1260270
2 1254690
2 1301229
2 1255986
2 1296864
2 1393497
2 1238517
2 1331208
2 1298961
2 1379718
2 1312524
2 1352646
2 1407807
2 1369161
2 1072323
2 1292175
2 1146420
2 1302543
2 1384011
2 1162854
2 1336320
2 1274481
2 1232631
2 1225719
2 1032723
2 1155951
2 1318761
2 1270836
2 1248786
2 1350594
2 1286370
2 1212615
2 1385136
2 1187703
2 1106163
2 1299141
2 1071900
2 1262115
2 1298556
2 1350432
2 1082439
2 1272420
2 1329849
2 1087578
2 1227825
2 1121175
2 1176444
2 1211454
2 1166274
2 1394055
2 1042092
2 1349973
2 1284606
2 1204992
2 1345149
2 1316385
2 1310364
2 1280961
2 1359081
2 1162521
2 1277127
2 1292922
2 1254447
2 1334916
2 1259973
2 1294902
2 1323414
2 1219086
2 1162368
2 1285380
2 1066770
2 1175103
2 1404513
2 1119177
2 1265553
2 1258263
2 1119960
2 1276101
2 1281204
2 1297296
2 1187100
2 1382832
2 1169667
2 1294920
2 1263636
2 1277190
2 1363068
2 1332882
2 1210428
2 1364733
2 1185039
2 1369602
2 1305684
2 1293264
2 1334646
2 1213884
2 1148913
2 1306368
2 1318005
2 1308978
2 1207467
2 1351026
2 1135854
2 1256517
2 1299438
2 1317501
2 1352367
2 1297818
2 1217277
2 1250568
2 1151397
2 1291446
2 1208925
2 1210923
2 1125630
2 1225836
2 1290681
2 1308825
2 1218564
2 1317249
2 1285173
2 1080459
2 1230660
2 1204011
2 1315710
2 1138581
2 1302678
2 1267137
2 1261638
2 1285047
2 1201194
2 1356165
2 1357299
2 1289511
2 1318590
2 1333575
2 1320948
2 1067130
2 1326033
2 1391823
2 1302219
2 1267191
2 1185444
2 1291086
2 1209330
2 1388493
2 1407564
2 1322118
2 1321137
2 1281285
2 1310103
2 1291113
2 1226601
2 1348956
2 1239579
2 1237374
2 1008828
2 1160964
2 1294767
2 1278648
2 1256346
2 1341981
2 1317726
2 1226214
2 1316763
2 1099773
2 1282347
2 1286289
2 1145943
2 1280610
2 1298655
2 1251774
2 1402398
2 1290150
2 1331370
2 1271394
2 1239921
2 1281060
2 1170486
2 1293993
2 1265535
2 1094382
2 1235115
2 1369953
2 1323450
2 1269873
2 1084428
2 1201329
2 1308717
2 1189404
2 1348740
2 1297026
2 1296522
2 1168758
2 1084968
2 1262790
2 1094319
2 1392480
2 1096344
2 1268838
2 1410786
2 1288692
2 1237905
2 1315206
2 1284273
2 1227501
2 1244448
2 1311066
2 1318032
2 1035972
2 1413108
2 1250595
2 1140516
2 1168299
2 1077120
2 1266057
2 1251009
2 1347273
2 1203588
2 1127763
2 1171404
2 1345860
2 1327950
2 1181727
2 1195713
2 1221822
2 1052280
2 1326294
2 1301463
2 1069758
2 1071612
2 1180854
2 1306152
2 1278459
2 1388718
2 1287504
2 1294083
2 1366542
2 1374453
2 1249047
2 994383
2 1297935
2 1095003
2 1289655
2 1221741
2 1160145
2 1348884
2 1333179
2 1311633
2 1241739
2 1283733
2 1314081
2 1310157
2 1332882
2 1262763
2 1304856
2 1193220
2 1303290
2 1217052
2 1256427
2 1280601
2 1334007
2 1133361
2 1172187
2 1002771
2 1344411
2 1232964
2 1275588
2 1183194
2 1331433
2 1276506
2 1166868
2 1290222
2 1222560
2 1125189
2 1102482
2 1319013
2 1339137
2 1355607
2 1319580
2 1355895
2 1279332
2 1265193
2 1345455
2 1337688
2 1217727
2 1171449
2 1249533
2 1279179
2 1395711
2 1365975
2 1197891
2 1345176
2 1256058
2 1317150
2 1392147
2 1203246
2 1144836
2 1144620
2 1384686
2 1279152
2 1268370
2 1161648
2 1392480
2 1092852
2 1199448
2 1210221
2 1259406
2 1272690
2 1324656
2 1240101
2 1264122
2 1384704
2 1124199
2 1406691
2 1209240
2 1082358
2 1173492
2 1223505
2 1309248
2 1330524
2 1252998
2 1363464
2 1258974
2 1289610
2 1283121
2 1231542
2 1204137
2 1323126
2 1305612
2 1240164
2 1299735
2 1225521
2 1285200
2 1386585
2 1360485
2 1238526
2 1271160
2 1283031
2 1352385
2 1402155
2 1263654
2 1404720
2 1346832
2 1181034
2 1277100
2 1297737
2 1173492
2 1301616
2 1260369
2 1167003
2 1328229
2 1290222
2 1218177
2 1098504
2 1293408
2 1368765
2 1321389
2 1198242
2 1177965
2 1331928
2 1294524
2 1321686
2 1355463
2 1379871
2 1251423
2 1190241
2 1105614
2 1268469
2 1089846
2 1267398
2 1235376
2 1239273
2 1237275
2 1369539
2 1339560
2 1266462
2 1356147
2 1207395
2 1355319
2 1261593
2 1278333
2 1199088
2 1222821
2 1151343
2 1227006
2 1345077
2 1170702
2 1297152
2 1337715
2 1390590
2 1282527
2 1303740
2 1059696
2 1299978
2 1392390
2 1339947
2 1372068
2 937449
2 1161738
2 1399095
2 1264050
2 1319139
2 1356849
2 1288467
2 1329597
2 1286010
2 1098234
2 1239660
2 1331721
2 1373913
2 1399266
2 1302948
2 1306179
2 1373607
2 1293003
2 1076112
2 1008891
2 1314909
2 1296945
2 1321569
2 1292832
2 1332432
2 1211850
2 1166355
2 1336671
2 1351908
2 1312047
2 1271880
2 1348551
2 1377369
2 1291068
2 1188072
2 1268271
2 1215738
2 1211382
2 1365777
2 1403514
2 1265166
2 1287864
2 1135899
2 1289502
2 1300725
2 1248138
2 1283022
2 1335393
2 1184976
2 1358154
2 1346409
2 1234899
2 1283913
2 1325079
2 1370925
2 1376055
2 1270440
2 1395702
2 1258650
2 1315206
2 1329543
2 1258317
2 1355841
2 1122678
2 978669
2 1399851
2 1221129
2 1301139
2 1398843
2 1230363
2 1096020
2 1352664
2 1311147
2 1225539
2 1322613
2 1350900
2 1327770
2 1272492
2 1294281
2 1344186
2 1328310
2 1397988
2 1312677
2 1257048
2 1336617
2 1329741
2 1240209
2 1298700
2 1172826
2 1160883
2 1249803
2 1263375
2 1265661
2 1220895
2 1335429
2 1321425
2 1240605
2 1299258
2 1284480
2 1163538
2 1349811
2 1308519
2 1375929
2 1373355
2 1396692
2 1161495
2 1241928
2 1266228
2 1125747
2 1019745
2 1371870
2 1348533
2 1335375
2 1321353
2 1384101
2 1103103
2 1111266
2 1303155
2 1364292
2 1372473
2 1384722
2 1189467
2 1221948
2 1330416
2 1194381
2 1253646
2 1227033
2 1257399
2 1225557
2 1354068
2 1249794
2 1195704
2 1360377
2 1232055
2 1075734
2 1339659
2 1328913
2 1323900
2 1219563
2 1085436
2 1277325
2 1239399
2 1281861
2 1312308
2 1244601
2 1345428
2 1191636
2 1361277
2 1253799
2 1373184
2 1373931
2 1342620
2 1039122
2 1381176
2 1320822
2 1313100
2 1367766
2 1218312
2 1306350
2 1244871
2 1238058
2 1270692
2 1356651
2 1195641
2 1321695
2 1181691
2 1231209
2 1268703
2 1318869
2 1209780
2 1100133
2 1370385
2 1332756
2 1329327
2 1346670
2 1320867
2 1202850
2 1241865
2 1354329
2 1288242
2 1240578
2 1056564
2 1115343
2 1332846
2 1246176
2 1173249
2 1317123
2 1408626
2 1269081
2 1213488
2 1221840
2 1311606
2 1293876
2 1386360
2 1386585
2 1147572
2 1156797
2 1316997
2 1377594
2 1331676
2 1206558
2 1408725
2 1344672
2 1370592
2 1322505
2 1208295
2 1326483
2 1256868
2 1053324
2 1307124
2 1329777
2 1325619
2 1327635
2 1293201
2 1212228
2 1139850
2 1330281
2 1336518
2 1251090
2 1096272
2 1252584
2 1376325
2 1133586
2 1182114
2 1358937
2 1379682
2 1117674
2 1096659
2 1328427
2 1273824
2 1107972
2 1297305
2 1245528
2 1356876
2 1302246
2 1255752
2 1164744
2 1132794
2 1337292
2 1367181
2 1173249
2 1237842
2 1057455
2 1185363
2 1365318
2 1078587
2 1289952
2 1248723
2 1286199
2 1283535
2 1036062
2 1255626
2 1138113
2 1211121
2 1326528
2 1058103
2 1308375
2 1382697
2 1208916
2 1185516
2 1213434
2 1195776
2 1320741
2 1398051
2 1263942
2 1047438
2 1287846
2 1254789
2 1344078
2 1330416
2 1153179
2 1185003
2 1227051
2 1331784
2 1072539
2 1256274
2 1314225
2 1328715
2 1305162
2 1321200
2 1312677
2 1156149
2 1355355
2 1335861
2 1357848
2 1276452
2 1345932
2 1350054
2 1122741
2 1405638
2 1311948
2 1215108
2 1413171
2 1283058
2 1241325
2 1273005
2 1250343
2 1232289
2 1263870
2 1169208
2 1342575
2 1061235
2 1279989
2 1270026
2 1296864
2 1309041
2 1281447
2 1365174
2 1182861
2 1287792
2 1234899
2 1272249
2 1317717
2 1221840
2 1314675
2 1186416
2 1283139
2 1112526
2 1365309
2 1296072
2 1375281
2 1215621
2 1296072
2 1158381
2 1242657
2 1275597
2 1079505
2 1381428
2 1342926
2 1219221
2 1290996
2 1284885
2 1230192
2 1398933
2 1376280
2 1216476
2 1306584
2 1219050
2 1299654
2 1325727
2 1091970
2 1291140
2 1357416
2 1322883
2 1308033
2 1337040
2 1297836
2 1109655
2 1203957
2 1233522
2 1126737
2 1147932
2 1283787
2 1291824
2 1373157
2 1266255
2 1210086
2 1283877
2 1246086
2 1201644
2 1218033
2 1268379
2 1346706
2 1314162
2 1345437
2 1299861
2 1265454
2 1183770
2 1332387
2 1262115
2 1337202
2 1149210
2 1330974
2 1129842
2 1259244
2 1188513
2 1339857
2 1259721
2 1188027
2 1234629
2 1324242
2 1394163
2 1209303
2 1145232
2 1285857
2 1279773
2 1324476
2 1333629
2 1234242
2 1217682
2 1360080
2 1317762
2 1183464
2 1307169
2 1304865
2 1329534
2 1274778
2 1352745
2 1288143
2 1414791
2 1267884
2 1134414
2 1300401
2 1350387
2 1369251
2 1205226
2 1275489
2 1221768
2 1050741
2 1332873
2 1361583
2 1219329
2 1372446
2 1170738
2 1297683
2 1262151
2 1255932
2 1414071
2 1219131
2 1222848
2 1236114
2 1155672
2 1242972
2 1186875
2 1212174
2 1339047
2 1120041
2 1271763
2 1298628
2 1223298
2 1149831
2 1277010
2 1247634
2 1263474
2 1336860
2 1282914
2 1192770
2 1254312
2 1294083
2 1230327
2 1208862
2 1345023
2 1322748
2 1328049
2 1377297
2 1286559
2 989604
2 987147
2 1067130
2 1313676
2 1251450
2 1378062
2 1331424
2 1042974
2 1346913
2 1271313
2 1332891
2 1337967
2 1179441
2 1214163
2 1207557
2 1095561
2 1120113
2 1300923
2 1221102
2 1226925
2 1150452
2 1367379
2 1365300
2 1306431
2 1193463
2 1240191
2 1400643
2 1388070
2 1307043
2 1364850
2 1325115
2 1222011
2 1272078
2 1291662
2 1348182
2 1341522
2 1300464
2 1385271
2 1071567
2 1363599
2 1151469
2 1354851
2 1119789
2 1327617
2 1329462
2 1315602
2 1385739
2 1090260
2 1198674
2 1209357
2 1073979
2 1345077
2 1372707
2 1276740
2 1347498
2 1100655
2 1118511
2 1334187
2 1411452
2 1219212
2 1359297
2 1322199
2 1333575
2 1106928
2 1148571
2 1258137
2 1360386
2 1093023
2 1321731
2 1346355
2 1293939
2 1328382
2 1332900
2 1287702
2 1136052
2 1300797
2 1108737
2 1351926
2 1317834
2 1344933
2 1214991
2 1269603
2 1285335
2 1202526
2 1199493
2 1356858
2 1322397
2 1252863
2 1270998
2 1263321
2 1239291
2 1333197
2 1086687
2 1258191
2 1219428
2 1317708
2 1151586
2 1189890
2 1234719
2 1322586
2 1225269
2 1278405
2 1371402
2 1380303
2 1282509
2 1187847
2 1170261
2 1390284
2 1325574
2 1341846
2 1167039
2 1176750
2 1235493
2 1249731
2 1226664
2 1212840
2 1372113
2 1097685
2 1360359
2 1366938
2 1090341
2 1311300
2 1119429
2 1337103
2 1237203
2 1406835
2 1242171
2 1151397
2 1380501
2 1108278
2 1284885
2 1344969
2 1002087
2 1297224
2 1325799
2 1304676
2 1298961
2 1296621
2 1280619
2 1326798
2 1022166
2 1246815
2 1272726
2 1221435
2 1345095
2 1277154
2 1272096
2 1199781
2 1218105
2 1272267
2 1126377
2 1190556
2 1189755
2 1336842
2 1204218
2 1188387
2 1286064
2 1346985
2 1274310
2 1182627
2 1389231
2 1305918
2 1138311
2 1134666
2 1368099
2 1258398
2 1361304
2 1302705
2 1135332
2 1318266
2 1284705
2 1304253
2 1395261
2 1094499
2 1288557
2 1198791
2 1384713
2 1232406
2 1098576
2 1324008
2 1176219
2 1201059
2 1411101
2 1330371
2 1201104
2 1170828
2 1361421
2 1311939
2 1319922
2 1004238
2 1216062
2 1313199
2 1297314
2 1324431
2 1248192
2 1245141
2 1087029
2 1294749
2 1397583
2 1089855
2 1352826
2 1291554
2 1209879
2 1292058
2 1314315
2 1241316
2 1239534
2 1273302
2 1290672
2 1201608
2 990405
2 1228986
2 1197684
2 1311264
2 1223307
2 1257723
2 1085652
2 1299456
2 1213902
2 1114398
2 1295244
2 1347993
2 1092213
2 1312884
2 1231812
2 1368954
2 1401786
2 1380609
2 1265310
2 1173141
2 1315476
2 1165581
2 1258308
2 1413828
2 1204011
2 1219221
2 1130706
2 1151073
2 1339938
2 1260495
2 1310508
2 1085283
2 1302804
2 1256409
2 1189260
2 1303659
2 1341522
2 1352187
2 1319607
2 1412316
2 1324773
2 1155078
2 1153845
2 1337175
2 1366650
2 1101996
2 1046934
2 1238724
2 1257264
2 1169244
2 1394226
2 1227726
2 1293003
2 1388664
2 1190970
2 1322451
2 1234998
2 1278783
2 1400481
2 1287261
2 1197405
2 1300860
2 1358010
2 1365966
2 1280214
2 1175922
2 1181718
2 1208448
2 1240128
2 1252620
2 1171197
2 1234404
2 1286523
2 1232145
2 1377459
2 1278135
2 1145826
2 1223073
2 1269000
2 1340514
2 1262781
2 1133964
2 1209501
2 1313091
2 1382958
2 1186065
2 1268028
2 1253592
2 1251459
2 1198602
2 1336833
2 1253052
2 1394847
2 1132965
2 1227033
2 1302534
2 1301418
2 1250793
2 1235871
2 1134981
2 1353087
2 1196055
2 1254807
2 1332072
2 1315917
2 1316808
2 1410237
2 1342593
2 1255275
2 1290015
2 1258290
2 1337031
2 1362204
2 1294371
2 1302741
2 1033542
2 1266129
2 1261827
2 1382760
2 1073655
2 1318266
2 1233279
2 1234377
2 1319427
2 1176786
2 1360017
2 1074213
2 1195794
2 1302003
2 1227870
2 1274031
2 1300986
2 1137654
2 1373382
2 1149534
2 1393380
2 1291968
2 1260792
2 1097028
2 1311588
2 1251027
2 1129761
2 1301094
2 1224675
2 1363968
2 1337877
2 1203075
2 1364877
2 1350054
2 1237572
2 1339470
2 1356174
2 1397889
2 1242810
2 1389636
2 1135665
2 1286550
2 1387908
2 1191249
2 1411065
2 1272492
2 1192599
2 1312425
2 1244367
2 1341963
2 1239633
2 1414638
2 1213335
2 1333773
2 1183860
2 1319886
2 1180494
2 1385613
2 1286028
2 1113795
2 1390140
2 1261044
2 1273806
2 1258155
2 1346643
2 1265742
2 1208178
2 1209726
2 1316241
2 1323153
2 1350468
2 1335690
2 1343259
2 1296612
2 1334214
2 1316988
2 1159830
2 1188747
2 1388700
2 1223595
2 1313982
2 1241253
2 1206090
2 1194921
2 1271367
2 1198107
2 1353672
2 1339362
2 1291185
2 1266768
2 1155681
2 1331226
2 1248849
2 1398582
2 1235817
2 1297062
2 1360764
2 1234728
2 1180539
2 1273131
2 1372698
2 1295235
2 1207557
2 1338165
2 1149552
2 1315008
2 1378971
2 1371222
2 1284696
2 1106874
2 1295361
2 1227060
2 1317537
2 1275183
2 1112553
2 1303812
2 1168740
2 1094580
2 1181286
2 1361898
2 1202409
2 1244745
2 1277361
2 1338156
2 1036944
2 1339308
2 1170954
2 1200690
2 1361574
2 1341252
2 1170441
2 1106991
2 1119393
2 1183581
2 1350000
2 1324170
2 985347
2 1180395
2 1396674
2 1241217
2 1229202
2 1355616
2 1168911
2 1129392
2 1313361
2 1280151
2 1281483
2 1347309
2 1339785
2 1345500
2 1227771
2 1350666
2 1257813
2 1036350
2 1239975
2 1220463
2 1159614
2 1351584
2 1358001
2 1391148
2 1347309
2 1358568
2 1128627
2 1283706
2 1260630
2 1326987
2 1245645
2 1287396
2 1287810
2 1309599
2 1184949
2 1267605
2 1282518
2 1371960
2 1223244
2 1163043
2 1391382
2 1272249
2 1344087
2 1274409
2 1253943
2 969597
2 1356111
2 1377261
2 1299168
2 1183104
2 1192194
2 1093932
2 1294065
2 1351980
2 1310328
2 1251972
2 1362609
2 1173177
2 1241316
2 1341099
2 1400283
2 1268667
2 1278594
2 1394721
2 1048419
2 1236510
2 1246464
2 1241613
2 1334709
2 1375875
2 1278279
2 1356372
2 1291176
2 1213812
2 1344663
2 1334142
2 1202049
2 1398087
2 1279467
2 1120653
2 1218690
2 1359036
2 1264977
2 1242468
2 1292319
2 1367325
2 1252206
2 1218546
2 1253826
2 1299879
2 1358757
2 1312137
2 1035630
2 1113021
2 1086480
2 1265139
2 1334916
2 1272735
2 1272969
2 1289835
2 1267578
2 1250487
2 1377918
2 1351926
2 1096848
2 1230228
2 1018296
2 1199007
2 1168137
2 1279215
2 1322604
2 1350666
2 1278351
2 1190664
2 1344375
2 1330695
2 1211112
2 1352565
2 1352367
2 1189926
2 1310148
2 1200150
2 1376226
2 1297206
2 1390302
2 1196325
2 1290708
2 1184814
2 1348506
2 1313289
2 1267542
2 1287522
2 1267884
2 1278918
2 1059786
2 1288683
2 1301940
2 1322793
2 1260360
2 1262529
2 1313415
2 1231173
2 1372743
2 1291221
2 1165680
2 1359198
2 1231029
2 1164069
2 1354680
2 1262475
2 1279746
2 1354086
2 1198260
2 1412397
2 1228194
2 1289493
2 1270755
2 1218492
2 1372401
2 1341657
2 1301679
2 1037205
2 1330164
2 1072845
2 1205343
2 1290420
2 1268973
2 1044027
2 1314819
2 1341513
2 1381320
2 1179936
2 1124343
2 1310211
2 1228950
2 1190133
2 1313703
2 1364859
2 1182096
2 1280853
2 1034892
2 1322874
2 1164798
2 1220571
2 1322568
2 1206747
2 1203651
2 1132830
2 1307673
2 1292184
2 1318095
2 1365471
2 1277928
2 1351602
2 1367730
2 1355283
2 1379466
2 1075653
2 1320039
2 1303758
2 1305396
2 1360476
2 1315008
2 1241946
2 1189638
2 1281645
2 1347516
2 1314486
2 1220823
2 1269180
2 1375317
2 1353681
2 1269144
2 1280349
2 1371240
2 1278234
2 1241514
2 1284471
2 1408851
2 1250928
2 1283652
2 1311615
2 1246878
2 1291059
2 1324098
2 1208988
2 1212165
2 1242774
2 1342566
2 1320408
2 1300158
2 1221660
2 1304370
2 1332828
2 1366857
2 1272600
2 1398573
2 1364220
2 1187415
2 1356021
2 1137978
2 1405215
2 1296684
2 1292130
2 1328058
2 1287054
2 1311651
2 1306044
2 1070469
2 1329417
2 1222011
2 1298925
2 1319877
2 1276101
2 1288935
2 1315620
2 1369530
2 1241271
2 1313055
2 1316106
2 1151577
2 1315530
2 1099314
2 1139535
2 1315584
2 1034829
2 1227150
2 1148373
2 1336347
2 1222218
2 1347399
2 1169694
2 1138194
2 1295217
2 1324125
2 1211481
2 1321227
2 1360602
2 1372869
2 1379646
2 1287036
2 1184301
2 1313181
2 1298160
2 1320075
2 1369359
2 1265607
2 1324305
2 933228
2 1351197
2 1366848
2 1246446
2 1263978
2 1321947
2 1145250
2 1326798
2 1364004
2 1190214
2 1287144
2 1207854
2 1236555
2 1310850
2 1260198
2 1221975
2 1239228
2 1348614
2 1411515
2 1188693
2 1362879
2 1244979
2 1280925
2 1136115
2 1333458
2 1266741
2 1297431
2 1209168
2 1366659
2 1398042
2 1344006
2 1291968
2 1222380
2 1212660
2 1148130
2 1242882
2 1378134
2 1258569
2 1298277
2 1225665
2 1129842
2 1315512
2 1301337
2 1311840
2 1257633
2 1395207
2 1294875
2 1182753
2 1267830
2 1269243
2 1066320
2 1329408
2 1340874
2 1208871
2 1368468
2 1314540
2 1300482
2 1385775
2 1282104
2 1254708
2 1320084
2 1395909
2 1365354
2 1323540
2 1009233
2 1262601
2 1217961
2 1313712
2 1297683
2 1167435
2 1281969
2 1320561
2 1275759
2 1295163
2 1080018
2 1330398
2 1270125
2 1175976
2 1226106
2 1258038
2 1224819
2 1129257
2 1299177
2 1345608
2 1186578
2 1219410
2 1285488
2 1341774
2 1288359
2 1280682
2 1249479
2 1345959
2 1058355
2 1229436
2 1366506
2 1202832
2 1380546
2 1366983
2 1272726
2 1146051
2 1057968
2 1378269
2 1360701
2 1401138
2 1338624
2 1129608
2 1389726
2 1117818
2 1233225
2 1182636
2 1337580
2 1177353
2 1309743
2 1122615
2 1344942
2 1377981
2 1272015
2 1184922
2 1340361
2 1255824
2 1225305
2 1393227
2 1280745
2 1285776
2 1357740
2 1207107
2 1126647
2 1280070
2 1379583
2 1275273
2 1349487
2 1248588
2 1345032
2 1331658
2 1291446
2 1176453
2 1052811
2 1176561
2 1315953
2 1164069
2 1303074
2 1293561
2 1251675
2 1396350
2 1392660
2 1345338
2 1274742
2 1376532
2 1283706
2 1008198
2 1332594
2 1305477
2 1137330
2 1123254
2 1364157
2 1343700
2 1345743
2 1241667
2 1291824
2 1387728
2 1319175
2 1382913
2 1411236
2 1338579
2 1312020
2 1305198
2 1388295
2 1259055
2 1327887
2 1306692
2 1374129
2 1200276
2 1316754
2 1040940
2 1302444
2 1351764
2 1258614
2 1334160
2 1089738
2 1354644
2 1332297
2 1118997
2 1152153
2 1349874
2 1226151
2 1266264
2 1182456
2 1296927
2 1139625
2 1331226
2 1314108
2 1214523
2 1216971
2 1298880
2 1255941
2 1330452
2 1344618
2 1242693
2 1347336
2 1395999
2 1280601
2 1213992
2 1365885
2 1415367
2 1202175
2 1243152
2 1148643
2 1253673
2 1290186
2 1106487
2 1327500
2 1346040
2 1165392
2 1289925
2 1256724
2 1282095
2 1256625
2 1367388
2 1300788
2 1365138
2 1211373
2 1124208
2 1274967
2 1207710
2 1280286
2 1307592
2 1261386
2 1391310
2 1116000
2 1335438
2 1206090
2 1349442
2 1298331
2 1372032
2 1379493
2 1325322
2 1223055
2 1221579
2 1342692
2 1161882
2 1360692
2 1324296
2 1301004
2 1280160
2 1243944
2 1144332
2 1315917
2 1148355
2 1208700
2 1325502
2 1258596
2 1056501
2 1093446
2 1136511
2 1202184
2 1259262
2 1309203
2 1256841
2 1137105
2 1222551
2 1285074
2 1356795
2 1327725
2 1297701
2 1164690
2 1056528
2 1145430
2 1256472
2 1139130
2 1077822
2 1354338
2 1362474
2 1069290
2 1250595
2 1260063
2 1386207
2 1251522
2 1328130
2 1244574
2 1282059
2 1344231
2 1246725
2 1241910
2 1184976
2 1225206
2 1332405
2 1348569
2 1282446
2 1258362
2 1237887
2 1328787
2 1264167
2 1156446
2 1372383
2 1285542
2 1400634
2 1405764
2 1271196
2 1338777
2 1114389
2 1108224
2 1168128
2 1191519
2 1353411
2 1185381
2 1337031
2 1222416
2 1355094
2 1294947
2 1234116
2 1180566
2 1309410
2 1209528
2 1106163
2 1293408
2 1362087
2 1365624
2 1312353
2 1268982
2 1116981
2 1271484
2 1269747
2 1150659
2 1301652
2 1229715
2 1340253
2 1216089
2 1207989
2 1072476
2 1173276
2 1249578
2 1246203
2 1194363
2 1367271
2 1164627
2 1130229
2 1387215
2 1312326
2 1314819
2 1305540
2 1139364
2 1259235
2 1151847
2 1105137
2 1247643
2 1378818
2 1313388
2 1337571
2 1273041
2 1335726
2 1224387
2 1299870
2 1274931
2 1344240
2 1326060
2 1068903
2 1176426
2 1392534
2 1327095
2 1414782
2 1248417
2 1173636
2 1250082
2 1314243
2 1313919
2 1339902
2 1241262
2 1248048
2 1277217
2 1297044
2 1255905
2 1357812
2 1341234
2 1397457
2 1017252
2 1312920
2 1354311
2 1272213
2 1348128
2 1357920
2 1308825
2 1249632
2 1317663
2 1160478
2 1303074
2 1289097
2 1222452
2 1214289
2 1301787
2 1309617
2 1197333
2 1131210
2 1254204
2 1053360
2 1199583
2 1227996
2 1207080
2 1179882
2 1287792
2 1273914
2 1260342
2 1088649
2 1194606
2 1354806
2 1121859
2 1117917
2 1367208
2 1164780
2 1157688
2 1320372
2 1350549
2 1264212
2 1271124
2 1159290
2 1225782
2 1280106
2 1360899
2 1156239
2 1219230
2 1342584
2 1157265
2 1244187
2 1182339
2 1190979
2 1174950
2 1331424
2 1225620
2 1046430
2 1296648
2 1367118
2 1278108
2 1133352
2 1270719
2 1170243
2 1358442
2 1223613
2 1201770
2 1191285
2 1099989
2 1296657
2 1277361
2 1318275
2 1077543
2 1184922
2 1270728
2 1229022
2 1303884
2 1258875
2 1225548
2 1301778
2 1267074
2 1108656
2 1160901
2 1204317
2 1393380
2 1326411
2 1308609
2 1198053
2 1236321
2 1274121
2 1335744
2 1132785
2 1362285
2 1408617
2 1292355
2 1345779
2 1167840
2 1327419
2 1342071
2 1170666
2 1354338
2 1250892
2 1310634
2 1286271
2 1122795
2 1197576
2 1369206
2 1217610
2 1141551
2 1397727
2 1234827
2 1259712
2 1257057
2 1204740
2 1318401
2 1192410
2 1286307
2 1257012
2 1313163
2 1181700
2 1210401
2 1294173
2 1350765
2 1258254
2 1324215
2 1239714
2 1329030
2 1405503
2 1193364
2 1217763
2 1349136
2 1158768
2 1356408
2 1308267
2 1234827
2 1028583
2 1364868
2 1293732
2 1231407
2 1196460
2 1347309
2 1162890
2 1251252
2 1258308
2 1273815
2 1313460
2 1277892
2 1184256
2 1387287
2 1327077
2 1319949
2 1381608
2 1221228
2 1195236
2 1282779
2 1267560
2 1322982
2 1326186
2 1193112
2 1337454
2 1156140
2 1332126
2 1297098
2 1120068
2 1192644
2 1340298
2 1335681
2 1255086
2 1270926
2 1377378
2 1310355
2 1368459
2 1365489
2 1259937
2 1378782
2 1360170
2 1285272
2 1277928
2 1341522
2 1376928
2 1264212
2 1325628
2 1108368
2 1406898
2 1145538
2 1320354
2 1365984
2 1221048
2 1332504
2 1307871
2 1185147
2 1314369
2 1131381
2 1294812
2 1160694
2 1385820
2 1337868
2 1336338
2 1287648
2 1182222
2 1202121
2 1302318
2 1140417
2 1170774
2 1276254
2 1340388
2 1414161
2 1190655
2 1315899
2 1241613
2 1304757
2 1359819
2 1379970
2 1259487
2 1149669
2 1298403
2 1281303
2 1293660
2 1224207
2 1343718
2 1212579
2 1238301
2 1285533
2 1269054
2 1372662
2 1243701
2 1366560
2 1387620
2 1170666
2 1304541
2 1399437
2 1288098
2 1262295
2 1224720
2 1299627
2 1327554
2 1214010
2 1360035
2 1344528
2 1319454
2 1179000
2 1262160
2 1239102
2 1383759
2 1313622
2 1259073
2 1201383
2 1212705
2 1395783
2 1269729
2 1337040
2 1376541
2 1266993
2 1207710
2 1067031
2 1158561
2 1259829
2 1348290
2 1213884
2 1313406
2 1166508
2 1352232
2 1225539
2 1242216
2 1315746
2 1306215
2 1284138
2 1273896
2 1405845
2 1166832
2 1237707
2 1328067
2 1190745
2 1175319
2 1390770
2 1345266
2 1055763
2 1277973
2 1245231
2 1359612
2 1183338
2 1302507
2 1264347
2 1111590
2 1333980
2 1356291
2 1280808
2 1240155
2 1209105
2 1333647
2 1261503
2 1351323
2 1178559
2 1383624
2 1244682
2 1312902
2 1233288
2 1381932
2 1383291
2 1383606
2 1379502
2 1375128
2 1302624
2 1267146
2 1191780
2 1329876
2 1389294
2 1238112
2 1363122
2 1348434
2 1195434
2 1279440
2 1358415
2 1189125
2 1349784
2 1333260
2 1063791
2 1345626
2 1392264
2 1401084
2 1245330
2 1045089
2 1151298
2 1316988
2 1250280
2 1261719
2 1122075
2 1276335
2 1330038
2 1197729
2 1151280
2 1326924
2 1252368
2 1270602
2 1386063
2 1297575
2 1337022
2 1201059
2 1202121
2 1292580
2 1325772
2 1252251
2 1265769
2 1341468
2 1344834
2 1316295
2 1252386
2 1229373
2 1365705
2 1250658
2 1275660
2 1236447
2 1095102
2 1163583
2 1291923
2 1312533
2 1305765
2 1269999
2 1325574
2 1313046
2 1212579
2 1191447
2 1396692
2 1160154
2 1242945
2 1295442
2 1241649
2 1266984
2 1279530
2 1392624
2 1329237
2 1306116
2 1317366
2 1085022
2 1365219
2 1089450
2 1294227
2 1108134
2 1227987
2 1231866
2 1341504
2 1341513
2 1301274
2 1361970
2 1065087
2 1177776
2 1189512
2 1337589
2 1353348
2 1261899
2 1391607
2 1289538
2 1099548
2 1294362
2 1318446
2 1282032
2 1234845
2 1097667
2 1358982
2 1360386
2 1248408
2 1245123
2 1336311
2 1338489
2 1284246
2 1334502
2 1309671
2 1270503
2 1380753
2 1284507
2 1183158
2 1238967
2 1272654
2 1280781
2 1164897
2 1388160
2 1309959
2 1376226
2 1330623
2 1103553
2 1280007
2 1210050
2 1190844
2 1380852
2 1047186
2 1250982
2 1266372
2 1176804
2 1171566
2 1213227
2 1172250
2 1305945
2 1304064
2 1278009
2 1289304
2 1207458
2 1276146
2 1314333
2 1245771
2 1167435
2 1206756
2 1324683
2 1224054
2 1154241
2 1045593
2 1096875
2 1314540
2 1350243
2 1278846
2 1174302
2 1137528
2 1139031
2 1262610
2 1373544
2 1254105
2 1413837
2 1330560
2 1094382
2 1192257
2 1411794
2 1065681
2 1110546
2 1358109
2 1383885
2 1238472
2 1042497
2 1168461
2 1167255
2 1246140
2 1350351
2 1121301
2 1348614
2 1311255
2 1303263
2 1279431
2 1278495
2 1200654
2 1333386
2 1384425
2 1408860
2 1306773
2 1280754
2 1273365
2 1365660
2 1303011
2 1327185
2 1333395
2 1342269
2 1257975
2 1174437
2 1161495
2 1275984
2 1272897
2 1157184
2 1284651
2 1412424
2 1384569
2 1217871
2 1251702
2 1358433
2 1409130
2 1371726
2 1355904
2 1386072
2 1352268
2 1132650
2 1297368
2 1310103
2 1304469
2 1220967
2 1240407
2 1309788
2 1335573
2 1284507
2 1345176
2 1302579
2 1330245
2 1219338
2 1138023
2 1290735
2 1300824
2 1253178
2 1159731
2 1351755
2 1339695
2 1269594
2 1309455
2 1335069
2 1115919
2 1258605
2 1294839
2 1222443
2 1374192
2 1353762
2 1268298
2 1174131
2 1330218
2 1225989
2 1220094
2 1291698
2 1362852
2 1256472
2 1249569
2 1306404
2 1348884
2 1052352
2 1237986
2 1404648
2 1293039
2 989442
2 1229121
2 1364031
2 1282617
2 1334421
2 1381374
2 1364121
2 1167120
2 1253394
2 1219590
2 1345509
2 1182177
2 1287189
2 1323396
2 1307205
2 1280070
2 1322055
2 1386711
2 1386441
2 1393236
2 1363563
2 1278729
2 1325790
2 1089297
2 1297314
2 1341909
2 1320957
2 1269099
2 1217691
2 1307115
2 1330200
2 1319985
2 1043847
2 1284984
2 1146303
2 1134990
2 1215855
2 1056690
2 1086246
2 1096299
2 1316745
2 1106514
2 1254528
2 1312281
2 1386414
2 1361439
2 1242261
2 1315872
2 1287477
2 1235097
2 1365507
2 1291320
2 1243953
2 1278612
2 1277559
2 1217376
2 1165977
2 1361331
2 1221345
2 1380384
2 1365687
2 1316727
2 1245546
2 1111617
2 1216044
2 1287549
2 1257147
2 1124910
2 1249578
2 1279701
2 1148886
2 1270206
2 1213344
2 1269000
2 1359216
2 1220436
2 1373805
2 1376577
2 1058175
2 1201113
2 1288926
2 1382976
2 1133703
2 1382940
2 1239750
2 1269081
2 1209861
2 1362240
2 1302525
2 1251297
2 1234224
2 1229544
2 1196199
2 1258965
2 1256193
2 1318131
2 1199745
2 1273932
2 1343592
2 1299123
2 1375515
2 1329363
2 1251360
2 1292643
2 1185309
2 1245384
2 1241352
2 1364175
2 1307556
2 1380276
2 1189647
2 1344618
2 1368432
2 1135566
2 1257957
2 1294146
2 1374786
2 1299420
2 1126278
2 1053828
2 1294938
2 1342323
2 1171854
2 1132308
2 1282014
2 1314018
2 1177146
2 1173519
2 1350972
2 1363869
2 1225044
2 1247985
2 1290555
2 1345878
2 1021752
2 1292499
2 1282419
2 1224027
2 1261134
2 1301139
2 1277658
2 1259595
2 1292292
2 1234188
2 1241037
2 1347543
2 1168767
2 1137339
2 1227906
2 1158021
2 1269018
2 1320138
2 1211220
2 1205829
2 1266795
2 1097334
2 1294479
2 1137087
2 1312776
2 1157958
2 1335375
2 1329768
2 1338498
2 1393407
2 1207791
2 1280484
2 1284174
2 1252989
2 1370988
2 1409679
2 1373112
2 1151937
2 1319373
2 1277424
2 1064457
2 1331892
2 1234422
2 1238364
2 1356102
2 1272942
2 1258101
2 1133055
2 1267965
2 1396800
2 1124244
2 1239075
2 1331442
2 1261575
2 1274517
2 1188729
2 1214262
2 1237905
2 1209744
2 1381194
2 1225863
2 1225260
2 1178190
2 1371204
2 1266003
2 1362177
2 1314000
2 1134567
2 1249056
2 1176462
2 1218708
2 1366956
2 1185129
2 1359774
2 1234692
2 1390149
2 1222731
2 1309743
2 1332819
2 1350900
2 1186650
2 1101789
2 1366911
2 1101798
2 1324935
2 1240749
2 1204731
2 1134135
2 1113669
2 1100313
2 1306314
2 1352277
2 1253880
2 1307646
2 1217646
2 1377873
2 1115613
2 1295388
2 1341126
2 1376784
2 1236114
2 1231704
2 1296369
2 1174338
2 1344366
2 1304928
2 1248039
2 1132443
2 1184229
2 1147617
2 1311777
2 1331406
2 1127385
2 1377369
2 1233027
2 1309266
2 1401696
2 1249839
2 1229706
2 1320417
2 1181070
2 1216575
2 1252467
2 1234764
2 1227375
2 1318959
2 1324593
2 1315350
2 1215153
2 1290690
2 1333359
2 1194822
2 1179279
2 1351872
2 1205865
2 1185822
2 1261665
2 1286046
2 1251432
2 1167372
2 1339839
2 1321047
2 1313757
2 1281834
2 1280493
2 1405881
2 1222722
2 1142379
2 1353915
2 1367649
2 1300059
2 1084374
2 1312416
2 1292391
2 1070433
2 1359981
2 1073358
2 1327491
2 1251648
2 1298664
2 1108242
2 1266327
2 1220454
2 1197540
2 1295127
2 1353708
2 1406367
2 1381482
2 1314009
2 1326078
2 1250298
2 1184256
2 1271079
2 1331118
2 1237122
2 1178847
2 1315404
2 1263204
2 1311471
2 1358055
2 1244016
2 1353015
2 1238121
2 1208817
2 1244763
2 1399293
2 1182636
2 1364544
2 1236582
2 1359900
2 1141857
2 1204074
2 1330155
2 1334862
2 1183059
2 1250649
2 1281429
2 1332495
2 1340757
2 1267533
2 1212021
2 1223568
2 1177326
2 1209276
2 1287954
2 1186632
2 1266327
2 1245348
2 1211337
2 1136790
2 1018818
2 1378656
2 1319589
2 1250433
2 1294785
2 1342908
2 1341999
2 1360989
2 1350954
2 1268226
2 1265355
2 1325412
2 1296333
2 1257201
2 1362519
2 1225260
2 1280745
2 1341684
2 1331199
2 1246131
2 1135440
2 1349208
2 1172340
2 1277883
2 1230462
2 1133082
2 1251621
2 1355625
2 1102383
2 1177263
2 1142082
2 1336680
2 1290294
2 1310805
2 1295559
2 1260243
2 1117395
2 1222263
2 1303164
2 1218681
2 1166787
2 1300725
2 1332369
2 1392498
2 1118493
2 1062450
2 1328661
2 1321974
2 1288323
2 1363167
2 1232478
2 1214703
2 1354680
2 1241820
2 1344870
2 1242711
2 1323045
2 1359243
2 1237185
2 1358775
2 1199232
2 1221957
2 1364589
2 1121274
2 1308069
2 1282248
2 1290051
2 1241820
2 1295910
2 1284975
2 1320975
2 1313280
2 1270341
2 1330686
2 1229886
2 1376298
2 1272780
2 1132821
2 1330839
2 1396476
2 1267866
2 1336716
2 1309419
2 1322793
2 1242099
2 1356966
2 1282158
2 1192023
2 1263627
2 1215882
2 1234107
2 1307673
2 1252098
2 1393938
2 1329444
2 1260612
2 1125198
2 1193364
2 1287540
2 1263708
2 1244277
2 1349136
2 1109826
2 1344024
2 1183797
2 1246446
2 1383534
2 1272942
2 1126170
2 1320876
2 1198899
2 1181925
2 1396269
2 1236447
2 1305054
2 1321200
2 1344006
2 1249299
2 1372743
2 1227384
2 1146258
2 1290798
2 1336068
2 1298772
2 1264356
2 1338255
2 1177164
2 1342998
2 1313730
2 1381923
2 1270773
2 1374129
2 1200798
2 1118655
2 1097991
2 1338723
2 1232901
2 1382526
2 1285119
2 1182204
2 1155465
2 1284048
2 1198062
2 1315872
2 1299060
2 1156077
2 1036485
2 1031751
2 1288782
2 1284480
2 1342602
2 1251576
2 1153350
2 1334331
2 1342179
2 1102302
2 1346184
2 1406007
2 1218501
2 1362015
2 1340847
2 1337409
2 1186677
2 1283139
2 1307835
2 1190529
2 1295244
2 1311849
2 1326483
2 1363662
2 1322199
2 1200528
2 1058148
2 1198458
2 1294749
2 1218852
2 1294488
2 1169478
2 1393866
2 1221669
2 1202904
2 1293084
2 1319625
2 1207134
2 1313568
2 1251414
2 1237302
2 1335204
2 1091151
2 1291149
2 1339191
2 1297953
2 1360809
2 1259973
2 1125927
2 1286712
2 1341531
2 1164582
2 1335789
2 1332540
2 1265922
2 1278828
2 1279152
2 1326051
2 1331532
2 1282752
2 1049463
2 1182861
2 1228626
2 1349973
2 1335951
2 1264266
2 1284939
2 1376136
2 1308411
2 1347147
2 1406853
2 1105596
2 1335690
2 1261665
2 1328994
2 1339128
2 1345869
2 1339263
2 1323252
2 1383336
2 1292481
2 1222272
2 1253745
2 1372464
2 1400922
2 1102869
2 1279836
2 1218096
2 1381788
2 1166319
2 1365147
2 1374606
2 1163259
2 1339992
2 1394955
2 1321254
2 1275642
2 1228473
2 1320597
2 1374849
2 1346229
2 1244169
2 1033497
2 1361385
2 1314909
2 1137420
2 1352340
2 1273338
2 1314036
2 1267047
2 1287099
2 1296567
2 1255257
2 1325088
2 1299906
2 1312632
2 1378215
2 1234881
2 1330794
2 1365939
2 1088451
2 1390338
2 1303614
2 1291626
2 1275660
2 1108827
2 1246779
2 1229121
2 1339002
2 1360449
2 1314639
2 1338084
2 1270980
2 1266498
2 1330893
2 1278648
2 1320705
2 1206126
2 1296189
2 1273887
2 1364859
2 1124928
2 1248210
2 1251288
2 1249929
2 1259343
2 1227573
2 1181160
2 1126746
2 1284354
2 1150245
2 1353960
2 1374543
2 1274013
2 1292463
2 1107459
2 1101798
2 1371447
2 1165770
2 1361070
2 1347345
2 1289664
2 1208466
2 1258524
2 1111365
2 1229814
2 1321119
2 1229040
2 1192374
2 1186038
2 1243503
2 1125792
2 1166940
2 1247751
2 1271619
2 1301067
2 1338237
2 1300131
2 1353879
2 1246266
2 1177785
2 1368612
2 1299006
2 1123173
2 1348146
2 1307583
2 1249731
2 1238202
2 1303317
2 1311714
2 1401732
2 1401795
2 1384272
2 1156635
2 1092780
2 1216566
2 1306836
2 1318905
2 1144836
2 1243827
2 1136277
2 1323540
2 1253979
2 1171944
2 1232856
2 1201239
2 1380375
2 1264158
2 1362987
2 1328697
2 1200546
2 1348065
2 1313199
2 1350063
2 1330938
2 1276137
2 1318752
2 1232955
2 1143018
2 1277415
2 1294929
2 1243080
2 1343871
2 1236771
2 1187577
2 1381599
2 1297971
2 1342224
2 1265202
2 1373553
2 1352898
2 1298394
2 1192365
2 1249173
2 1215261
2 1371753
2 1243935
2 1062936
2 1271682
2 1250469
2 1336518
2 1264860
2 1232676
2 1296216
2 1134945
2 1256121
2 1307763
2 1223532
2 1340190
2 1373337
2 1318248
2 1231209
2 1361367
2 1410660
2 1062135
2 1257003
2 1230993
2 1312128
2 1331424
2 1111239
2 1349082
2 1296198
2 1353573
2 1250190
2 1271025
2 1287153
2 1411452
2 1193643
2 1276353
2 1169505
2 1282806
2 1175391
2 1326159
2 1212597
2 1387026
2 1147473
2 1072440
2 1343169
2 1043613
2 1288476
2 1143342
2 1205505
2 1264941
2 1102140
2 1341441
2 1327878
2 1324152
2 1244655
2 1267533
2 1330209
2 1318455
2 1328166
2 1319913
2 1339182
2 1306440
2 974052
2 1254384
2 1329498
2 1336590
2 1081062
2 1251702
2 1318356
2 1311624
2 1179090
2 1255851
2 1226673
2 1262871
2 1054116
2 1250766
2 1356444
2 1386045
2 1296864
2 1164699
2 1312029
2 1319454
2 1275804
2 1250010
2 1341333
2 1394514
2 1151433
2 1011879
2 1245978
2 1361808
2 1274616
2 1398015
2 1332639
2 1339452
2 1097235
2 1252827
2 1197963
2 1140696
2 1372716
2 1268388
2 1291788
2 1219725
2 1220742
2 1276353
2 1304613
2 1304874
2 1170657
2 1325475
2 1304613
2 1184058
2 1362483
2 1119231
2 1229922
2 1378719
2 1268757
2 1270071
2 1062432
2 976788
2 1334952
2 1394163
2 1260513
2 1347768
2 1319652
2 1217574
2 1322973
2 1114200
2 1202625
2 1109457
2 1210338
2 1155771
2 1345842
2 1337697
2 1375668
2 1315305
2 1255167
2 1278243
2 1195101
2 1075212
2 1244052
2 1305090
2 1332558
2 1361691
2 1185993
2 1271052
2 1244799
2 1237086
2 1103796
2 1409229
2 1316826
2 1347651
2 1261314
2 1324377
2 1240857
2 1178199
2 991782
2 1272969
2 1331334
2 1221921
2 999846
2 1414413
2 1347408
2 1214460
2 1412145
2 1197441
2 1327761
2 1155681
2 1329822
2 1186065
2 1281141
2 1302183
2 1162836
2 1077165
2 1311300
2 1290645
2 1173294
2 1225557
2 1244466
2 1273626
2 1400175
2 1325196
2 1241181
2 1315440
2 1276587
2 1248642
2 1349037
2 1249461
2 1322442
2 1284723
2 1287189
2 1254123
2 1373310
2 1204128
2 1331577
2 1332522
2 1317429
2 1264239
2 1242135
2 1347480
2 1150119
2 1293192
2 1336446
2 1355733
2 1339902
2 1250172
2 1121688
2 1284921
2 1374984
2 1166724
2 1302111
2 1264266
2 1221588
2 1301400
2 1309752
2 1377594
2 1047861
2 1314549
2 1366056
2 1203903
2 1287423
2 1282284
2 1286298
2 1062486
2 1175940
2 1256418
2 1116756
2 1236492
2 1333989
2 1146249
2 1203903
2 1267938
2 1251549
2 1356921
2 1215819
2 1247958
2 1275642
2 1313442
2 1152918
2 1309428
2 1126224
2 1063530
2 1312461
2 1251900
2 1284255
2 1264896
2 1311525
2 1335474
2 1345266
2 1360791
2 1252890
2 1346463
2 1358307
2 1319814
2 1114173
2 1362339
2 1391841
2 1383471
2 1280448
2 1129752
2 1322244
2 1375029
2 1228707
2 1150344
2 1283400
2 1222902
2 1295028
2 1274589
2 1248462
2 1120887
2 1225854
2 1311507
2 1163484
2 1213623
2 1236555
2 1254762
2 1315971
2 1322658
2 1216980
2 1208457
2 1357245
2 1274850
2 1354842
2 1337886
2 1322064
2 1272258
2 1294146
2 1158309
2 1342548
2 1112148
2 1239264
2 1303911
2 1303083
2 1315998
2 1276758
2 1172331
2 1268586
2 1333368
2 1341234
2 1300014
2 1379250
2 1145052
2 1365021
2 1385613
2 1228716
2 1138563
2 1286406
2 1350639
2 1234062
2 1305405
2 1266507
2 1163070
2 1316511
2 1296954
2 1191663
2 1405854
2 1356300
2 1077858
2 1320633
2 1290852
2 1102563
2 1125882
2 1295406
2 1059183
2 1281366
2 1243728
2 1367478
2 1395027
2 1335519
2 1365750
2 1357407
2 1245420
2 1179342
2 1342584
2 1276047
2 1309176
2 1348938
2 1330083
2 1058085
2 1241730
2 1320435
2 1322712
2 1348038
2 1405089
2 1322730
2 1324350
2 1292904
2 1365426
2 1208241
2 1053333
2 1284255
2 1327356
2 1274409
2 1293588
2 1268802
2 1200573
2 1332567
2 1340649
2 1318122
2 1269954
2 1262520
2 1300320
2 1333296
2 1325889
2 1226052
2 1286856
2 1249857
2 1114722
2 1328373
2 1263483
2 1241748
2 1173456
2 1215072
2 1108359
2 1322550
2 1274481
2 1369053
2 1301148
2 1179135
2 1253313
2 1194318
2 1297242
2 1210617
2 1312290
2 1375677
2 1257813
2 1059336
2 1352772
2 1268874
2 1299348
2 1067904
2 1364877
2 1283013
2 1352799
2 1244133
2 1271727
2 1082070
2 1321470
2 1319031
2 1243827
2 1104768
2 1379529
2 1396206
2 1298583
2 1168047
2 1247364
2 1175256
2 1255716
2 1194363
2 1334997
2 1051164
2 1188306
2 1166427
2 1228968
2 1317006
2 1397664
2 1374930
2 1028646
2 1147914
2 1217196
2 1302363
2 1308942
2 1074348
2 1001637
2 1373706
2 1213866
2 1371897
2 1386639
2 1290753
2 1246374
2 1198782
2 973008
2 1123596
2 1286991
2 1346931
2 1298799
2 1250073
2 1188243
2 1332315
2 1321146
2 1256418
2 1299663
2 1332045
2 1191204
2 1391724
2 1302786
2 1356453
2 1407042
2 1351134
2 1215612
2 1289628
2 1262943
2 1132713
2 1404009
2 1265553
2 1060272
2 1267398
2 1339209
2 1369323
2 1127394
2 1213047
2 1397520
2 1216233
2 1263258
2 1404414
2 1271097
2 1285731
2 1140372
2 1357623
2 1365930
2 1318842
2 1128195
2 1391031
2 1328157
2 1305441
2 1232388
2 1123281
2 1202067
2 1270494
2 1168623
2 1406430
2 1295028
2 1332810
2 1331910
2 1221939
2 1313667
2 1131462
2 1195884
2 1332882
2 1289682
2 1367424
2 1350423
2 1346445
2 1185480
2 1216593
2 1304739
2 1312038
2 1255041
2 1351863
2 1325673
2 1334052
2 1326339
2 1284858
2 1295316
2 1216584
2 1367298
2 1336707
2 1251891
2 1257363
2 1224036
2 1245951
2 1382076
2 1112895
2 1200906
2 1242738
2 1212030
2 1349208
2 1275264
2 1153989
2 1307439
2 1237788
2 1218573
2 1216449
2 1066923
2 1284543
2 1271763
2 1382616
2 1170063
2 1359936
2 1154898
2 1241469
2 1327887
2 1326753
2 1321713
2 1380285
2 1166751
2 1283418
2 1290240
2 1190061
2 1295298
2 1267767
2 1236231
2 1105974
2 1331154
2 1329606
2 1242594
2 1180377
2 1123866
2 1309878
2 1219833
2 1115784
2 1335519
2 1359333
2 1264032
2 1290582
2 1316070
2 1284885
2 1276659
2 1190448
2 1365957
2 1324935
2 1360224
2 1245303
2 1132848
2 1263861
2 1305360
2 1273059
2 1271574
2 1289484
2 1184292
2 1122471
2 1223244
2 1093554
2 1239552
2 1236321
2 1352169
2 1282374
2 1345437
2 1254708
2 1228977
2 1107576
2 944091
2 1250253
2 1339650
2 1115019
2 1352160
2 1280610
2 1340694
2 1331127
2 1310166
2 1322424
2 1211841
2 1367613
2 1388142
2 1326510
2 1080585
2 1371438
2 1094310
2 1306377
2 1367829
2 1106550
2 1398042
2 1312632
2 1207314
2 1080072
2 1226196
2 1313208
2 1168227
2 1375191
2 1411443
2 1182330
2 1215873
2 1336887
2 1141416
2 1276407
2 1369170
2 1222128
2 1292967
2 1068930
2 1328202
2 1234998
2 1271637
2 1294128
2 1294389
2 1390509
2 1171197
2 1250334
2 1126602
2 1270584
2 1335501
2 1400931
2 1319076
2 1333260
2 1256931
2 1235349
2 1309914
2 1297953
2 1376379
2 1246005
2 1259613
2 1288368
2 1236042
2 1137249
2 1362420
2 1205037
2 1312668
2 1168659
2 1390221
2 1165869
2 1164609
2 1349127
2 1305531
2 1363473
2 1372815
2 1067076
2 1076265
2 1373391
2 1391094
2 1221768
2 1344006
2 1217250
2 1292715
2 1227834
2 1324233
2 1290339
2 1348497
2 1262340
2 1198377
2 1307655
2 1278936
2 1151946
2 1379385
2 1294632
2 1158498
2 1275507
2 1402416
2 1189440
2 1295397
2 1282374
2 1171107
2 1346796
2 1229202
2 1185075
2 1341567
2 1339353
2 1353609
2 1397925
2 1340487
2 1188630
2 1318869
2 1242072
2 1366110
2 1075761
2 1245699
2 1191879
2 1296684
2 1334349
2 1229211
2 1330281
2 1272087
2 1155339
2 1155663
2 1259091
2 1008792
2 1267128
2 1354320
2 1169307
2 1392201
2 1312920
2 1310553
2 1283841
2 1355553
2 1364643
2 1377792
2 1313577
2 1308996
2 1283256
2 1201086
2 1318761
2 1285362
2 1317078
2 1351494
2 1276524
2 1242909
2 1219050
2 1284768
2 1300167
2 1368819
2 1096812
2 1186515
2 1300878
2 1252305
2 1246149
2 1333953
2 1225287
2 1308951
2 1275075
2 1120545
2 1298160
2 1288035
2 1282869
2 1344960
2 1392930
2 1343691
2 1400157
2 1272924
2 1267965
2 1195479
2 1388169
2 1328733
2 1223406
2 1320489
2 1375245
2 1171017
2 1282968
2 1311705
2 1118538
2 1301625
2 1206261
2 1119528
2 1273329
2 1083600
2 1225998
2 1261206
2 1351062
2 1307439
2 1376325
2 1379223
2 1301715
2 1172754
2 1124847
2 1265229
2 1290258
2 1342539
2 1275147
2 1322838
2 1263897
2 1298835
2 1087137
2 1226394
2 1188693
2 1240488
2 1251666
2 1271331
2 1291761
2 1270071
2 1272411
2 1243305
2 1367820
2 1293984
2 1249884
2 1190763
2 1224720
2 1351044
2 1081629
2 1381779
2 1283526
2 1266300
2 1378314
2 1325979
2 1082016
2 1400715
2 1266309
2 1402362
2 1381608
2 1286892
2 1348740
2 1159686
2 1374237
2 1308762
2 1360476
2 1288863
2 1385442
2 1280754
2 1356831
2 1291671
2 1295793
2 1387431
2 1340127
2 1224837
2 1129194
2 1142811
2 1251783
2 1131876
2 1199646
2 1359918
2 1160388
2 1320399
2 1355643
2 1277415
2 1377342
2 1310337
2 1256481
2 1332252
2 1371825
2 1185057
2 1353627
2 1262349
2 1208520
2 1218366
2 1367811
2 1352376
2 1196226
2 1294002
2 1399167
2 1365282
2 1315548
2 1226547
2 1376640
2 1222164
2 1352808
2 1108845
2 1314369
2 1222812
2 1367118
2 1405494
2 1175049
2 1380078
2 1347426
2 1335969
2 1326357
2 1361043
2 1258704
2 1176327
2 1348083
2 1305261
2 1244241
2 1335042
2 1240074
2 1262709
2 1414404
2 1310202
2 1382598
2 1114470
2 1293642
2 1347237
2 1314567
2 1147176
2 1323207
2 1378926
2 1287261
2 1286757
2 1414971
2 1298394
2 1306656
2 1335330
2 1304955
2 1264239
2 1381869
2 1325970
2 1138977
2 1246275
2 1314441
2 1064601
2 1205982
2 1339641
2 1304982
2 1279098
2 1305720
2 1150983
2 985626
2 1247805
2 1277766
2 1158786
2 1360350
2 1333548
2 1237752
2 1227294
2 1332441
2 1389240
2 1248426
2 1279575
2 1327068
2 1349874
2 1307115
2 1267659
2 1249047
2 1377567
2 1090125
2 1185291
2 1271592
2 1385199
2 1365642
2 1317654
2 1256661
2 1262979
2 1248741
2 1180080
2 1141335
2 1322712
2 1348461
2 1153305
2 1218879
2 1186695
2 1297035
2 1304595
2 1251333
2 1321371
2 1188567
2 1407510
2 1262223
2 1238652
2 1053639
2 1325592
2 1271349
2 1280088
2 1050876
2 1351305
2 1397016
2 1307286
2 1290186
2 1329048
2 1277073
2 1309320
2 1335996
2 1201023
2 1188198
2 1352988
2 1201257
2 1186515
2 1090089
2 1331892
2 1343466
2 1238769
2 1226520
2 1213749
2 1076157
2 1284399
2 1311183
2 1184058
2 1278009
2 1195164
2 1156185
2 1262412
2 1312893
2 1228482
2 1346994
2 1362006
2 1202670
2 1344366
2 1290006
2 1301193
2 1341387
2 1269369
2 1273104
2 1308798
2 1295613
2 1348056
2 1381419
2 1304541
2 1194174
2 1349658
2 1268253
2 1408455
2 1252683
2 1395531
2 1268118
2 1254798
2 1326042
2 1147311
2 1211967
2 1337292
2 1382166
2 1255680
2 1358451
2 1330146
2 1380051
2 1203714
2 1157733
2 1314846
2 1220733
2 1245258
2 1214901
2 1154934
2 1219716
2 1275624
2 1338363
2 1197027
2 1328859
2 1380690
2 1295874
2 1254888
2 1272888
2 1300599
2 1079865
2 1243872
2 1366290
2 1276506
2 1222488
2 1076535
2 1289988
2 1218969
2 1227159
2 1231893
2 1157868
2 1119429
2 1294353
2 1248624
2 1278936
2 1044477
2 1263186
2 1043991
2 1288044
2 1135098
2 1390104
2 1318131
2 1357713
2 1237212
2 1381581
2 1270269
2 1093446
2 1165059
2 1177254
2 1275426
2 1315548
2 1374093
2 1179315
2 1300968
2 1230228
2 1390473
2 1136583
2 1187883
2 1334097
2 1273518
2 1350693
2 1274589
2 1167732
2 1370205
2 1371825
2 1205748
2 1123983
2 1286136
2 1406610
2 1133532
2 1355238
2 1182672
2 1166913
2 1274301
2 1321974
2 1256940
2 1270593
2 1260891
2 1340820
2 1359198
2 1273914
2 1390194
2 1205316
2 1287675
2 1263852
2 1275651
2 1261134
2 1396467
2 1112760
2 1228590
2 1279368
2 1272969
2 1281303
2 1386171
2 1369332
2 1263042
2 1234818
2 1175697
2 1260945
2 1221453
2 1233963
2 1229562
2 1224657
2 1210572
2 1382013
2 1342575
2 1376136
2 1317582
2 1345113
2 1259334
2 1181232
2 1310859
2 1286361
2 1375938
2 1361592
2 1345653
2 1241703
2 1228986
2 1317555
2 1192113
2 1264527
2 1181079
2 1309374
2 1269666
2 1316556
2 1304730
2 1286415
2 1389123
2 1193364
2 1183104
2 1322379
2 1236555
2 1263672
2 1221372
2 1389114
2 1331109
2 1017648
2 1318617
2 1175211
2 1340316
2 1340604
2 1272033
2 1329237
2 1192365
2 1376658
2 1320093
2 1263204
2 1293039
2 1372743
2 1381977
2 1303335
2 1228320
2 1009737
2 1306404
2 1204326
2 1305270
2 1242180
2 1304901
2 1101231
2 1394244
2 1295631
2 1327923
2 1363968
2 1320471
2 1339605
2 1324071
2 1273671
2 1353672
2 1401561
2 1377144
2 1352088
2 1292715
2 1257255
2 1143315
2 1283373
2 1208106
2 1243107
2 1120887
2 1064700
2 1299015
2 1150668
2 1341396
2 1332648
2 1296558
2 1244016
2 1395828
2 1129941
2 1233468
2 1346706
2 1301724
2 1361187
2 1384650
2 1322109
2 1122498
2 1108161
2 1344150
2 1246050
2 1340127
2 998091
2 1259541
2 1240227
2 1117782
2 1238751
2 1329300
2 1216845
2 1155609
2 1217880
2 1358442
2 1302867
2 1159308
2 1062909
2 1282527
2 1386531
2 1305495
2 1139913
2 1272006
2 1218843
2 1232919
2 1299960
2 1357281
2 1401444
2 1059471
2 1235556
2 1323828
2 1188027
2 1241001
2 1239876
2 1144161
2 1331370
2 1054314
2 1340595
2 1258488
2 1153251
2 1219887
2 1200114
2 1266210
2 1308420
2 1238346
2 1276371
2 1318581
2 1253484
2 1365867
2 1185921
2 1396242
2 1268154
2 1043496
2 1105929
2 1207305
2 1241136
2 1365021
2 1328895
2 1337166
2 1360710
2 1341630
2 1274472
2 1250640
2 1366560
2 1309131
2 1389033
2 1288719
2 1082124
2 1298934
2 1219761
2 1143054
2 1122318
2 1361223
2 1359234
2 1176867
2 1372986
2 993150
2 1299429
2 1340316
2 1280259
2 1202913
2 1147257
2 1320084
2 1370070
2 1317105
2 1323594
2 1299411
2 1252548
2 1286991
2 1314144
2 1224810
2 1322649
2 1352394
2 1109736
2 1406799
2 1274994
2 1288539
2 1241262
2 1382913
2 1100781
2 1293543
2 1333062
2 1279413
2 1167624
2 1223991
2 1184832
2 1277388
2 1274202
2 1248714
2 1292697
2 1163439
2 1267263
2 1371186
2 1151478
2 1179648
2 1251909
2 1397961
2 1375488
2 1246383
2 1265112
2 1259028
2 1370142
2 1297143
2 1347597
2 1280097
2 1311633
2 1214784
2 1361421
2 1294614
2 1242243
2 1265229
2 1128159
2 1116486
2 1329921
2 1274868
2 1326771
2 1303263
2 1340919
2 1247958
2 1348794
2 1264599
2 1242828
2 1282842
2 1263843
2 1260954
2 1221642
2 1265625
2 1317861
2 1398141
2 1251531
2 1258650
2 1294218
2 1395000
2 1305648
2 1305630
2 1176246
2 1176273
2 1252899
2 1242963
2 1229301
2 1078308
2 1203894
2 1335870
2 1319760
2 1385244
2 1246266
2 1311525
2 1299888
2 1279161
2 1064088
2 1152432
2 1287297
2 1158246
2 1289754
2 1125891
2 1045179
2 1318302
2 1190007
2 1270224
2 1234764
2 1395036
2 1251873
2 1271709
2 1303488
2 1251387
2 1379844
2 1302723
2 1250307
2 1382256
2 1373976
2 1278594
2 1113453
2 1209303
2 1340037
2 1240767
2 1361430
2 1187946
2 1331298
2 1366992
2 1281924
2 1218204
2 1336122
2 1218456
2 1349217
2 1132605
2 1397304
2 1273383
2 1287369
2 1297827
2 1258407
2 1306278
2 1100727
2 1245978
2 1270107
2 1092186
2 1252764
2 1342800
2 1367397
2 1327626
2 1316385
2 1398330
2 1331766
2 1279143
2 1360251
2 1289133
2 1136610
2 1123668
2 1367019
2 1152414
2 1333404
2 1121013
2 1086651
2 1246149
2 1157760
2 1207656
2 1185642
2 1275480
2 1259262
2 1349388
2 1359738
2 1156932
2 1362708
2 1296288
2 1221300
2 1262547
2 1203165
2 1375965
2 1193319
2 1223118
2 1339470
2 1311021
2 1043739
2 1312011
2 1243107
2 1263510
2 1256373
2 1026054
2 1245933
2 1227996
2 1242522
2 1139526
2 1282842
2 1211625
2 1352907
2 1285731
2 1220913
2 1266822
2 1375632
2 1215189
2 1281402
2 1257318
2 1396071
2 1129779
2 1284948
2 1361601
2 1306782
2 1357263
2 1392318
2 1345437
2 1243845
2 1192005
2 1072332
2 1349298
2 1307349
2 1294713
2 1300608
2 1117854
2 1371123
2 1291374
2 1358613
2 1147941
2 1298223
2 1158111
2 1397862
2 1289583
2 1142037
2 1364868
2 1185030
2 1287594
2 1231335
2 1295109
2 1259919
2 1193535
2 1197342
2 1227879
2 1300878
2 1220544
2 1258893
2 1324611
2 1211859
2 1202508
2 1177281
2 1124343
2 1305900
2 1336770
2 1157211
2 1327707
2 1109421
2 1240308
2 1411416
2 1213956
2 1320885
2 1372122
2 1231011
2 1347129
2 1177866
2 1192077
2 1262655
2 1308546
2 1103688
2 1347543
2 1247931
2 1300590
2 1162629
2 1079424
2 1359225
2 1229562
2 1308996
2 1303524
2 1293399
2 1353330
2 1389222
2 1235160
2 1097775
2 1259433
2 1111401
2 1271538
2 1243044
2 1364085
2 1253232
2 1166085
2 1354743
2 1301346
2 1342008
2 1330488
2 1344402
2 1225539
2 1301706
2 1350036
2 1302957
2 1274382
2 1247832
2 1397556
2 1175049
2 1345419
2 1337724
2 1288278
2 1348479
2 1329786
2 1316322
2 1314117
2 1280889
2 1346031
2 1199475
2 1262061
2 1255698
2 1171620
2 1188468
2 1354239
2 1294533
2 1197747
2 1226979
2 1264572
2 1241622
2 1239165
2 1222218
2 1378404
2 1098351
2 1355724
2 1047699
2 1210275
2 1106550
2 1404369
2 1284570
2 1118583
2 1249335
2 1211967
2 1203939
2 1174779
2 1297593
2 1181097
2 1201671
2 1241325
2 1277307
2 1098675
2 1316484
2 1189062
2 1221714
2 1098567
2 1332846
2 1394640
2 1268820
2 1337706
2 1353906
2 1125648
2 1186551
2 1181178
2 1295676
2 1328958
2 1168335
2 1120536
2 1388484
2 1159560
2 1265166
2 1366182
2 1139265
2 1241334
2 1311876
2 1201923
2 1186722
2 1267209
2 1342539
2 1319202
2 1220337
2 1240839
2 1133451
2 1386783
2 1240353
2 1286775
2 1321407
2 1327176
2 1165203
2 1302093
2 1319823
2 1321452
2 1231209
2 1188810
2 1245843
2 1150767
2 1160676
2 1346607
2 1128510
2 1352484
2 1381383
2 1260621
2 1348821
2 1368297
2 1321875
2 1285866
2 1299816
2 1356579
2 1248219
2 1271763
2 1118691
2 1358856
2 1257291
2 1192113
2 1151649
2 1299924
2 1237977
2 1097811
2 1281915
2 1370934
2 1224486
2 1264968
2 1302777
2 1279296
2 1278009
2 1351962
2 1233342
2 1333935
2 1376370
2 1292967
2 1256877
2 1224729
2 1237257
2 1140831
2 1318923
2 1208475
2 1323315
2 1330605
2 1250163
2 1216530
2 1209123
2 1352772
2 1352745
2 1352493
2 1224072
2 1367217
2 1274868
2 1373499
2 1362969
2 1234944
2 1342404
2 1200879
2 1208142
2 1327014
2 1364949
2 1248048
2 1307871
2 1373553
2 1080477
2 1341261
2 1260567
2 1248876
2 1289430
2 1169217
2 1303992
2 1345473
2 1127232
2 1219581
2 1212534
2 1333935
2 1193733
2 1074573
2 1284354
2 1143720
2 1344753
2 1339569
2 1166130
2 1322145
2 1220301
2 1240020
2 1122102
2 1265472
2 1179666
2 1187604
2 1272744
2 1337769
2 1013139
2 1255059
2 1243512
2 1348200
2 1154529
2 1360890
2 1363617
2 1405476
2 1382589
2 1249569
2 1153638
2 1353429
2 1395072
2 1213011
2 1267308
2 1129257
2 1289052
2 1200771
2 1304280
2 1300149
2 1362546
2 1302345
2 1346751
2 1260486
2 1387260
2 1207485
2 1190592
2 1241199
2 1315503
2 1299204
2 1390158
2 1165662
2 1300986
2 1271574
2 1220904
2 1282419
2 1229832
2 1298448
2 1286523
2 1106028
2 1324134
2 1337616
2 1259127
2 1360242
2 1080702
2 1401786
2 1289583
2 1388781
2 1033227
2 1326456
2 1366866
2 1351269
2 1264788
2 1251540
2 1224117
2 1302705
2 1352700
2 1373724
2 1204317
2 1149579
2 1263969
2 1302129
2 1372491
2 1279611
2 1167111
2 1094283
2 1172682
2 1159749
2 1254915
2 1398447
2 1344888
2 1403028
2 1214361
2 1354788
2 1023552
2 1334241
2 1269243
2 1307997
2 1165707
2 1274688
2 1168083
2 1138149
2 1298961
2 1255572
2 1287693
2 1314180
2 1399626
2 1178811
2 1199133
2 1245096
2 1329453
2 1305846
2 1381689
2 1347237
2 1344861
2 1372914
2 1272258
2 1284453
2 1340055
2 1235601
2 1229976
2 1326177
2 1381635
2 1169874
2 1095885
2 1298691
2 1132560
2 1044693
2 1304316
2 1398996
2 1273815
2 1123065
2 1292958
2 1363608
2 1337130
2 1298637
2 1276110
2 1150533
2 1400913
2 1358487
2 1237347
2 1323882
2 1055250
2 978795
2 1242027
2 1386972
2 1194831
2 1018935
2 1368792
2 1239282
2 1234305
2 1276380
2 1354437
2 1077948
2 1377882
2 1307394
2 1391940
2 1361916
2 1362330
2 1365048
2 1130976
2 1326663
2 1317645
2 1259361
2 1321767
2 1365426
2 1257642
2 1292958
2 1223298
2 1057104
2 1103985
2 1090899
2 1310121
2 1229184
2 1324953
2 998334
2 1203408
2 1306143
2 1327572
2 1274445
2 1230147
2 1286388
2 1143738
2 1324818
2 1269108
2 1331316
2 1201032
2 1256976
2 1277496
2 1193418
2 1346832
2 1403766
2 1060011
2 1275129
2 1302120
2 1195128
2 1311039
2 1251513
2 1239012
2 1322424
2 1304352
2 1273059
2 1296909
2 1299168
2 1233594
2 1391472
2 1355706
2 1337490
2 1134009
2 1347129
2 1253313
2 1327653
2 1304280
2 1323090
2 1247508
2 1266084
2 1294092
2 1253241
2 1210761
2 1256148
2 1281951
2 1305180
2 1394964
2 1099953
2 1200312
2 1335690
2 1056447
2 1383012
2 1189881
2 1266696
2 1349712
2 1341819
2 1276659
2 1291635
2 1247256
2 1084572
2 1400436
2 1260648
2 1314162
2 1390491
2 1252494
2 1125387
2 1310823
2 1346742
2 1333494
2 1037718
2 1250568
2 1379484
2 1307601
2 1343043
2 1226313
2 1119006
2 1184868
2 1349802
2 1243593
2 1298277
2 1298610
2 1334079
2 1168794
2 1163079
2 1351386
2 1275894
2 1375569
2 1198899
2 1336869
2 1303353
2 1320291
2 1178037
2 1114668
2 1335420
2 1353915
2 1326636
2 1395207
2 1253520
2 1273617
2 1352250
2 1393677
2 1213137
2 1225998
2 1303686
2 1320093
2 1414773
2 1317672
2 1198971
2 1261053
2 1266255
2 1353645
2 1190475
2 1343637
2 1247814
2 1210671
2 1228941
2 1340136
2 1212804
2 1260873
2 1271142
2 1103616
2 1410111
2 1350414
2 1196604
2 1374426
2 1292130
2 1289682
2 1059615
2 1256715
2 1240128
2 1241586
2 1228149
2 1238643
2 1298727
2 1267551
2 1293444
2 1166328
2 1256193
2 1177497
2 1381311
2 1269387
2 1309599
2 1255365
2 1199673
2 1244619
2 1193049
2 1306710
2 1229211
2 1249740
2 1184769
2 1271133
2 1160289
2 1278864
2 1331064
2 1122354
2 1273923
2 1268217
2 1292346
2 1373175
2 1182933
2 1357308
2 1254951
2 1271223
2 1298088
2 1131219
2 1101447
2 1384866
2 1389348
2 1357290
2 1153143
2 1257057
2 1287396
2 1198152
2 1347399
2 1241523
2 1164456
2 1378521
2 1218375
2 1209204
2 1303110
2 1101564
2 1362231
2 1149111
2 1228239
2 1183131
2 1272024
2 1332090
2 1183239
2 1415268
2 1332108
2 1178343
2 1056537
2 1313613
2 1309698
2 1382418
2 1256580
2 1348029
2 1208214
2 1408653
2 1256958
2 1357227
2 1148013
2 1227564
2 1245582
2 1040130
2 1331415
2 1284723
2 1268028
2 1107333
2 1334529
2 1389123
2 1213722
2 1382373
2 1330056
2 1280052
2 1115487
2 1366488
2 1258218
2 1347822
2 1327995
2 1167966
2 1373616
2 1142937
2 1227465
2 1146213
2 1222911
2 1396980
2 1275300
2 1315017
2 996183
2 1259919
2 1317123
2 1291626
2 1148247
2 1395198
2 1281051
2 1319193
2 1277676
2 1216314
2 1244610
2 1377837
2 1195605
2 1255635
2 1389033
2 1143153
2 1335492
2 1269729
2 1178622
2 1127799
2 1160730
2 1372932
2 1289943
2 1232496
2 1246302
2 1246689
2 1142235
2 1176057
2 1350297
2 1302075
2 1236798
2 1160685
2 1336617
2 1327275
2 1365030
2 1194462
2 1245618
2 1221984
2 1366956
2 1218348
2 1270350
2 1413117
2 1320102
2 1347939
2 1353546
2 1344195
2 1313991
2 1315269
2 1231029
2 1326267
2 1190628
2 1204902
2 1268163
2 1111887
2 1025010
2 1190466
2 1102401
2 1375578
2 1258101
2 1245249
2 1128924
2 1363446
2 1370286
2 1401759
2 1189080
2 1325520
2 1257642
2 1052910
2 1147293
2 1223190
2 1389762
2 1282914
2 1033326
2 1111473
2 1340847
2 1324926
2 1341252
2 1201149
2 1254303
2 1242963
2 1240335
2 1201995
2 1153872
2 1373076
2 1214901
2 1298799
2 1262988
2 1343700
2 1366200
2 1296702
2 1044423
2 1235205
2 1231164
2 1334421
2 1260099
2 1285317
2 1403001
2 1368765
2 1324971
2 1098738
2 1295532
2 1414629
2 1330947
2 1149390
2 1364679
2 1204479
2 1147509
2 1160109
2 1336770
2 1242378
2 1322550
2 1366911
2 1388286
2 1265481
2 1310742
2 1260549
2 1305099
2 1361997
2 1347237
2 1195110
2 1213956
2 1207224
2 1147950
2 1204308
2 1297449
2 1230732
2 1086120
2 1238094
2 1195740
2 1333683
2 1359486
2 1319895
2 1197261
2 1326474
2 1310193
2 1213074
2 1202490
2 1259829
2 1234008
2 1347696
2 1042155
2 1350675
2 1202832
2 1313721
2 1206018
2 1222794
2 1269927
2 1226007
2 1349460
2 1099422
2 1334655
2 1352196
2 1194606
2 1136673
2 1328814
2 1369395
2 1335006
2 1301904
2 1155321
2 1270422
2 1267335
2 1123641
2 1366344
2 1199961
2 1201932
2 1346778
2 1276821
2 1300545
2 1295685
2 1275021
2 1196559
2 1356057
2 1338345
2 1328535
2 1283679
2 1228491
2 1307853
2 1145817
2 1154169
2 1370565
2 1222740
2 1259334
2 1340649
2 1216251
2 1229895
2 1338264
2 1272771
2 1294722
2 1199610
2 1344744
2 1287954
2 1223307
2 1285317
2 1260108
2 1177569
2 1346121
2 1370169
2 1366695
2 1232064
2 1216638
2 1345824
2 1070469
2 1104111
2 1379340
2 1266570
2 1076913
2 1088919
2 1386801
2 1260819
2 1034217
2 1075446
2 1248543
2 1170081
2 1342512
2 1199286
2 1374399
2 1236861
2 1151100
2 1256391
2 1114515
2 1083276
2 1410363
2 1249767
2 1349703
2 1288296
2 1274661
2 1137258
2 1259613
2 1285371
2 1259028
2 1070811
2 1257705
2 1193166
2 1262592
2 1216260
2 1281600
2 1312992
2 1363986
2 1351179
2 1237599
2 1120023
2 1237527
2 1268631
2 1222272
2 1284471
2 1149318
2 1246338
2 1260675
2 1303983
2 1234314
2 1281771
2 1379214
2 1287027
2 1184562
2 1310886
2 1187991
2 1148598
2 1058985
2 1398051
2 1269045
2 1336293
2 1275237
2 1278225
2 1298349
2 1071585
2 1272960
2 1292382
2 1111689
2 1073448
2 1276776
2 1048230
2 1299654
2 1275930
2 1369728
2 1237122
2 1322307
2 1087578
2 1299789
2 1297377
2 1080981
2 1150902
2 1286748
2 1394181
2 1242189
2 1256193
2 1302885
2 1168542
2 1310823
2 1270530
2 1281042
2 1289376
2 1293741
2 1309041
2 1307763
2 1093905
2 1229715
2 1243629
2 1250100
2 1176660
2 1371249
2 1366362
2 1148436
2 1294776
2 1350369
2 1271322
2 1098288
2 1281312
2 1390239
2 1175103
2 1336968
2 1274913
2 1030221
2 1227429
2 1326717
2 1199529
2 1240344
2 1176966
2 1283832
2 1044720
2 1276452
2 1274391
2 1398978
2 1235835
2 1242990
2 1186056
2 1295190
2 1409481
2 1341612
2 1347120
2 1260459
2 1019007
2 1293993
2 1338966
2 1256661
2 1274391
2 1222101
2 1394271
2 1212453
2 1278990
2 1378305
2 1248624
2 1346580
2 1266624
2 1214379
2 1359252
2 1314900
2 1291545
2 1223829
2 1329876
2 1335150
2 1333206
2 1360035
2 1393245
2 1280232
2 1028907
2 1304685
2 1331910
2 1171728
2 1316664
2 1394595
2 1133208
2 1281195
2 1280529
2 1363410
2 1100439
2 1213245
2 1208871
2 1214892
2 1411317
2 1296477
2 1253106
2 1170261
2 1344177
2 1324692
2 1322415
2 1279854
2 1302633
2 1341189
2 1351647
2 1223640
2 1328265
2 1284903
2 1376757
2 1360224
2 1288926
2 1360602
2 1253106
2 1278081
2 1231362
2 1186425
2 1289583
2 1268514
2 1174311
2 1013157
2 1136016
2 1256337
2 1230471
2 1287036
2 1289151
2 1281960
2 1150794
2 1289610
2 1224486
2 1130229
2 1280475
2 1209420
2 1289871
2 1239408
2 1200771
2 1308555
2 1131912
2 1181655
2 1308438
2 1320183
2 1195182
2 1095966
2 1261980
2 1269990
2 1311372
2 1192500
2 1314918
2 1319418
2 1330002
2 1354041
2 1231317
2 1281843
2 1233972
2 1237302
2 1037457
2 1258335
2 1331721
2 1396089
2 1347579
2 1335069
2 1277739
2 1288080
2 1269504
2 1324809
2 1271142
2 1322856
2 1385865
2 1209870
2 1176048
2 1272321
2 1256850
2 1256733
2 1096074
2 1264698
2 1230822
2 1249407
2 1330866
2 1306764
2 1335645
2 1386387
2 1401120
2 1186821
2 1250019
2 1290501
2 1284948
2 1328265
2 1352790
2 1334718
2 1256976
2 1242774
2 1340352
2 1319400
2 1306683
2 1268460
2 1332567
2 1312110
2 1280592
2 1275525
2 1221165
2 1356642
2 1350333
2 1308888
2 1324125
2 1273050
2 1324179
2 1327248
2 1203012
2 1297575
2 1178766
2 1362060
2 1373949
2 1199142
2 1255428
2 1333116
2 1365372
2 1333116
2 1252440
2 1146951
2 1294578
2 1369683
2 1262916
2 1325187
2 1250595
2 1305693
2 1054080
2 1333998
2 1266921
2 1330353
2 1326411
2 1311237
2 1159983
2 1217664
2 1279467
2 1353645
2 1232460
2 1262556
2 1348407
2 1188828
2 1034226
2 1306296
2 1299375
2 1266192
2 1280160
2 1140219
2 1293624
2 1083150
2 1272105
2 1364157
2 1212039
2 1349550
2 1188918
2 1292895
2 1347705
2 1194129
2 1306584
2 1247976
2 1089954
2 1248867
2 1312524
2 1332891
2 1220427
2 1339992
2 1308249
2 1266480
2 1310841
2 1179783
2 1285281
2 1398672
2 1278675
2 1248102
2 1374867
2 1121517
2 1227213
2 1220229
2 1296495
2 1338831
2 1076346
2 1327536
2 1238967
2 1200969
2 1347507
2 1285893
2 1255401
2 1279458
2 1327158
2 1210248
2 1265139
2 1294740
2 1244367
2 1382850
2 1188738
2 1371231
2 1112895
2 1302327
2 1318320
2 1267164
2 1189998
2 1319706
2 1178676
2 1271007
2 1085373
2 1300518
2 1227996
2 1364076
2 1276227
2 1291275
2 1352916
2 1100727
2 1345248
2 1213803
2 1384200
2 1281393
2 1183338
2 1283994
2 1114299
2 1308636
2 1346382
2 994500
2 1307394
2 1280556
2 1283112
2 1311498
2 1326249
2 1278711
2 1171350
2 1382733
2 1211013
2 1342035
2 1278720
2 1334754
2 1239579
2 1160208
2 1259298
2 1365336
2 1328589
2 1270962
2 1173006
2 1389294
2 1396206
2 1158489
2 1348686
2 1408545
2 1269360
2 1287639
2 1087830
2 1299627
2 1128231
2 1289988
2 1177326
2 1355301
2 1250028
2 1109628
2 1381977
2 1347804
2 1345410
2 1268604
2 1313838
2 1358397
2 1243224
2 1202148
2 1223190
2 1319634
2 1268550
2 1264077
2 1276110
2 1173852
2 1327401
2 1368747
2 1260099
2 1325250
2 1281213
2 1270557
2 1308699
2 1353033
2 1200672
2 1293237
2 1318959
2 1354581
2 1319256
2 1288089
2 1344402
2 1347444
2 1277901
2 1206063
2 1389240
2 1215153
2 1245852
2 1325511
2 1345842
2 1307520
2 1305405
2 1282464
2 1199304
2 1269684
2 1281933
2 1172502
2 1346778
2 1212498
2 1376811
2 1094877
2 1289385
2 1297737
2 1258209
2 1166616
2 1076661
2 1242927
2 1359945
2 1206216
2 1353339
2 1339956
2 1246041
2 1322955
2 1274679
2 1315242
2 1214217
2 1287567
2 1303461
2 1265724
2 1411362
2 1347174
2 1187415
2 1300248
2 1190421
2 1270539
2 1148112
2 1325232
2 1267335
2 1268361
2 1223937
2 1064880
2 1043073
2 1292517
2 1326636
2 1265013
2 1269306
2 1314009
2 1058715
2 1340316
2 1300824
2 1394982
2 1248615
2 1337814
2 1177416
2 1140192
2 1222839
2 1338138
2 1232118
2 1324116
2 1182762
2 1164258
2 1365435
2 1294461
2 1240632
2 1360989
2 1331640
2 1263816
2 1233009
2 1273050
2 1250118
2 1316124
2 1128564
2 1160289
2 1298898
2 1213398
2 1287198
2 1266912
2 1221480
2 1330569
2 1396080
2 1202085
2 1244619
2 1292706
2 1131597
2 1240335
2 1301211
2 1349109
2 1292715
2 1340874
2 1338291
2 1200420
2 1266408
2 1364517
2 1117476
2 1159929
2 1329966
2 1265283
2 1238337
2 1281627
2 1356147
2 1176345
2 1109520
2 1308879
2 1396971
2 1323873
2 1276686
2 1310256
2 1352556
2 1349757
2 1228311
2 1360341
2 1279764
2 1207863
2 1211499
2 1251972
2 1404027
2 1322883
2 1243575
2 1367172
2 1273779
2 1029042
2 1386729
2 1363464
2 1299366
2 1345347
2 1219248
2 1252917
2 1245987
2 1302048
2 1300077
2 1302282
2 1223163
2 1274040
2 1351989
2 1346004
2 1118862
2 1075365
2 1084572
2 1235349
2 1323891
2 1389204
2 1226214
2 1118763
2 1306809
2 1284705
2 1240011
2 1301940
2 1350666
2 1390050
2 1273185
2 1225782
2 1309446
2 1373895
2 1143837
2 1255950
2 1127538
2 1161738
2 1277775
2 1265958
2 1185705
2 1266417
2 1225503
2 1245591
2 1226232
2 1146222
2 1301526
2 1156644
2 1217133
2 1306458
2 1059867
2 1309644
2 1279017
2 1325142
2 1379304
2 1346211
2 1269684
2 1311111
2 1345365
2 1274841
2 1117323
2 1414512
2 1218006
2 1310562
2 1252593
2 1202661
2 1357614
2 1313037
2 1326924
2 1308762
2 1257903
2 1305756
2 1302912
2 1384335
2 1313685
2 1337238
2 1297908
2 1248390
2 1338093
2 1201059
2 1335078
2 1351863
2 1139004
2 1205388
2 1203822
2 1384884
2 1352466
2 1297440
2 1335879
2 1264140
2 1126431
2 1269225
2 1189701
2 1368981
2 1117026
2 1155474
2 1360458
2 1201716
2 1258101
2 1176642
2 1289385
2 1321848
2 1323963
2 1307268
2 1056600
2 1371591
2 1300914
2 1222794
2 1265499
2 1333413
2 1275111
2 1237959
2 1266273
2 1326276
2 1266102
2 1403073
2 1076085
2 1281114
2 1184238
2 1149120
2 1208484
2 1246203
2 1222407
2 1049058
2 1328598
2 1052712
2 1207305
2 1331523
2 1285479
2 1268334
2 1043280
2 1334187
2 1347606
2 1318932
2 1304604
2 1132146
2 1192860
2 1266390
2 1134540
2 1380483
2 1162701
2 1296540
2 1271376
2 1195335
2 1342863
2 1146213
2 1253673
2 1291023
2 1313397
2 1248426
2 1283850
2 1389222
2 1347156
2 1294722
2 1359684
2 1090071
2 1145025
2 1271457
2 1268451
2 1283454
2 1328967
2 1108944
2 1204371
2 1345833
2 1365840
2 1407699
2 1247877
2 1314738
2 1150659
2 1334817
2 1073484
2 1199313
2 1280916
2 1342863
2 1269765
2 1277793
2 1277910
2 1190565
2 1362798
2 1246275
2 1325538
2 1312668
2 1150281
2 1344879
2 1155915
2 1134594
2 1210122
2 1018539
2 1256571
2 1373085
2 1258020
2 1273734
2 1147518
2 1405044
2 1310958
2 1377882
2 1225557
2 1241514
2 1338741
2 1260324
2 1254969
2 1349208
2 1294479
2 1268100
2 1330632
2 1264491
2 1333737
2 1389690
2 1234035
2 1226187
2 1165554
2 1356543
2 1265598
2 1072647
2 1267983
2 1276515
2 1297575
2 1278414
2 1228878
2 1294290
2 1234071
2 1229355
2 1403433
2 1383696
2 1174563
2 1326735
2 1055313
2 1343862
2 1210590
2 1302507
2 1280529
2 1270854
2 1359405
2 1260081
2 1355949
2 1230705
2 1281393
2 1361412
2 1310220
2 1339317
2 1236519
2 1329246
2 1179882
2 1298034
2 1258029
2 1172151
2 1201311
2 1077867
2 1368414
2 1203228
2 1272447
2 1402209
2 1269495
2 1376703
2 1085562
2 1261620
2 1135341
2 1372365
2 1152765
2 1270305
2 1244538
2 1314711
2 1286091
2 1296207
2 1355562
2 1173573
2 1277856
2 1201482
2 1201410
2 1310076
2 1287189
2 1336662
2 1325151
2 1163016
2 1297917
2 1303569
2 1296810
2 1251072
2 1195416
2 1180989
2 1204848
2 1339074
2 1230786
2 1128348
2 1292283
2 1370250
2 1208124
2 1159236
2 1380051
2 1143927
2 1328796
2 1313415
2 1112292
2 1279422
2 1327059
2 1173042
2 1298655
2 1173105
2 1342845
2 1408401
2 1093392
2 1245258
2 1330479
2 1241253
2 1347147
2 1278297
2 1147680
2 1407861
2 1206927
2 1054593
2 1392903
2 1225854
2 1282680
2 1310904
2 1234620
2 1293759
2 1156041
2 1208565
2 1362627
2 1357956
2 1219401
2 1369710
2 1338696
2 1073070
2 1126656
2 1400868
2 1387602
2 1283994
2 1351044
2 1256715
2 1316799
2 1055799
2 1108521
2 1288638
2 1317609
2 1263393
2 1372743
2 1377603
2 1346391
2 1365309
2 1314567
2 1278891
2 1347696
2 1186164
2 1298700
2 1175868
2 1150380
2 1284336
2 1305765
2 1209303
2 1227393
2 1297440
2 1326105
2 1290699
2 1214586
2 1388340
2 1306593
2 1409634
2 1260648
2 1398978
2 1047915
2 1332567
2 1239282
2 1320795
2 1259307
2 1291041
2 1254555
2 1305801
2 1405764
2 1328445
2 1310004
2 1318527
2 1203813
2 1259973
2 1339461
2 1186821
2 1407762
2 1284588
2 1237590
2 1177641
2 1226772
2 1343493
2 1131597
2 1233333
2 1075959
2 1382616
2 1140570
2 1096731
2 1321083
2 1096605
2 1392858
2 1285614
2 1413414
2 1247121
2 1190934
2 1372167
2 1351683
2 1341666
2 1226025
2 1129554
2 1197360
2 1026009
2 1286046
2 1347372
2 1231785
2 1196784
2 1296621
2 1269747
2 1308708
2 1332036
2 1247904
2 1092717
2 1348416
2 1382823
2 1245393
2 1357020
2 1309716
2 1334052
2 1164492
2 1401678
2 1225521
2 1321362
2 1355787
2 1224783
2 1315368
2 1275417
2 1137987
2 1240380
2 1032246
2 1184391
2 1310301
2 1333971
2 1314279
2 1239264
2 1314468
2 1287873
2 1343601
2 1244898
2 1292598
2 1097352
2 1146078
2 1283391
2 1375236
2 1228671
2 1179666
2 1259667
2 1186011
2 1369476
2 1087794
2 1314567
2 1294884
2 1305360
2 1365408
2 1282257
2 1361367
2 1301715
2 1265544
2 1325232
2 1290753
2 1170990
2 1370583
2 1293741
2 1166067
2 1374156
2 1221948
2 1265301
2 1303191
2 1160559
2 1292499
2 1354968
2 1100232
2 1242990
2 1233504
2 1178793
2 1199034
2 1374156
2 1260153
2 1318617
2 1378656
2 1394622
2 1349640
2 1349838
2 1400004
2 1230516
2 1354860
2 1359153
2 1364400
2 1379682
2 1397880
2 1199340
2 1317357
2 1287306
2 1318257
2 1399383
2 1290348
2 1303551
2 1307304
2 1312758
2 1374219
2 1305819
2 1202751
2 1374813
2 1284174
2 1342197
2 1318131
2 1322487
2 1288368
2 1031121
2 1325529
2 1299006
2 1174842
2 1266552
2 1306584
2 1207422
2 1214802
2 1390959
2 1342179
2 1236807
2 1302210
2 1278684
2 1246392
2 1288197
2 1240416
2 1192500
2 1328931
2 1366713
2 1282374
2 1315260
2 1291329
2 1297197
2 1303650
2 1411038
2 1271295
2 1336041
2 1293507
2 1379925
2 1071828
2 1312875
2 1276038
2 1179576
2 1343691
2 1207899
2 1364247
2 1270242
2 1148283
2 1393173
2 1283463
2 1387719
2 1331415
2 1305918
2 1082061
2 1319490
2 1268847
2 1261251
2 1372923
2 1371663
2 1362807
2 1293417
2 1225467
2 1314378
2 1270161
2 1214712
2 1148526
2 1361916
2 1343520
2 1388394
2 1269396
2 1253835
2 1284867
2 1283760
2 1278873
2 1411200
2 1192140
2 1334043
2 1296756
2 1380987
2 1295874
2 1401120
2 1106298
2 1162368
2 1294182
2 1157985
2 1200123
2 1340163
2 1300086
2 1324188
2 1327986
2 1341270
2 1379655
2 1339767
2 1221570
2 1374705
2 1306764
2 1275030
2 1279674
2 1258110
2 1326393
2 1294605
2 1255077
2 1270746
2 1313613
2 989991
2 1373094
2 1117530
2 1271295
2 1330353
2 1235592
2 1297908
2 1277847
2 1169271
2 1193706
2 1322667
2 1335285
2 1234170
2 1150722
2 1151244
2 1314963
2 1249488
2 1388205
2 1217763
2 1290852
2 1263735
2 1168425
2 1321686
2 1162665
2 1381608
2 1292571
2 1342971
2 1031976
2 1268226
2 1387926
2 1046088
2 1217133
2 1258803
2 1216620
2 1308600
2 1243818
2 1170414
2 1147887
2 1334016
2 1271106
2 1032489
2 1227186
2 1371519
2 1018296
2 1312020
2 1231164
2 1238256
2 1152450
2 1301940
2 1139058
2 1100979
2 1364481
2 1200681
2 1274292
2 1267578
2 1343970
2 1366083
2 1311804
2 1233954
2 1325133
2 1328886
2 1178667
2 1251945
2 1227726
2 1353762
2 1115325
2 1309878
2 1187019
2 1361700
2 1245168
2 1377648
2 1228698
2 1275435
2 1250739
2 1301175
2 1182798
2 1310382
2 1246653
2 1249506
2 1303659
2 1196064
2 1201140
2 1319364
2 1414053
2 1329561
2 1247436
2 1268271
2 1175391
2 1216080
2 1225665
2 1403298
2 1243386
2 1362375
2 1287063
2 1197846
2 1043433
2 1268487
2 1371033
2 1335825
2 1359693
2 1278891
2 1299294
2 1314873
2 1336275
2 1284282
2 1344222
2 1250451
2 1356039
2 1213614
2 1025199
2 1284462
2 1213407
2 1321542
2 1206891
2 1318338
2 1362600
2 1268010
2 1089630
2 1281987
2 1343556
2 1261269
2 1273788
2 1339596
2 1270575
2 1260909
2 1242549
2 1135611
2 1332873
2 1048554
2 1205883
2 1228014
2 1212318
2 1315989
2 1252728
2 1270854
2 1247256
2 1351260
2 1278720
2 1355931
2 1384794
2 1217286
2 1228608
2 1313370
2 1410804
2 1195632
2 1112886
2 1157382
2 1382310
2 1377135
2 1303974
2 1342269
2 1070991
2 1379808
2 1041912
2 1220085
2 1241136
2 1292679
2 1321659
2 1317933
2 1236249
2 1394046
2 1379169
2 1278351
2 1247589
2 1351854
2 1299132
2 1152144
2 1386117
2 1314792
2 1135206
2 1362528
2 1317222
2 1342431
2 1016271
2 1349658
2 1190754
2 1225287
2 1182465
2 1244916
2 1372446
2 1320930
2 1241649
2 1262916
2 1309185
2 1280745
2 1164195
2 1221867
2 1317294
2 1379601
2 1258461
2 1272915
2 1084221
2 1272222
2 1043505
2 1164996
2 1244430
2 1379142
2 1409220
2 1134729
2 1214271
2 1252575
2 1242153
2 1261827
2 1265607
2 1390275
2 1244133
2 1163088
2 1118232
2 1297107
2 1312542
2 1271358
2 1183095
2 1376334
2 1264041
2 1316295
2 1254951
2 1321614
2 1397268
2 1359738
2 1133730
2 1335735
2 1397772
2 1305891
2 1313649
2 1291446
2 1316340
2 1339767
2 1165374
2 1259478
2 1276533
2 1333062
2 1275507
2 1137528
2 1157229
2 1300446
2 1316412
2 1195056
2 1397448
2 1267650
2 1367775
2 1345167
2 1398600
2 1364193
2 1348722
2 1252953
2 1171782
2 1231596
2 1132722
2 1364562
2 1077624
2 1380672
2 1370385
2 1346481
2 1149804
2 1161405
2 1413630
2 1268028
2 1251963
2 1299285
2 1294713
2 1367424
2 1304172
2 1294515
2 1407987
2 1297872
2 1247895
2 1263465
2 1294344
2 1266039
2 1317915
2 1327698
2 1265976
2 1276344
2 1315818
2 1137861
2 1357704
2 1210293
2 1373301
2 1287270
2 1342728
2 1293255
2 1366146
2 1292121
2 1279494
2 1240695
2 1335069
2 1261656
2 1305459
2 1389591
2 1368846
2 1319391
2 1199079
2 1134990
2 1160280
2 1180791
2 1120221
2 1252170
2 1247949
2 1199052
2 1287900
2 1141164
2 1270485
2 1131282
2 1237752
2 1340820
2 1164600
2 1294785
2 1317411
2 1155852
2 1236348
2 1291788
2 1308447
2 1385100
2 1240767
2 1253709
2 1324413
2 1351674
2 1203867
2 1326204
2 1159236
2 1270647
2 1340136
2 1291545
2 1370133
2 1155978
2 1293444
2 1375587
2 1401921
2 1330173
2 1195803
2 1112175
2 1319598
2 1356885
2 1344168
2 1220193
2 1090710
2 1286181
2 1220463
2 1313046
2 1381545
2 1319454
2 1253817
2 1318977
2 1252899
2 1330434
2 1302012
2 1345608
2 1129518
2 1381374
2 1344195
2 1233792
2 1320687
2 1271988
2 1211265
2 1321092
2 1371663
2 1338705
2 1173114
2 1267128
2 1283697
2 1341513
2 1376091
2 1332558
2 1396575
2 1251963
2 1218177
2 1155357
2 1302435
2 1200384
2 1318140
2 1156221
2 1145664
2 1314261
2 1228365
2 1174968
2 1296999
2 1167894
2 1305747
2 1161315
2 1411038
2 1220445
2 1310238
2 1249425
2 1299960
2 1373418
2 1220076
2 1284849
2 1234116
2 1342854
2 1242945
2 1373598
2 1321551
2 1318671
2 1329012
2 1088442
2 1369971
2 1290294
2 1233441
2 1188558
2 1147104
2 1233234
2 1252143
2 1263645
2 1322325
2 1320624
2 1296657
2 1139481
2 1089747
2 1281726
2 1241640
2 1373499
2 1305837
2 1361565
2 1381275
2 1233612
2 1250019
2 1239552
2 1360422
2 1396908
2 1308429
2 1376739
2 1041363
2 1261674
2 1348326
2 1317141
2 1286541
2 1309428
2 1275948
2 1296477
2 1349037
2 1385424
2 1221039
2 1182582
2 1198530
2 1174185
2 1204713
2 1394073
2 1206432
2 1327194
2 1261449
2 1274148
2 1272321
2 1298196
2 1269027
2 1269801
2 1236753
2 1304055
2 1201707
2 1263816
2 1193616
2 1341414
2 1271664
2 1238931
2 1200438
2 1311210
2 1270638
2 1230984
2 1362294
2 1222506
2 1322154
2 1241100
2 1412271
2 1379988
2 1313847
2 1237419
2 1223478
2 1301409
2 1326447
2 1288080
2 1211796
2 1287576
2 1413828
2 1396143
2 1286703
2 1202292
2 1094382
2 1159767
2 1238202
2 1128546
2 1307223
2 1284390
2 1356705
2 1381329
2 1055934
2 1366704
2 1300473
2 1376388
2 1144494
2 1334574
2 1336437
2 1406178
2 1268613
2 1224774
2 1313892
2 1179927
2 1199205
2 1302939
2 1262592
2 1230210
2 1385289
2 1095912
2 1333620
2 1212039
2 1294578
2 1213191
2 1291023
2 1411884
2 1290132
2 1271709
2 1305540
2 1326645
2 1324107
2 1373319
2 1285128
2 1269063
2 1213497
2 1192932
2 1290546
2 1397637
2 1033407
2 1088523
2 1100565
2 1085220
2 1282887
2 1378170
2 1237221
2 1175940
2 1190079
2 1184562
2 1286406
2 1366749
2 1105353
2 1264716
2 1360377
2 1238121
2 1116531
2 1305342
2 1122201
2 1284678
2 1038888
2 1284948
2 1362996
2 1137636
2 1120761
2 1285128
2 1265940
2 1216413
2 1050759
2 1244448
2 1337193
2 1369026
2 1261485
2 998109
2 1181421
2 1241145
2 1171467
2 1087848
2 1256679
2 1026801
2 1389501
2 1150740
2 1206675
2 1300959
2 1249164
2 1360530
2 1277568
2 1298799
2 1255419
2 1302093
2 1355067
2 1098621
2 1260324
2 1251045
2 1121940
2 1180422
2 1077336
2 1357164
2 1163250
2 1360044
2 1332378
2 1188279
2 1183824
2 1110060
2 1040463
2 1334862
2 1048176
2 1041876
2 1291446
2 992556
2 1298070
2 1307079
2 1260990
2 1158876
2 1217376
2 1279755
2 1352178
2 1253151
2 1251423
2 1325898
2 1225971
2 1307781
2 1299123
2 1263951
2 1366470
2 1125486
2 1209735
2 1327185
2 1229427
2 1171872
2 1298763
2 1253061
2 1217718
2 1230651
2 1082367
2 1293570
2 1263843
2 1326015
2 1255563
2 1114083
2 1228653
2 1320471
2 1174950
2 1395567
2 1289088
2 1227636
2 1283886
2 1322748
2 1152063
2 1369980
2 1126134
2 1291293
2 1337922
2 1331010
2 1130499
2 1313730
2 1136862
2 1412541
2 1284867
2 1190520
2 1320021
