3 957636
3 1053810
3 1088046
3 856935
3 975537
3 991485
3 1063917
3 865584
3 986877
3 1036557
3 1075311
3 1039230
3 950787
3 1025244
3 852615
3 966024
3 968229
3 791154
3 955917
3 976194
3 814104
3 981990
3 854388
3 981684
3 1001754
3 1014228
3 881523
3 1007145
3 1022553
3 931527
3 1024389
3 1000818
3 1024164
3 1026783
3 1088865
3 982683
3 1082673
3 915975
3 1046340
3 1071873
3 925299
3 1065564
3 855684
3 1010907
3 1050912
3 992205
3 928233
3 929529
3 976176
3 978228
3 1013544
3 1005435
3 987111
3 1045008
3 903933
3 981342
3 892395
3 948330
3 1057581
3 955971
3 1044693
3 1017990
3 921600
3 934407
3 1021176
3 965340
3 943785
3 968985
3 967365
3 1032021
3 967536
3 1095741
3 1055340
3 1099935
3 883674
3 963198
3 946134
3 772731
3 986499
3 928863
3 995292
3 943209
3 1052019
3 949014
3 946206
3 969030
3 1015785
3 1060083
3 997587
3 1107468
3 1035693
3 1037691
3 1025550
3 817506
3 1039599
3 1058823
3 927783
3 1018566
3 914256
3 968220
3 966681
3 936522
3 959607
3 985689
3 907218
3 967725
3 1012347
3 913338
3 992295
3 1013679
3 978462
3 947133
3 1083348
3 965286
3 1096623
3 984564
3 957663
3 914418
3 1008189
3 981315
3 1025667
3 971658
3 1013796
3 979938
3 958878
3 1053261
3 999216
3 1014930
3 996534
3 1060848
3 981909
3 1062612
3 1056096
3 974250
3 1027089
3 1095588
3 1004742
3 880110
3 819585
3 1009575
3 930411
3 956043
3 951822
3 1028619
3 889821
3 921843
3 944802
3 1002807
3 1057419
3 957618
3 940599
3 989694
3 1001601
3 966744
3 1056420
3 1017297
3 990675
3 1048527
3 1031841
3 990828
3 941157
3 915075
3 1072566
3 971442
3 962415
3 1069092
3 1102581
3 1039599
3 960858
3 1071243
3 976959
3 1004823
3 884772
3 960408
3 938331
3 1048113
3 1062801
3 1011231
3 975357
3 1006353
3 963144
3 1063944
3 1030032
3 973359
3 981423
3 949995
3 979632
3 1019700
3 848754
3 953361
3 873936
3 1047456
3 924075
3 993510
3 939996
3 936450
3 954450
3 985176
3 1034514
3 1026711
3 899253
3 949176
3 1016262
3 1039860
3 1008504
3 1026666
3 1054935
3 958518
3 931797
3 903114
3 970533
3 1027737
3 935226
3 902088
3 1016010
3 982152
3 957924
3 982431
3 1011573
3 976761
3 1075680
3 996930
3 1016226
3 1027800
3 1012086
3 1006371
3 1022346
3 932652
3 906786
3 949653
3 1020987
3 887751
3 1044315
3 873747
3 966591
3 911502
3 1036476
3 968292
3 942804
3 966924
3 963540
3 1019268
3 1088271
3 988929
3 802431
3 919890
3 968031
3 922752
3 989838
3 801333
3 906804
3 917226
3 939186
3 1021158
3 1015101
3 1039392
3 1061091
3 952776
3 990531
3 966510
3 999171
3 983583
3 1059435
3 999144
3 808434
3 967671
3 849321
3 872991
3 887652
3 962424
3 924219
3 999981
3 1039266
3 996345
3 905814
3 1048545
3 1015695
3 997290
3 1024470
3 1020285
3 946566
3 923094
3 1054467
3 1017684
3 967464
3 1024173
3 1027053
3 994887
3 882531
3 1036440
3 969111
3 1046511
3 952110
3 1021824
3 939492
3 918108
3 980667
3 1011996
3 1066122
3 1011204
3 984429
3 980937
3 949095
3 987057
3 1009710
3 932454
3 991233
3 967041
3 1000152
3 967311
3 990990
3 981720
3 953811
3 972945
3 1003851
3 1013274
3 968103
3 1056366
3 1054332
3 972585
3 1037736
3 1013346
3 1045251
3 1031607
3 979659
3 986040
3 944829
3 1012005
3 983484
3 1034514
3 1071684
3 947988
3 1059129
3 1034919
3 1020132
3 984510
3 916020
3 1033236
3 819306
3 932886
3 931698
3 1032390
3 1024083
3 1095192
3 976536
3 955791
3 1031670
3 980298
3 1027098
3 891702
3 1033740
3 1034019
3 1030230
3 864441
3 981324
3 1027620
3 946269
3 1036539
3 901863
3 970893
3 954927
3 942219
3 947988
3 888165
3 1008567
3 978588
3 972477
3 854604
3 1062594
3 1027044
3 1011879
3 997812
3 1038537
3 960345
3 1080180
3 1007280
3 1028871
3 1003005
3 1017234
3 936765
3 787221
3 968760
3 848763
3 1087281
3 897354
3 957852
3 994374
3 792324
3 1063746
3 904680
3 1037232
3 991719
3 853128
3 935127
3 1075590
3 1002681
3 967617
3 990765
3 920853
3 973512
3 867744
3 921006
3 848979
3 997956
3 1078803
3 849879
3 1084437
3 1036098
3 876195
3 965511
3 976986
3 985752
3 945117
3 837153
3 870966
3 909837
3 1045476
3 921519
3 922392
3 959589
3 1082016
3 977508
3 971964
3 953091
3 953064
3 924588
3 1002843
3 1068327
3 1110330
3 928278
3 1025334
3 1002141
3 964143
3 976707
3 911313
3 1034550
3 860229
3 973404
3 909963
3 972945
3 971838
3 1028853
3 941697
3 873738
3 975537
3 1034019
3 1015713
3 967500
3 1031949
3 958689
3 1046466
3 961686
3 1028268
3 983988
3 1049733
3 993249
3 958923
3 953280
3 955098
3 997461
3 1037646
3 1030302
3 1000296
3 1036035
3 862992
3 991926
3 965421
3 1047681
3 1018575
3 916470
3 915579
3 1056924
3 1007352
3 1051569
3 954072
3 834534
3 1001664
3 1059336
3 1009728
3 1028349
3 1033452
3 951318
3 949410
3 990009
3 1042659
3 1046358
3 846108
3 985635
3 1063539
3 973989
3 983412
3 985509
3 876942
3 925011
3 993438
3 978957
3 977292
3 1058985
3 943821
3 1078371
3 878733
3 1054701
3 873936
3 877383
3 1073079
3 962451
3 1034298
3 900468
3 944073
3 997569
3 1022580
3 936036
3 892791
3 868239
3 989469
3 898785
3 878499
3 937179
3 969777
3 1040319
3 987885
3 1017630
3 1047789
3 984510
3 949959
3 1092492
3 996570
3 1086192
3 1021113
3 1060884
3 992601
3 976977
3 957537
3 1097829
3 800289
3 961173
3 975537
3 982980
3 985365
3 1017333
3 1001565
3 1053630
3 1014750
3 983457
3 956538
3 1034307
3 1030347
3 969606
3 883737
3 987579
3 991530
3 914265
3 1040571
3 1026738
3 979056
3 1041030
3 1038312
3 997335
3 973215
3 993285
3 989118
3 980982
3 999738
3 973575
3 1011402
3 1025658
3 905004
3 975546
3 1038645
3 901431
3 1070307
3 991476
3 1047375
3 989064
3 941382
3 927387
3 1022004
3 1046619
3 1063584
3 960093
3 1028295
3 1022094
3 957132
3 940077
3 914940
3 983025
3 1008486
3 1033434
3 1056726
3 1021014
3 1029600
3 931851
3 815796
3 1060740
3 963873
3 941211
3 1034721
3 966870
3 920808
3 1038924
3 944199
3 800172
3 989010
3 936801
3 934911
3 1052874
3 953262
3 1012212
3 1011591
3 1006848
3 950805
3 1007892
3 1022265
3 916947
3 1123128
3 927675
3 1044081
3 991998
3 1029330
3 954972
3 968553
3 991026
3 952056
3 1042380
3 949887
3 948807
3 820611
3 1102185
3 1035504
3 1061667
3 1059768
3 1017828
3 969228
3 996723
3 1011906
3 980838
3 929151
3 896472
3 969102
3 909783
3 959589
3 1042695
3 1007901
3 985293
3 1075545
3 1011762
3 1059921
3 890883
3 1079424
3 891153
3 1059156
3 951669
3 867411
3 953514
3 967608
3 1073529
3 961704
3 905157
3 1034361
3 1095624
3 957213
3 1039851
3 944136
3 965403
3 1007073
3 958635
3 829638
3 968472
3 1039662
3 980109
3 1067382
3 1106478
3 990657
3 1010295
3 961650
3 1020483
3 938637
3 972018
3 843561
3 1043361
3 951876
3 874089
3 774945
3 930357
3 1036134
3 1054620
3 882000
3 1034577
3 975213
3 909045
3 980577
3 983916
3 1013634
3 943263
3 1014381
3 966312
3 925785
3 1078803
3 1031796
3 979182
3 1049202
3 1005687
3 1030230
3 951516
3 956250
3 981684
3 1034676
3 955854
3 1061757
3 1024821
3 1034028
3 988056
3 885654
3 996831
3 987273
3 883989
3 1035594
3 939834
3 980982
3 847557
3 971514
3 1002780
3 980901
3 844488
3 1071108
3 953631
3 964845
3 854037
3 980478
3 1093536
3 1002177
3 862461
3 1025550
3 948420
3 1002573
3 895698
3 861615
3 992277
3 991611
3 945621
3 1079289
3 1038375
3 982449
3 1014750
3 992655
3 1058805
3 809082
3 903573
3 988272
3 905418
3 1051254
3 928089
3 991899
3 1027773
3 1044036
3 1042119
3 932391
3 972468
3 1041327
3 1039824
3 1006344
3 1025829
3 1007406
3 841068
3 837621
3 1018602
3 1055097
3 997965
3 883908
3 978012
3 947169
3 976707
3 1047627
3 997776
3 804663
3 978174
3 1012788
3 936513
3 906489
3 976203
3 1054314
3 1064169
3 1025460
3 977985
3 1012329
3 1018602
3 1070694
3 872253
3 1027755
3 970092
3 1045413
3 1043316
3 1031112
3 993033
3 1015362
3 906381
3 1010232
3 1033227
3 955341
3 984303
3 952353
3 1057887
3 1064403
3 936090
3 962001
3 1001655
3 921978
3 1060974
3 897426
3 1020267
3 1041606
3 881532
3 1001934
3 1050768
3 1014732
3 919134
3 1009305
3 952695
3 924318
3 1002483
3 1026081
3 893646
3 1069668
3 921996
3 923913
3 879768
3 947772
3 995526
3 983403
3 827451
3 1008081
3 682965
3 877941
3 949851
3 978255
3 973917
3 1028808
3 852156
3 1071981
3 980181
3 944721
3 987948
3 945000
3 971766
3 1021005
3 1116126
3 970263
3 970407
3 989388
3 985158
3 953748
3 1065762
3 1038699
3 912222
3 955863
3 1035135
3 940833
3 1004391
3 980928
3 1074582
3 1044342
3 1017801
3 1013472
3 809802
3 999639
3 1000404
3 851571
3 950211
3 908262
3 1021860
3 1035342
3 1016496
3 969417
3 1071891
3 967977
3 937125
3 1076409
3 995670
3 947538
3 1104525
3 908568
3 1015587
3 986625
3 1008126
3 1050561
3 1035837
3 830160
3 941436
3 983601
3 924867
3 943227
3 1073349
3 967725
3 1012401
3 969642
3 885312
3 993033
3 964566
3 1027521
3 1018809
3 937404
3 1023327
3 1084554
3 1000971
3 1059147
3 990801
3 994176
3 1007019
3 967995
3 995805
3 1056312
3 948402
3 1073547
3 994401
3 905652
3 988092
3 968670
3 996642
3 1047735
3 877977
3 968877
3 953127
3 992547
3 1040184
3 942318
3 955341
3 882945
3 950922
3 960165
3 1111248
3 1002114
3 1040346
3 1057356
3 999522
3 895761
3 908226
3 901899
3 891621
3 1107405
3 1038600
3 1010232
3 1023039
3 892890
3 927576
3 859311
3 961272
3 800505
3 1009827
3 998865
3 946089
3 1007055
3 850995
3 1032714
3 979713
3 1049940
3 1019970
3 1025577
3 973359
3 936036
3 794142
3 1040625
3 1024488
3 1064979
3 1011762
3 1010520
3 968580
3 968553
3 956988
3 1010448
3 917262
3 1087344
3 912528
3 934614
3 1045764
3 978768
3 829197
3 1033470
3 997740
3 1019205
3 960966
3 975114
3 976941
3 908424
3 946314
3 936351
3 1008126
3 1046448
3 1040175
3 893754
3 973377
3 910944
3 887283
3 1030437
3 986202
3 958176
3 963513
3 1071549
3 981666
3 998721
3 874926
3 1103922
3 1007244
3 1026981
3 696105
3 982872
3 960291
3 1034568
3 1002204
3 941319
3 971487
3 1074393
3 1080522
3 1023489
3 1062216
3 877797
3 906102
3 866637
3 893934
3 962091
3 1009125
3 970200
3 1035711
3 1050687
3 1025370
3 1020879
3 990360
3 1011699
3 1047213
3 955638
3 965331
3 979218
3 874827
3 847170
3 965718
3 932166
3 980784
3 1057005
3 1046385
3 982530
3 956943
3 797256
3 1038555
3 958635
3 1006164
3 1026594
3 992736
3 920025
3 1023408
3 1010547
3 995004
3 1043946
3 899784
3 934191
3 1025406
3 1021860
3 1045746
3 917874
3 1041957
3 952866
3 1035117
3 1068381
3 1012932
3 802908
3 955521
3 919971
3 989766
3 1002258
3 1021815
3 994680
3 1024686
3 999558
3 948600
3 1059183
3 1108431
3 991899
3 1019610
3 1025424
3 1012257
3 1031760
3 1047987
3 1065213
3 1053486
3 900864
3 993600
3 969732
3 1046295
3 1045908
3 1003716
3 1010070
3 916344
3 996534
3 1008837
3 965736
3 883170
3 961893
3 837936
3 1044063
3 927198
3 1019277
3 1099413
3 857970
3 1084779
3 924408
3 719955
3 955350
3 947367
3 994554
3 1067418
3 963648
3 926253
3 927945
3 1094598
3 781263
3 865971
3 1003158
3 914427
3 953073
3 962028
3 1007901
3 1013877
3 960291
3 1007109
3 964125
3 1013850
3 1018593
3 1061523
3 1040004
3 960723
3 950967
3 976941
3 1010781
3 999738
3 901593
3 1008054
3 956484
3 981045
3 892638
3 991962
3 973791
3 965655
3 1003725
3 934245
3 1059273
3 1066113
3 768294
3 1008072
3 936414
3 962523
3 1029465
3 982314
3 908487
3 1017828
3 931284
3 1006839
3 1062981
3 1001979
3 918837
3 941553
3 976680
3 995589
3 1018269
3 991764
3 1022418
3 1021113
3 1003410
3 1041840
3 1032309
3 845397
3 1099089
3 975105
3 1009251
3 1009143
3 961047
3 954432
3 918000
3 961524
3 911205
3 981468
3 1052154
3 828765
3 1021887
3 1065501
3 1084419
3 950004
3 1001124
3 995517
3 1057392
3 875889
3 988776
3 975159
3 924912
3 1090413
3 1062909
3 925119
3 1022004
3 1030887
3 1046196
3 926073
3 1031364
3 1010088
3 985896
3 1071081
3 1060740
3 977121
3 987633
3 947484
3 1038600
3 875187
3 943227
3 1012824
3 957654
3 960282
3 855414
3 962001
3 827460
3 860139
3 981279
3 925479
3 944334
3 1035513
3 941580
3 1043469
3 913905
3 997371
3 1048923
3 824607
3 911916
3 852309
3 1010880
3 993960
3 1080477
3 1034901
3 884835
3 1008783
3 1069020
3 966330
3 1073727
3 982161
3 1054701
3 932175
3 1043775
3 1020834
3 1036881
3 996093
3 894762
3 988623
3 966294
3 1012914
3 1000296
3 1011888
3 1029726
3 981702
3 984006
3 909036
3 950859
3 994212
3 921501
3 834552
3 978435
3 955026
3 1039896
3 981954
3 1031445
3 936000
3 986634
3 986436
3 1008018
3 1047519
3 1064331
3 925983
3 885789
3 1000854
3 925587
3 940104
3 950256
3 902169
3 909657
3 972495
3 982287
3 934461
3 1026468
3 978930
3 911457
3 1009458
3 902052
3 990369
3 982359
3 951138
3 911916
3 1003851
3 973332
3 939195
3 971091
3 1035855
3 912312
3 931437
3 1001241
3 1051551
3 859923
3 1014039
3 969129
3 968499
3 1026513
3 879480
3 997218
3 979614
3 1004148
3 964413
3 971829
3 887508
3 1052181
3 999765
3 992367
3 771786
3 1043019
3 943749
3 1049427
3 975969
3 1033758
3 1034370
3 1000251
3 952830
3 1003212
3 1032849
3 830997
3 984042
3 830367
3 1053522
3 1058769
3 953217
3 1027080
3 966132
3 975798
3 1041444
3 912645
3 1034586
3 998649
3 1026063
3 989001
3 1015029
3 874521
3 1070352
3 966132
3 1025046
3 997506
3 995193
3 1034136
3 982350
3 870363
3 993573
3 989613
3 1044450
3 1011681
3 1007442
3 962325
3 1051236
3 1007109
3 979083
3 976977
3 953046
3 1041120
3 987111
3 969498
3 1100394
3 944730
3 976122
3 1027098
3 951921
3 991395
3 1063566
3 987327
3 941103
3 1060353
3 980928
3 1028727
3 1015353
3 1025892
3 1100097
3 988875
3 1055142
3 944982
3 804699
3 1049580
3 841725
3 1026009
3 1032525
3 951102
3 1014093
3 1004922
3 925974
3 1072161
3 928359
3 947106
3 892008
3 1011609
3 1040400
3 1044837
3 976662
3 1003761
3 978219
3 1030005
3 903564
3 1019862
3 972216
3 1035306
3 1002582
3 1003005
3 981171
3 1012995
3 952974
3 1036098
3 829854
3 1078695
3 928656
3 952920
3 981765
3 920268
3 850797
3 954630
3 1073385
3 1023534
3 974025
3 1017720
3 968796
3 862983
3 997533
3 954909
3 906624
3 995661
3 988371
3 1059201
3 987174
3 847755
3 1017756
3 1047312
3 974718
3 861939
3 993150
3 938151
3 945693
3 930528
3 967554
3 1041498
3 960075
3 980784
3 943884
3 975987
3 1058643
3 981828
3 989136
3 1033020
3 1033326
3 1030644
3 1094976
3 943767
3 1071900
3 919575
3 1064430
3 1000539
3 933759
3 888336
3 983655
3 1008108
3 1025739
3 969300
3 1000512
3 982143
3 1025928
3 981540
3 1034370
3 1078497
3 968841
3 1015371
3 1013571
3 1049553
3 990045
3 916074
3 1117548
3 880200
3 960903
3 1023948
3 953415
3 990936
3 941634
3 810252
3 1048212
3 968508
3 936027
3 977517
3 982629
3 951615
3 1041885
3 897615
3 969930
3 826443
3 1025991
3 973089
3 1000674
3 951237
3 981342
3 1022967
3 1006713
3 1024884
3 988677
3 1013328
3 929151
3 981927
3 1018674
3 964440
3 1090062
3 1045755
3 1001430
3 1037286
3 1003185
3 1034019
3 986022
3 1006578
3 984888
3 960480
3 974817
3 911106
3 985968
3 888624
3 979821
3 1016532
3 1016964
3 1036278
3 951291
3 1031238
3 917469
3 926019
3 1006389
3 1088154
3 900288
3 972090
3 1007856
3 818631
3 1017378
3 947223
3 1061109
3 951984
3 991467
3 792225
3 954234
3 1094319
3 981621
3 1026297
3 1077867
3 997587
3 985113
3 1052460
3 987948
3 1040814
3 932652
3 949428
3 963738
3 1018413
3 985041
3 1034595
3 960804
3 922131
3 1014201
3 856062
3 1002348
3 876267
3 896661
3 1011591
3 1053747
3 1056321
3 1035315
3 939366
3 1094841
3 1012581
3 1048365
3 999495
3 948213
3 984717
3 998010
3 981009
3 1021743
3 1025406
3 1038690
3 1018449
3 1002960
3 1006020
3 936234
3 994833
3 1082052
3 930636
3 1055610
3 974781
3 1008621
3 986913
3 1048761
3 951579
3 837486
3 1006335
3 928116
3 1015254
3 985662
3 956034
3 932553
3 848511
3 970173
3 969966
3 1012248
3 988083
3 1058184
3 1026063
3 1040607
3 1042272
3 898695
3 1060722
3 941778
3 1013004
3 907812
3 941994
3 988560
3 1011978
3 1008819
3 1009503
3 1051776
3 1022994
3 908478
3 1001052
3 1030725
3 998019
3 931905
3 959337
3 893628
3 872937
3 1090476
3 1009917
3 999648
3 1070451
3 1003635
3 1008189
3 870975
3 1032246
3 899649
3 969579
3 894483
3 943326
3 956961
3 929664
3 1000170
3 1029267
3 959805
3 1037592
3 1053369
3 1019547
3 939825
3 1058337
3 1018395
3 1020672
3 854109
3 964557
3 963630
3 991062
3 1049364
3 1045269
3 931662
3 976284
3 980685
3 1042686
3 984447
3 911700
3 848295
3 1030302
3 1037313
3 1026189
3 1062459
3 978516
3 1056006
3 1084806
3 949887
3 1054917
3 1002636
3 872199
3 1018116
3 965745
3 942291
3 860364
3 841059
3 949878
3 996606
3 935226
3 969435
3 963504
3 1054359
3 929232
3 988821
3 1045584
3 972189
3 1033119
3 1021122
3 935262
3 950004
3 991053
3 926955
3 956295
3 920826
3 895167
3 965034
3 955827
3 1038186
3 985086
3 1052667
3 935622
3 1000467
3 944253
3 951372
3 1028223
3 1047951
3 964557
3 755811
3 1049103
3 999459
3 933705
3 947934
3 841122
3 1018035
3 909009
3 1050012
3 992898
3 1000188
3 1032093
3 1028619
3 948582
3 1039716
3 1008468
3 976896
3 914517
3 1045917
3 928863
3 988029
3 965142
3 980487
3 953415
3 1051731
3 1025946
3 1053342
3 1052478
3 1000836
3 1036872
3 953982
3 842256
3 957591
3 1041579
3 940680
3 1094364
3 934209
3 957717
3 898857
3 943722
3 1008225
3 783063
3 935748
3 981018
3 1030635
3 970740
3 1018755
3 1024371
3 945486
3 1046367
3 985320
3 1087452
3 914886
3 992934
3 968436
3 1031877
3 1062414
3 980145
3 1027746
3 970425
3 1104516
3 968220
3 1043649
3 980937
3 1030140
3 941400
3 982422
3 1071315
3 916416
3 878040
3 896229
3 1015668
3 987507
3 901449
3 822546
3 1029735
3 1035486
3 989685
3 1021770
3 981090
3 1025721
3 998892
3 1059651
3 1028835
3 929475
3 1056321
3 993087
3 918387
3 1084374
3 1079307
3 981441
3 977634
3 839403
3 975870
3 1006272
3 1030446
3 951282
3 996480
3 1049886
3 900567
3 942219
3 1070568
3 917730
3 992349
3 920718
3 954711
3 962001
3 986697
3 1047906
3 978849
3 1020510
3 949446
3 995364
3 945999
3 1045107
3 961992
3 894636
3 1085652
3 1052856
3 943884
3 959112
3 1046547
3 1013850
3 924939
3 977445
3 1014237
3 969714
3 1044909
3 963909
3 884970
3 979794
3 997911
3 983277
3 1010286
3 941364
3 987075
3 970461
3 916767
3 1064223
3 1071162
3 1055646
3 1035135
3 982458
3 960669
3 1005984
3 957321
3 928431
3 992133
3 994437
3 1074501
3 989766
3 1067031
3 1019520
3 994428
3 919458
3 1004796
3 1050408
3 890946
3 846468
3 947358
3 1059084
3 1041768
3 993321
3 902394
3 976680
3 991413
3 972144
3 1048221
3 982143
3 1030788
3 968526
3 986130
3 851445
3 1044225
3 1037727
3 985302
3 856044
3 999819
3 852048
3 1016451
3 959337
3 1032813
3 903762
3 999882
3 944037
3 1054818
3 1034172
3 1060083
3 1026018
3 1031976
3 1017504
3 873792
3 901467
3 1004166
3 960327
3 974061
3 913896
3 972180
3 995022
3 966780
3 1018710
3 1058931
3 989190
3 1014480
3 1044936
3 846963
3 916398
3 975465
3 1030635
3 903483
3 1023669
3 863343
3 942327
3 987246
3 1017531
3 934146
3 1055853
3 1029834
3 1049346
3 877023
3 1089423
3 870246
3 1046052
3 1066383
3 1008747
3 1024947
3 876267
3 836505
3 1022031
3 956808
3 955359
3 949896
3 853497
3 982818
3 948258
3 1045782
3 957753
3 907632
3 1007397
3 1101051
3 842535
3 955125
3 1006137
3 938835
3 968274
3 970623
3 881460
3 1004409
3 988389
3 987741
3 1004094
3 942084
3 1009458
3 953865
3 1018503
3 966528
3 990738
3 1000323
3 833463
3 1014804
3 1091583
3 968922
3 1071900
3 1023219
3 959193
3 1036260
3 843642
3 1011177
3 1066050
3 1041516
3 1002141
3 1045548
3 953289
3 952803
3 1019601
3 1041147
3 957141
3 1025577
3 924498
3 935253
3 1027485
3 885906
3 988632
3 1038924
3 1040130
3 1033713
3 989109
3 1078569
3 980415
3 955539
3 1092249
3 1031373
3 998622
3 988092
3 886320
3 852219
3 1030986
3 985752
3 1022265
3 964971
3 1052514
3 938241
3 1109088
3 995985
3 978840
3 1062612
3 998892
3 749592
3 1015380
3 873333
3 975159
3 1007406
3 1001808
3 933570
3 1047573
3 842031
3 943389
3 1027116
3 993915
3 982530
3 1068426
3 826902
3 949194
3 984429
3 1005813
3 940590
3 1007883
3 915003
3 960066
3 954657
3 999738
3 998811
3 980955
3 983583
3 970254
3 1060398
3 973548
3 1034055
3 1079397
3 991260
3 989694
3 1028385
3 964053
3 1008657
3 988479
3 790920
3 1016046
3 1044567
3 1006659
3 1021194
3 928782
3 920133
3 938934
3 992727
3 1038141
3 936027
3 912204
3 970200
3 998082
3 948078
3 860850
3 844974
3 1037430
3 919800
3 926820
3 931617
3 991476
3 965592
3 981171
3 988587
3 952281
3 1034370
3 1005966
3 959508
3 1040625
3 990099
3 1075131
3 1000125
3 881001
3 958419
3 1011618
3 953973
3 935631
3 1035018
3 983502
3 993699
3 952047
3 964791
3 1050228
3 915498
3 974304
3 1008882
3 918369
3 974007
3 873468
3 1024848
3 1035252
3 1061694
3 1036638
3 844020
3 1037925
3 1038816
3 951903
3 1040409
3 858051
3 986418
3 1008081
3 934533
3 937746
3 946179
3 960696
3 1033605
3 946197
3 935631
3 825867
3 1017414
3 903906
3 793998
3 963459
3 903960
3 940824
3 998010
3 906921
3 1026360
3 968499
3 976131
3 1027854
3 1004994
3 893061
3 953955
3 998406
3 976068
3 918927
3 1046250
3 956232
3 993915
3 957339
3 1035081
3 1014732
3 1011636
3 1051497
3 966879
3 922806
3 1071405
3 1018440
3 985851
3 1035738
3 969552
3 976311
3 999144
3 881838
3 930897
3 1012770
3 956988
3 1038276
3 1068984
3 1010637
3 995967
3 991584
3 1056987
3 948618
3 982683
3 938790
3 948186
3 943128
3 988911
3 896157
3 1020753
3 1031553
3 1000629
3 1004895
3 1043658
3 1000215
3 908955
3 922437
3 945477
3 1085463
3 942120
3 939123
3 954108
3 949509
3 991971
3 1055277
3 933264
3 994185
3 998460
3 992385
3 1019583
3 975006
3 954801
3 851760
3 956637
3 835011
3 1021374
3 990081
3 1004769
3 963000
3 980163
3 1068561
3 1069479
3 878472
3 1064826
3 1020843
3 1060362
3 983529
3 930573
3 962748
3 868689
3 974133
3 1070793
3 975591
3 921510
3 832770
3 1062414
3 961857
3 1050354
3 1045665
3 1003671
3 789966
3 997533
3 982251
3 857457
3 1017594
3 1067607
3 1043523
3 1014363
3 997281
3 1057806
3 1018062
3 966276
3 962802
3 865017
3 978489
3 1075185
3 992115
3 764109
3 1060830
3 879345
3 922761
3 1008054
3 1026396
3 984177
3 894150
3 932067
3 1065996
3 886338
3 966276
3 893043
3 944964
3 919350
3 968472
3 1005849
3 809973
3 933858
3 981891
3 953928
3 969426
3 953415
3 1043496
3 998703
3 1076526
3 921861
3 940437
3 1101033
3 1001691
3 929079
3 985464
3 961047
3 1014705
3 1024344
3 884727
3 1026531
3 989649
3 795015
3 961416
3 955242
3 953793
3 840690
3 944289
3 1029411
3 944181
3 981324
3 976914
3 1011816
3 975618
3 919080
3 1068912
3 944667
3 995544
3 1068696
3 902637
3 963576
3 981810
3 872235
3 1060488
3 1016973
3 968184
3 977148
3 989631
3 941220
3 1072305
3 956511
3 885654
3 785970
3 1018800
3 882738
3 949887
3 876699
3 989226
3 1073232
3 984096
3 998163
3 916803
3 987057
3 921474
3 919287
3 1054323
3 993195
3 974862
3 1059471
3 1036404
3 1017648
3 1004778
3 954018
3 942615
3 916227
3 1046574
3 939501
3 933336
3 1015245
3 1024938
3 935568
3 982143
3 802053
3 1027377
3 989316
3 1002879
3 974646
3 924750
3 1004238
3 1067616
3 957348
3 1035072
3 1067301
3 988659
3 962838
3 1019817
3 1059660
3 994779
3 909855
3 1122930
3 974700
3 928440
3 958806
3 936243
3 1071459
3 874998
3 1054053
3 1024056
3 1046925
3 779544
3 906138
3 1080810
3 1054107
3 1077246
3 966312
3 1013733
3 941202
3 913743
3 1042812
3 1049301
3 975915
3 987048
3 991134
3 998802
3 1002474
3 938403
3 876465
3 1042434
3 970893
3 931086
3 978651
3 902322
3 943227
3 1000656
3 1110267
3 922464
3 869418
3 1049868
3 957150
3 1025775
3 986211
3 871731
3 1008801
3 1024641
3 1025559
3 992169
3 942768
3 915633
3 933093
3 1009107
3 967572
3 960264
3 951984
3 1003662
3 1063872
3 1109376
3 904023
3 1005651
3 1034892
3 1020222
3 962019
3 828351
3 1039581
3 937692
3 917613
3 1027512
3 968400
3 1046331
3 1036683
3 989973
3 944757
3 840492
3 928521
3 1002294
3 833931
3 1016478
3 994734
3 803592
3 996831
3 1094400
3 1084887
3 1022166
3 973917
3 1017207
3 971163
3 995355
3 935523
3 962721
3 960975
3 1049256
3 990342
3 971010
3 1106838
3 1064988
3 1011996
3 951624
3 1039518
3 889173
3 952326
3 970614
3 882612
3 1088145
3 1062144
3 907974
3 845892
3 1049679
3 970011
3 917181
3 1043028
3 795825
3 954243
3 1061136
3 997020
3 1050966
3 764505
3 1000179
3 1039734
3 908028
3 893070
3 946017
3 1026540
3 1014363
3 991215
3 1005777
3 1040670
3 919962
3 1122804
3 1046529
3 997542
3 934047
3 1065456
3 1014471
3 1039257
3 918531
3 1008603
3 1006812
3 933111
3 984321
3 933165
3 845766
3 959760
3 1018611
3 899748
3 867717
3 1023867
3 1065654
3 1009998
3 964179
3 999774
3 1046799
3 971406
3 990414
3 1012788
3 933507
3 1044558
3 983529
3 1005273
3 1011222
3 1048734
3 964422
3 1037565
3 1005786
3 953667
3 996480
3 994671
3 1045386
3 987597
3 978543
3 1018197
3 1057104
3 980973
3 1015128
3 935748
3 1019934
3 1069893
3 1029438
3 942066
3 1017225
3 962154
3 974187
3 982710
3 954828
3 1019682
3 932868
3 843651
3 1015785
3 1027872
3 1009323
3 1010259
3 874431
3 908244
3 981504
3 1015128
3 952272
3 953640
3 962721
3 1053864
3 1041417
3 956898
3 971424
3 987858
3 970983
3 1014237
3 959445
3 988749
3 965439
3 910701
3 881784
3 981576
3 884844
3 1011816
3 1036818
3 977373
3 1011528
3 995103
3 982980
3 1038663
3 999837
3 972891
3 1025577
3 1048725
3 1050930
3 1010763
3 1014696
3 981963
3 933822
3 1013868
3 989649
3 862857
3 1079091
3 950292
3 1021509
3 928395
3 851094
3 879246
3 900558
3 1030086
3 1005588
3 985707
3 1063962
3 1018584
3 1055907
3 982413
3 919908
3 1039311
3 987462
3 860751
3 935307
3 956565
3 937908
3 1044981
3 1054368
3 996489
3 989811
3 1028061
3 1017423
3 853065
3 1104741
3 1017783
3 916749
3 950157
3 951336
3 1037646
3 1026603
3 1056501
3 869148
3 1019763
3 985176
3 1034757
3 933705
3 900108
3 941652
3 1043316
3 1028727
3 1009899
3 983043
3 1008918
3 999108
3 1000746
3 905967
3 954585
3 983124
3 1031994
3 969021
3 1045548
3 908991
3 756036
3 919629
3 968202
3 1010358
3 827757
3 1051929
3 968013
3 1030104
3 1004958
3 943470
3 1002528
3 919746
3 1075086
3 954846
3 1037754
3 958014
3 1011834
3 872712
3 930573
3 939375
3 1045305
3 937602
3 924804
3 1024677
3 935775
3 1082907
3 940797
3 1003959
3 927450
3 984915
3 1025208
3 1115937
3 841482
3 1012383
3 954468
3 969246
3 994824
3 1084878
3 999333
3 1045836
3 1053612
3 985284
3 938790
3 936288
3 995814
3 887733
3 1022049
3 1020834
3 1055358
3 952245
3 956304
3 966978
3 870570
3 1023804
3 833094
3 945738
3 1059516
3 1004724
3 994023
3 1013013
3 910440
3 983259
3 1021446
3 1080738
3 962937
3 1026432
3 980190
3 831294
3 996417
3 887184
3 985428
3 963981
3 977976
3 969336
3 850572
3 986886
3 912186
3 998415
3 977328
3 1038231
3 1026189
3 1093248
3 904203
3 926136
3 964197
3 926541
3 968571
3 1045755
3 886707
3 1005237
3 825048
3 973296
3 968490
3 1015983
3 981657
3 1024749
3 855639
3 1032417
3 909729
3 1024911
3 1063935
3 1001592
3 1043721
3 949329
3 878517
3 1070748
3 956142
3 1002681
3 1077084
3 854325
3 1017837
3 1035378
3 983214
3 937458
3 852786
3 1000908
3 905571
3 1078533
3 1034523
3 973800
3 982593
3 978660
3 1008711
3 940410
3 1022076
3 958509
3 1043964
3 822582
3 911817
3 1085040
3 977229
3 903303
3 1016325
3 896994
3 1016172
3 967851
3 978183
3 887742
3 1027629
3 967068
3 1020510
3 993951
3 918234
3 912825
3 905643
3 1076337
3 886959
3 1110168
3 1055403
3 1040238
3 1020474
3 765783
3 997407
3 994239
3 941373
3 1002699
3 925074
3 974799
3 1035918
3 1027953
3 1025631
3 990486
3 976608
3 938223
3 1064340
3 986076
3 1034919
3 951219
3 1000791
3 1002663
3 1022472
3 941490
3 960561
3 935973
3 889587
3 1082151
3 817245
3 957978
3 936315
3 956439
3 992376
3 908559
3 1010376
3 1049706
3 1032471
3 1031535
3 1002249
3 918270
3 892368
3 983628
3 925866
3 910557
3 909270
3 996579
3 1023633
3 939681
3 1021095
3 1108233
3 1054845
3 976347
3 998604
3 921420
3 951363
3 976185
3 1036575
3 820566
3 920286
3 816066
3 978012
3 1046232
3 1014111
3 1058670
3 1055763
3 1029384
3 836658
3 842436
3 1010214
3 966978
3 1001115
3 974772
3 986562
3 867987
3 999594
3 956817
3 840474
3 983349
3 1003617
3 971127
3 1059768
3 859842
3 1078605
3 960246
3 971955
3 953217
3 1016352
3 916335
3 953145
3 1043289
3 1009593
3 948465
3 944055
3 894645
3 1015587
3 980352
3 933642
3 1037763
3 911007
3 950616
3 876762
3 987156
3 1013985
3 975591
3 1009278
3 846234
3 1034055
3 978696
3 1003230
3 1058463
3 783792
3 1094814
3 986724
3 1047915
3 963270
3 937134
3 982773
3 906138
3 918324
3 1005966
3 1016172
3 1050291
3 944991
3 1028997
3 905931
3 906939
3 1007784
3 1063854
3 975060
3 1044360
3 876177
3 1029249
3 977652
3 967365
3 1083294
3 1060461
3 957843
3 859905
3 1081206
3 958059
3 1025496
3 1019448
3 1038339
3 1017351
3 1000080
3 1038006
3 939933
3 949941
3 1014273
3 990513
3 931914
3 981972
3 1010871
3 1076841
3 957051
3 901836
3 1016226
3 979857
3 971469
3 950472
3 951858
3 975636
3 960066
3 1041426
3 981558
3 1053261
3 1016991
3 897057
3 915894
3 1016856
3 937656
3 993771
3 890838
3 937566
3 1061820
3 1037637
3 926829
3 990162
3 1008180
3 1033182
3 981234
3 946782
3 976563
3 950796
3 991170
3 977706
3 944262
3 1018593
3 914778
3 992610
3 904176
3 910773
3 923769
3 1064088
3 955494
3 872217
3 932436
3 1037025
3 921123
3 826641
3 1007694
3 905193
3 951552
3 1094274
3 987426
3 1024596
3 907398
3 933462
3 904320
3 924201
3 989676
3 961515
3 891621
3 898794
3 880200
3 1045368
3 999090
3 958185
3 1029438
3 1055196
3 940734
3 954261
3 991341
3 1019439
3 1023597
3 991692
3 987066
3 1040076
3 1028124
3 937773
3 880614
3 946836
3 900756
3 1012734
3 995967
3 840870
3 995580
3 881784
3 1078740
3 995535
3 1085463
3 982341
3 983439
3 929286
3 1042533
3 853164
3 1064106
3 992556
3 976149
3 856359
3 1032588
3 988200
3 1018197
3 929529
3 1009872
3 1054107
3 999135
3 986526
3 936072
3 885285
3 907938
3 976887
3 1016631
3 1036125
3 963306
3 955935
3 1069380
3 966303
3 1018152
3 985149
3 1017090
3 942849
3 861462
3 1066626
3 965592
3 935964
3 953973
3 982926
3 1007226
3 986256
3 999063
3 1017576
3 1052802
3 913842
3 1007469
3 900063
3 798867
3 850545
3 1031751
3 1053918
3 991116
3 1088811
3 985257
3 998451
3 980982
3 957339
3 972288
3 1014174
3 1032957
3 1065996
3 1010115
3 888543
3 972468
3 979191
3 927261
3 1000206
3 844371
3 992358
3 911583
3 1002474
3 1033560
3 989118
3 961992
3 981144
3 904545
3 1049526
3 922068
3 1033767
3 936585
3 844245
3 1005759
3 932418
3 945810
3 987831
3 986130
3 1037493
3 891162
3 957240
3 1010313
3 918594
3 860580
3 988578
3 1006335
3 930825
3 1016694
3 983646
3 1011159
3 1045251
3 1055520
3 983088
3 994527
3 961776
3 958761
3 899316
3 805779
3 993186
3 970974
3 930474
3 1022625
3 1006146
3 967185
3 953946
3 976023
3 927747
3 1031769
3 897813
3 941094
3 959760
3 960714
3 1024425
3 1021797
3 1044180
3 1038294
3 874026
3 893250
3 916200
3 999315
3 1068768
3 1019916
3 1004526
3 939339
3 891999
3 977787
3 1030932
3 1037052
3 850851
3 1015128
3 905184
3 1001619
3 1068183
3 964881
3 1048914
3 1008297
3 936765
3 981468
3 1014075
3 984069
3 1032786
3 979740
3 921285
3 845010
3 960300
3 980649
3 928746
3 1002681
3 979614
3 974601
3 982368
3 906012
3 929565
3 1002699
3 940716
3 1016523
3 1056186
3 976185
3 938592
3 1000899
3 860940
3 998973
3 859482
3 875682
3 817974
3 996111
3 1039221
3 1012320
3 977193
3 1056141
3 763884
3 1059993
3 1037682
3 1043568
3 1006848
3 1063044
3 1045881
3 1042749
3 918729
3 920961
3 914643
3 1074051
3 818640
3 1036197
3 832221
3 859968
3 947403
3 848925
3 996723
3 952407
3 958275
3 995670
3 1007019
3 937656
3 1006056
3 1013400
3 1004670
3 1020303
3 1050399
3 992349
3 991368
3 923616
3 902979
3 946035
3 1003968
3 914148
3 987786
3 1052109
3 1016721
3 877599
3 877590
3 1005615
3 982899
3 1077219
3 986526
3 952992
3 1016955
3 989784
3 853740
3 987435
3 954972
3 1018665
3 938322
3 966618
3 1012419
3 1046268
3 993600
3 998784
3 1001907
3 946980
3 1003671
3 1038627
3 1006560
3 991287
3 984555
3 1018521
3 996912
3 974169
3 925974
3 1064115
3 983475
3 968454
3 992340
3 918207
3 1034397
3 855072
3 1063350
3 1006578
3 1000467
3 1030869
3 1037556
3 1006308
3 1030617
3 1013319
3 1010331
3 958338
3 1063350
3 1021806
3 1064259
3 1000971
3 1085112
3 1006560
3 1105632
3 1079514
3 1024326
3 962865
3 921312
3 992583
3 928899
3 954963
3 924813
3 1072557
3 1055223
3 817047
3 943452
3 992097
3 1052262
3 809208
3 862731
3 993708
3 1083366
3 986130
3 940932
3 1019934
3 1013553
3 998658
3 1002906
3 1091070
3 961452
3 1002645
3 1011384
3 997074
3 1012995
3 968859
3 959823
3 953298
3 978039
3 996327
3 1036782
3 992349
3 1016280
3 1015632
3 983250
3 1002960
3 964332
3 969138
3 968031
3 1056699
3 961308
3 1053765
3 911385
3 1046322
3 962631
3 837531
3 886158
3 1041984
3 997785
3 984708
3 963981
3 1097100
3 1052982
3 985968
3 1064421
3 971532
3 1042479
3 986427
3 1026522
3 1093761
3 943614
3 1028178
3 970146
3 1001952
3 899856
3 1058319
3 1065987
3 913662
3 850347
3 953811
3 958968
3 889893
3 962730
3 944694
3 931986
3 996723
3 1005228
3 951183
3 1032201
3 996489
3 1032120
3 1009998
3 1053180
3 1043469
3 869931
3 1067913
3 847575
3 1071657
3 958905
3 925416
3 1072440
3 956853
3 887247
3 1057500
3 1066203
3 1081863
3 1013283
3 883089
3 1046997
3 966924
3 1041795
3 994653
3 947880
3 1040895
3 903303
3 836109
3 988083
3 1033686
3 1028952
3 1054494
3 956988
3 1123038
3 912834
3 948492
3 926136
3 1008873
3 978966
3 1063467
3 942651
3 1027701
3 1015533
3 1000170
3 878166
3 873036
3 1002591
3 982728
3 856062
3 864999
3 1086498
3 993942
3 893952
3 999900
3 859932
3 974880
3 918549
3 1010106
3 935145
3 1022607
3 963864
3 1000458
3 979182
3 1001052
3 1024119
3 993078
3 972522
3 907695
3 1025955
3 922140
3 956808
3 1004814
3 898389
3 1015542
3 911772
3 945180
3 980019
3 973728
3 1061118
3 980154
3 926559
3 962136
3 875952
3 1020330
3 999594
3 995400
3 978048
3 927045
3 993402
3 1038267
3 860733
3 1003887
3 1062567
3 929925
3 780516
3 1118799
3 1025901
3 1020339
3 1001412
3 984357
3 1038951
3 954126
3 927360
3 1037286
3 888012
3 1037241
3 962253
3 873234
3 991863
3 933093
3 880830
3 915057
3 1026351
3 927486
3 1105713
3 972891
3 1021626
3 1091259
3 986184
3 932751
3 941607
3 886194
3 955872
3 1057068
3 994824
3 989136
3 981288
3 1004814
3 891216
3 963441
3 871596
3 1042452
3 975771
3 953658
3 968778
3 973755
3 878220
3 821385
3 1032759
3 1002690
3 918414
3 1013328
3 1001646
3 981315
3 942930
3 1058616
3 793188
3 1021878
3 1010844
3 1002375
3 860166
3 995508
3 994113
3 927585
3 1033947
3 883305
3 1087848
3 1031292
3 1022400
3 905697
3 1055925
3 977805
3 998127
3 966051
3 1023336
3 995274
3 996003
3 1004121
3 1029852
3 1003374
3 899694
3 1022490
3 1062477
3 983412
3 853821
3 968112
3 1063035
3 1013121
3 906282
3 1012842
3 1010520
3 992835
3 1040868
3 988830
3 1032660
3 1037817
3 904410
3 1031598
3 986130
3 1011204
3 1062171
3 1056825
3 1040220
3 982980
3 1045737
3 1073142
3 984915
3 1044144
3 997011
3 1009188
3 996633
3 943578
3 1109700
3 1011780
3 1021716
3 991062
3 836460
3 983250
3 1022904
3 983808
3 967239
3 1049148
3 987093
3 968184
3 892566
3 836235
3 1009341
3 1128438
3 883944
3 992349
3 940572
3 1035756
3 1029285
3 963144
3 947016
3 1041417
3 978777
3 1010547
3 1034451
3 776736
3 968265
3 1012248
3 954675
3 939555
3 1077885
3 991566
3 897075
3 743094
3 1016352
3 1040580
3 924975
3 792738
3 976797
3 1024740
3 1054053
3 949374
3 1045017
3 991926
3 971325
3 971154
3 1015803
3 999495
3 947790
3 931608
3 1017072
3 912240
3 1010268
3 1041705
3 794088
3 1015128
3 1099017
3 1020312
3 1007847
3 1020420
3 1074411
3 868428
3 965943
3 930744
3 987102
3 815265
3 1062180
3 964692
3 888516
3 963864
3 1025901
3 910134
3 891720
3 1052703
3 1080108
3 983196
3 882567
3 1023615
3 993456
3 828468
3 855855
3 882108
3 1038843
3 940833
3 965178
3 1013328
3 864621
3 989667
3 922122
3 965538
3 1041147
3 983475
3 1036323
3 1010745
3 1018575
3 930978
3 936072
3 962271
3 943146
3 969480
3 1000512
3 1110798
3 1020933
3 1037538
3 878130
3 977193
3 979200
3 1029069
3 987300
3 1047042
3 856539
3 999180
3 927198
3 921582
3 980847
3 981477
3 975888
3 934533
3 887940
3 1017054
3 957510
3 1027332
3 1051767
3 1038393
3 933462
3 1072161
3 864198
3 1041192
3 871803
3 989082
3 1021383
3 881253
3 1027458
3 1028421
3 1017774
3 978606
3 909585
3 954540
3 1035567
3 1025811
3 1015650
3 917136
3 1044945
3 996570
3 948285
3 929124
3 992565
3 1022850
3 923985
3 1001943
3 819099
3 994140
3 994788
3 974295
3 972225
3 999459
3 1005903
3 1007739
3 970839
3 909090
3 993411
3 1041156
3 836154
3 923103
3 1070811
3 742887
3 898938
3 965268
3 952515
3 966816
3 1040679
3 986463
3 989928
3 1088253
3 1005102
3 992493
3 871065
3 856287
3 990684
3 914634
3 1048950
3 1032975
3 861786
3 1007874
3 927054
3 828594
3 1032894
3 1047663
3 1001502
3 1046943
3 969021
3 997659
3 899631
3 988128
3 1028331
3 961326
3 907362
3 1049103
3 922752
3 902367
3 1003500
3 978678
3 1040958
3 999063
3 908649
3 1038960
3 963315
3 996975
3 898299
3 1041048
3 1076139
3 1018062
3 1021266
3 1077354
3 951102
3 1012275
3 1022274
3 1000224
3 931095
3 930321
3 862515
3 1082007
3 1033317
3 1018296
3 971658
3 1019583
3 850878
3 1006200
3 1071405
3 883206
3 843381
3 1008045
3 1029249
3 952758
3 1007307
3 1016802
3 993195
3 954315
3 1025658
3 1074564
3 934497
3 972558
3 967680
3 1069875
3 1027557
3 978885
3 850158
3 970362
3 966474
3 996705
3 925884
3 1046637
3 910053
3 1003977
3 972360
3 1088964
3 1014831
3 873009
3 981801
3 955305
3 1011015
3 879021
3 999243
3 977895
3 980064
3 947916
3 1063395
3 1022886
3 924111
3 1036206
3 993636
3 1089864
3 1019169
3 994158
3 913212
3 977301
3 1007658
3 1018917
3 1017324
3 852993
3 997641
3 1044963
3 1001700
3 1003923
3 1041813
3 960957
3 957933
3 1037475
3 938853
3 997506
3 992979
3 1057968
3 1057734
3 917082
3 924156
3 1056744
3 1022868
3 1063728
3 960858
3 920979
3 970560
3 1052505
3 1025028
3 1054593
3 818262
3 999981
3 984546
3 992052
3 998055
3 924300
3 844794
3 1003707
3 1049904
3 986355
3 1048194
3 1016676
3 964791
3 1084158
3 1017405
3 1047285
3 988713
3 1011636
3 991683
3 845865
3 1026558
3 1021437
3 999990
3 955044
3 968211
3 944451
3 840105
3 934704
3 1033740
3 930735
3 954369
3 1056240
3 894888
3 992619
3 899415
3 1054773
3 942120
3 1006254
3 1076850
3 997803
3 1005453
3 1052127
3 995571
3 999576
3 990486
3 955251
3 919728
3 976698
3 1049238
3 1018134
3 857844
3 987057
3 941121
3 993753
3 957465
3 1108242
3 1043730
3 1031427
3 1056510
3 960750
3 1038519
3 840357
3 938916
3 976383
3 1047132
3 998928
3 854802
3 1038645
3 1060641
3 944613
3 916335
3 1085022
3 1036431
3 952443
3 967509
3 975627
3 948609
3 931410
3 1008621
3 1020843
3 941805
3 1000377
3 931122
3 861939
3 1063296
3 990351
3 973395
3 996642
3 1057527
3 897444
3 921060
3 1017702
3 1073295
3 938655
3 1037412
3 1051200
3 979812
3 849510
3 1067769
3 1041210
3 929484
3 1057221
3 1009764
3 1010475
3 939663
3 1034964
3 924462
3 1079973
3 944235
3 1034568
3 1067715
3 1021302
3 1013031
3 1052154
3 924003
3 989694
3 942777
3 975573
3 988434
3 1008009
3 989775
3 985590
3 975519
3 1009953
3 989820
3 995508
3 1041291
3 802494
3 934794
3 968625
3 928800
3 802017
3 945396
3 882459
3 977778
3 1064232
3 1013103
3 1074294
3 983250
3 1012410
3 1020195
3 989424
3 1001556
3 1035018
3 947394
3 935991
3 1074087
3 991350
3 994797
3 1047141
3 1013931
3 965817
3 1003797
3 970317
3 986166
3 982161
3 942318
3 1080657
3 913716
3 849753
3 986868
3 973008
3 1034352
3 1014777
3 1066806
3 894852
3 1009476
3 1083933
3 1068372
3 932823
3 855279
3 970569
3 929340
3 886896
3 871893
3 1036755
3 1010682
3 926055
3 977517
3 944433
3 1045836
3 922779
3 1117602
3 856647
3 912339
3 918729
3 979983
3 896787
3 986445
3 1053513
3 965790
3 946881
3 935640
3 994599
3 995499
3 1004562
3 991413
3 1010115
3 1071441
3 933741
3 921834
3 1003356
3 990378
3 855972
3 1003770
3 950634
3 993474
3 876033
3 980253
3 935703
3 1068444
3 1044117
3 995121
3 963549
3 1016235
3 870750
3 991935
3 1005399
3 970875
3 977166
3 1000017
3 940464
3 948663
3 975591
3 942345
3 816039
3 862119
3 891054
3 967338
3 886248
3 988110
3 979002
3 1059525
3 1008126
3 1025667
3 1103715
3 984159
3 1055655
3 1056888
3 1051758
3 952335
3 955503
3 981441
3 926100
3 1060038
3 1029843
3 1032804
3 1001340
3 1012050
3 1002996
3 906543
3 984294
3 1016793
3 926100
3 1031301
3 974637
3 1100646
3 828774
3 1006497
3 905949
3 901566
3 934434
3 799659
3 992907
3 873774
3 915138
3 917100
3 1011123
3 1019655
3 1068363
3 976329
3 820818
3 981342
3 990495
3 1012545
3 784575
3 1052064
3 985131
3 950139
3 1043091
3 948582
3 1050894
3 972513
3 1001196
3 945171
3 936558
3 883827
3 972423
3 962577
3 1024335
3 998631
3 848178
3 1017270
3 984465
3 928539
3 996984
3 859698
3 975708
3 931842
3 1031796
3 989235
3 1001493
3 977859
3 1041201
3 940698
3 1013931
3 1034946
3 848043
3 1039428
3 993609
3 979785
3 957861
3 961461
3 963018
3 968823
3 948618
3 943920
3 1001718
3 1020033
3 912969
3 743229
3 984978
3 1071216
3 1025424
3 1048050
3 961497
3 876654
3 981306
3 1119825
3 962190
3 995211
3 932949
3 968499
3 993204
3 915480
3 954927
3 993645
3 896715
3 1001286
3 990450
3 993960
3 1025703
3 1058985
3 1067940
3 926622
3 1002834
3 991458
3 893457
3 985140
3 925407
3 940140
3 924345
3 975771
3 1037259
3 977625
3 889227
3 895491
3 947529
3 999333
3 972720
3 1006785
3 896814
3 1031337
3 951885
3 1044594
3 938439
3 913635
3 846180
3 918711
3 1022013
3 952722
3 1004823
3 997317
3 930780
3 887643
3 971802
3 1038987
3 934038
3 948096
3 1047024
3 1045683
3 963819
3 942066
3 936765
3 959553
3 895500
3 1004004
3 1034829
3 1049796
3 1029897
3 971748
3 971721
3 1045197
3 992655
3 995031
3 920178
3 994293
3 998784
3 1064808
3 1030590
3 906489
3 1012707
3 978408
3 947187
3 1012329
3 992853
3 982746
3 900585
3 1019673
3 1010106
3 1092969
3 970191
3 969462
3 943569
3 881703
3 991413
3 1105605
3 994626
3 1076913
3 969165
3 1062234
3 990144
3 1086660
3 1001853
3 1015866
3 919179
3 873675
3 1020825
3 871173
3 962217
3 1049472
3 940797
3 913203
3 1026891
3 1064979
3 1058436
3 968994
3 1002456
3 927612
3 999468
3 1055412
3 1022967
3 991350
3 1040013
3 1024785
3 936936
3 1004994
3 1001511
3 975357
3 1044117
3 967509
3 893844
3 945864
3 956529
3 1047825
3 1019178
3 1005948
3 1018377
3 1076310
3 849699
3 885789
3 976806
3 932562
3 944244
3 1069272
3 869481
3 1094886
3 847683
3 1005579
3 1026891
3 977256
3 944487
3 1045629
3 995769
3 966015
3 1004526
3 974475
3 968112
3 1007937
3 1040769
3 1079406
3 857358
3 897471
3 1030554
3 945081
3 923076
3 1050696
3 991089
3 995499
3 867942
3 876726
3 868905
3 868626
3 899577
3 1078191
3 823752
3 998406
3 922212
3 974079
3 1027746
3 959292
3 1003923
3 1084707
3 931743
3 974772
3 1090017
3 897831
3 1054476
3 944019
3 976293
3 986805
3 945504
3 1041273
3 1052865
3 1019277
3 988515
3 1038906
3 1037565
3 938835
3 894690
3 1045746
3 969939
3 939636
3 894510
3 1078569
3 947133
3 909045
3 1037466
3 911934
3 940464
3 1003041
3 1037133
3 956466
3 1071117
3 1007451
3 992691
3 1032795
3 971073
3 1012176
3 972801
3 953910
3 1048221
3 967662
3 908217
3 1061370
3 852615
3 1077831
3 1001250
3 925416
3 1075194
3 1034217
3 968166
3 1025100
3 959130
3 1041651
3 1023480
3 940374
3 1039644
3 987471
3 1064799
3 911673
3 943326
3 934200
3 935955
3 1078443
3 875277
3 967482
3 849726
3 1032516
3 880470
3 967761
3 960948
3 985887
3 964611
3 908217
3 982404
3 954468
3 938322
3 876969
3 926163
3 1010835
3 941634
3 1034316
3 998478
3 967563
3 886023
3 989064
3 958932
3 959328
3 965862
3 1012752
3 989577
3 938745
3 1093212
3 987642
3 1051749
3 1066797
3 979623
3 1044081
3 922392
3 1030473
3 854370
3 904887
3 997731
3 974061
3 929286
3 994797
3 1049463
3 988668
3 993321
3 1039149
3 979974
3 1048563
3 1042317
3 1022553
3 1046268
3 974412
3 957546
3 988749
3 1032462
3 1071558
3 1003815
3 1011744
3 1026864
3 1031715
3 974844
3 965691
3 1094112
3 1027170
3 1040076
3 997047
3 950643
3 999621
3 945396
3 1078560
3 948690
3 954810
3 1003707
3 1087425
3 897201
3 989217
3 1001007
3 1003653
3 806733
3 981621
3 1007748
3 920439
3 1066068
3 1057158
3 876159
3 895032
3 1021626
3 996021
3 1014516
3 1035810
3 893259
3 831384
3 1010826
3 972396
3 1061982
3 931194
3 835101
3 1004661
3 1005174
3 835425
3 975609
3 1002996
3 953109
3 1021734
3 960939
3 949815
3 1066149
3 1023687
3 993177
3 945792
3 1029321
3 961200
3 960534
3 1035153
3 928728
3 991467
3 986607
3 824805
3 850905
3 1039959
3 1073214
3 986544
3 847449
3 1001880
3 1038726
3 987624
3 886086
3 1037439
3 1015434
3 987957
3 926406
3 1057887
3 1005876
3 936369
3 936873
3 1015236
3 1096056
3 1018035
3 980208
3 991935
3 918468
3 1042155
3 1019610
3 1089549
3 968202
3 776277
3 954171
3 1102284
3 966708
3 971955
3 1005210
3 983430
3 967113
3 974754
3 1092915
3 1032426
3 962685
3 1053891
3 1013544
3 936378
3 964899
3 941427
3 995598
3 886410
3 938115
3 955386
3 976185
3 1035774
3 998586
3 1050534
3 877653
3 1029537
3 961641
3 1037979
3 982971
3 874485
3 1040319
3 941841
3 908109
3 935919
3 983700
3 885033
3 1061082
3 927828
3 996003
3 1007622
3 1095138
3 913032
3 1044045
3 848592
3 973674
3 889515
3 826713
3 1015407
3 1008603
3 976914
3 1009089
3 942651
3 1011618
3 998820
3 897264
3 951696
3 818496
3 1081251
3 931176
3 1008738
3 922527
3 945585
3 959742
3 1008972
3 1003815
3 1002996
3 880587
3 1123470
3 1081611
3 1011015
3 919530
3 922779
3 835407
3 925461
3 924003
3 1039293
3 950436
3 1024965
3 1041417
3 982755
3 1028664
3 1038015
3 955071
3 1001997
3 997281
3 1057671
3 1023858
3 980991
3 989964
3 978111
3 962145
3 987003
3 938061
3 988110
3 974088
3 933822
3 966141
3 998325
3 1020645
3 1021770
3 916884
3 889695
3 970785
3 1045089
3 939447
3 984951
3 896562
3 1023804
3 946971
3 935721
3 923859
3 969795
3 1023075
3 963378
3 918972
3 1018521
3 1030050
3 1016748
3 1036476
3 918054
3 898569
3 1011384
3 932913
3 914094
3 920430
3 1043046
3 966411
3 908883
3 980784
3 925596
3 951615
3 897255
3 884808
3 1044981
3 1000611
3 962730
3 1031616
3 1023075
3 1005840
3 949581
3 980802
3 1007604
3 1058697
3 1078173
3 904914
3 1076256
3 1056771
3 909657
3 1000413
3 945207
3 987822
3 1003716
3 886761
3 954063
3 985455
3 1020699
3 992718
3 937278
3 1032462
3 873603
3 1051254
3 1034766
3 822159
3 930249
3 1037709
3 912015
3 951678
3 914769
3 1045836
3 1025847
3 1037214
3 1053567
3 984159
3 1039392
3 1023624
3 1005606
3 863370
3 984312
3 960012
3 1021968
3 1023165
3 984816
3 1002042
3 990000
3 994068
3 950328
3 1066257
3 962361
3 973044
3 913230
3 1050318
3 983772
3 1097037
3 1088001
3 1011024
3 972252
3 883512
3 976581
3 991179
3 1006848
3 963108
3 952533
3 1022904
3 884151
3 991674
3 999837
3 974736
3 1001493
3 952434
3 1056015
3 969111
3 1033452
3 903411
3 1014849
3 910710
3 870759
3 946917
3 952758
3 1073448
3 1004319
3 953109
3 928044
3 950076
3 990270
3 846477
3 970992
3 869139
3 995967
3 975762
3 761040
3 1017675
3 930879
3 986841
3 1028790
3 1041957
3 1025694
3 1044576
3 980163
3 1044873
3 904050
3 1073484
3 918594
3 1014993
3 1076391
3 920043
3 970785
3 1022472
3 962640
3 1011204
3 987345
3 998973
3 1006542
3 1014309
3 1056636
3 988497
3 979317
3 1011060
3 1050219
3 1010088
3 1047069
3 913635
3 961047
3 1005921
3 1019061
3 1016280
3 1003329
3 942669
3 1006308
3 995652
3 1049895
3 982755
3 962226
3 1024290
3 943371
3 979650
3 996210
3 907227
3 967689
3 1005516
3 995148
3 908775
3 1066275
3 960156
3 945684
3 1028160
3 1054368
3 995481
3 940302
3 942669
3 883386
3 1024893
3 955548
3 989406
3 1035423
3 1068732
3 923499
3 1098270
3 997893
3 908001
3 832860
3 998343
3 1003320
3 861453
3 821619
3 970002
3 1022301
3 976203
3 1062891
3 1023795
3 950778
3 1048185
3 1042668
3 1008684
3 998604
3 1026126
3 1019052
3 868500
3 921897
3 985716
3 1116576
3 825345
3 1092969
3 999351
3 995994
3 1001862
3 973125
3 1038393
3 927396
3 854982
3 1032300
3 955485
3 916182
3 984483
3 1093293
3 976122
3 943101
3 1061442
3 970983
3 919314
3 926838
3 1010601
3 1020996
3 1007973
3 1009629
3 953370
3 1022706
3 843327
3 939222
3 986598
3 980280
3 1011735
3 947772
3 986328
3 859248
3 835218
3 1119663
3 1078821
3 831942
3 1004445
3 977193
3 1019529
3 1017594
3 987975
3 1089522
3 972153
3 958563
3 1036269
3 1013940
3 975303
3 903933
3 1072260
3 1096308
3 944046
3 992601
3 1005822
3 1055907
3 991197
3 995022
3 1060011
3 1013967
3 983610
3 1020447
3 996966
3 976500
3 960021
3 931590
3 1009971
3 1027755
3 944406
3 1047870
3 1035117
3 992133
3 979389
3 970875
3 1033191
3 1019403
3 997425
3 1019889
3 949239
3 948375
3 1024794
3 969624
3 972702
3 1013418
3 949077
3 928674
3 978543
3 938241
3 1000485
3 1016307
3 1088874
3 942111
3 1006029
3 952056
3 1023696
3 1048446
3 1028133
3 1017684
3 1036062
3 1046439
3 1038744
3 966528
3 966267
3 1015200
3 1046862
3 1076958
3 1079982
3 986301
3 956007
3 995319
3 1031733
3 933102
3 984852
3 1048518
3 1036638
3 938745
3 988893
3 1002798
3 1015470
3 1083672
3 955908
3 871749
3 991098
3 984249
3 933264
3 1030941
3 955548
3 946044
3 1063584
3 999018
3 1045305
3 959229
3 989496
3 972459
3 1050561
3 1084050
3 1008297
3 847836
3 1044711
3 976941
3 1061577
3 959346
3 1065555
3 902970
3 1028844
3 984393
3 1054197
3 743418
3 935541
3 968949
3 1052658
3 891504
3 1016487
3 1079361
3 984348
3 988749
3 996588
3 979578
3 1007010
3 929691
3 944784
3 1032858
3 979470
3 955233
3 844722
3 1084518
3 1008153
3 945594
3 1007532
3 1002591
3 1022787
3 990162
3 920619
3 893655
3 969669
3 1034739
3 882360
3 1034802
3 1039770
3 1046286
3 922905
3 980658
3 939978
3 1023381
3 1097019
3 1078569
3 920799
3 999486
3 930735
3 842400
3 881955
3 858951
3 1020879
3 1079352
3 1010574
3 813672
3 1021482
3 976455
3 807381
3 979137
3 978075
3 994923
3 1000017
3 1026000
3 1001727
3 934281
3 1009287
3 1086939
3 971064
3 1012032
3 1006650
3 966051
3 884277
3 925506
3 984582
3 949050
3 984744
3 973737
3 1045071
3 947817
3 934533
3 1026774
3 847413
3 1032309
3 965367
3 981324
3 1026126
3 921510
3 1000152
3 993159
3 1084428
3 935964
3 1072494
3 978534
3 998784
3 995004
3 1033677
3 1043208
3 1017144
3 980658
3 1040814
3 936396
3 935109
3 832365
3 966645
3 989820
3 1088001
3 1037943
3 994329
3 1040598
3 892449
3 971541
3 973026
3 1085697
3 1038708
3 986328
3 900801
3 946404
3 1025757
3 994869
3 1027593
3 1036503
3 1031445
3 996183
3 971109
3 1009314
3 995382
3 972153
3 988785
3 1047330
3 996633
3 1025532
3 868833
3 853632
3 1034523
3 1006074
3 939465
3 1007145
3 862758
3 1060218
3 901368
3 977535
3 996408
3 885924
3 1036494
3 982899
3 938835
3 968301
3 1012986
3 807147
3 910350
3 957951
3 951660
3 1067940
3 898992
3 1014714
3 941310
3 921204
3 1002375
3 1040301
3 1056888
3 924921
3 881901
3 969642
3 978417
3 1025883
3 965349
3 861282
3 997209
3 1047123
3 1034442
3 966843
3 925992
3 1043550
3 1070433
3 966375
3 887751
3 940896
3 1078128
3 1027071
3 1021401
3 1090647
3 986049
3 939060
3 971190
3 1032741
3 1032003
3 871659
3 851904
3 845811
3 1037277
3 960282
3 1013391
3 977112
3 1055889
3 889290
3 1008864
3 1065798
3 882486
3 934344
3 880452
3 1077588
3 977598
3 983925
3 964701
3 958869
3 993780
3 991062
3 998820
3 1036296
3 1019232
3 977076
3 990783
3 999405
3 891396
3 1030248
3 992214
3 1017477
3 950931
3 1035729
3 928710
3 993069
3 904167
3 987813
3 926802
3 966591
3 887562
3 1053513
3 870939
3 937701
3 920394
3 906813
3 851499
3 978624
3 992061
3 1098747
3 935487
3 1017243
3 1045242
3 946944
3 845703
3 1065699
3 972738
3 1029411
3 951309
3 949707
3 1012761
3 1009899
3 968472
3 990846
3 982458
3 1054728
3 1022373
3 1040490
3 992502
3 935937
3 929403
3 994446
3 869112
3 939654
3 951327
3 1088946
3 986814
3 970380
3 1011771
3 983070
3 979299
3 1036557
3 1002717
3 1051110
3 1003032
3 931797
3 964575
3 833121
3 920187
3 1049859
3 974493
3 973197
3 981027
3 952632
3 957546
3 1048995
3 987903
3 938844
3 1041201
3 925830
3 931608
3 992781
3 924012
3 1067049
3 1009854
3 932283
3 787833
3 1059642
3 1068687
3 977688
3 958410
3 972027
3 996021
3 1033614
3 1057383
3 928998
3 1040715
3 902709
3 915417
3 922725
3 943623
3 788904
3 1024704
3 1068903
3 1019628
3 973053
3 1102887
3 925713
3 929664
3 1038870
3 978687
3 956592
3 1065834
3 1000746
3 1039041
3 844326
3 1045962
3 1000944
3 965430
3 1007433
3 998307
3 879903
3 1000440
3 842463
3 986634
3 939474
3 944298
3 1084824
3 951336
3 973953
3 1039770
3 980667
3 941418
3 1113021
3 1048878
3 1021203
3 944676
3 977535
3 976797
3 927072
3 1016100
3 1031553
3 1011231
3 925695
3 1083942
3 966213
3 987219
3 1052838
3 967572
3 1113714
3 942903
3 1037034
3 1030599
3 903744
3 1049616
3 1031913
3 950409
3 1043667
3 896076
3 1026882
3 962100
3 936216
3 873180
3 1039500
3 1028394
3 989334
3 1069155
3 961830
3 852480
3 1010961
3 1038186
3 1029942
3 863766
3 938799
3 963117
3 995211
3 976176
3 971667
3 920781
3 1019421
3 990387
3 1001151
3 952749
3 937116
3 1030392
3 936900
3 1022661
3 973269
3 1022562
3 1009629
3 1034064
3 1022481
3 980505
3 920286
3 959634
3 947160
3 983520
3 941742
3 1006902
3 998010
3 924372
3 1047780
3 918567
3 883233
3 1008405
3 1022868
3 998307
3 1054296
3 963621
3 1103814
3 980838
3 966654
3 1072530
3 953793
3 989406
3 996354
3 955440
3 1060929
3 929457
3 992367
3 1119456
3 869598
3 967536
3 1016379
3 1040778
3 1037799
3 997299
3 997983
3 1037808
3 1074789
3 802746
3 1058328
3 1011114
3 948825
3 1062459
3 1005822
3 1013616
3 1025469
3 906696
3 1033119
3 976176
3 915165
3 961236
3 951921
3 1086183
3 1065483
3 1025973
3 983052
3 891747
3 869481
3 1045422
3 1005516
3 796500
3 988128
3 1038150
3 839592
3 964251
3 1017288
3 993879
3 819432
3 905589
3 1066662
3 1000485
3 973620
3 943947
3 929124
3 1079217
3 904509
3 987597
3 895743
3 982629
3 1048734
3 913581
3 882765
3 943263
3 967509
3 1015677
3 857232
3 948420
3 996687
3 949176
3 1075131
3 1000629
3 956520
3 910692
3 865251
3 861381
3 928737
3 1044207
3 997785
3 942615
3 872514
3 953316
3 1094085
3 893007
3 956952
3 904401
3 1059093
3 961857
3 895815
3 976077
3 884232
3 1012023
3 798804
3 963117
3 982899
3 966501
3 1022535
3 1058967
3 1008117
3 970551
3 1061019
3 980343
3 986598
3 1013724
3 1046916
3 915462
3 1000692
3 983547
3 952110
3 1076940
3 1042506
3 977076
3 1059885
3 893178
3 833040
3 986472
3 1006470
3 1008243
3 999360
3 877041
3 951192
3 1015677
3 966870
3 980766
3 1014390
3 978201
3 1015227
3 1047285
3 905355
3 1004913
3 822681
3 934524
3 895086
3 1000719
3 1056195
3 1025163
3 1021860
3 1030455
3 1081161
3 1048725
3 907020
3 955746
3 1044783
3 1028070
3 949131
3 1001547
3 980460
3 1030320
3 1037043
3 1032804
3 1061829
3 1016820
3 899766
3 959985
3 973260
3 918792
3 975852
3 919494
3 1011033
3 1067913
3 1000827
3 1018206
3 902835
3 989874
3 993285
3 992556
3 930618
3 873774
3 956088
3 1007370
3 991683
3 998937
3 1039455
3 1014237
3 957501
3 970335
3 933489
3 1029384
3 933093
3 943182
3 953478
3 864639
3 1029537
3 993438
3 1043010
3 878427
3 905436
3 882729
3 950436
3 880281
3 928026
3 1027809
3 1071621
3 960615
3 992358
3 966726
3 951102
3 1044081
3 982755
3 969210
3 981693
3 967797
3 805239
3 1001601
3 1031670
3 943254
3 980883
3 1058742
3 1023705
3 1050318
3 1046466
3 1067004
3 1030851
3 999135
3 979245
3 1021041
3 1072233
3 1029150
3 1027440
3 1104453
3 1053747
3 962784
3 956475
3 894645
3 952713
3 985527
3 901422
3 991719
3 976113
3 1015704
3 821673
3 967671
3 1021563
3 915732
3 1073637
3 1056771
3 989460
3 1012842
3 918684
3 988452
3 1016559
3 903267
3 948060
3 1015218
3 918801
3 932076
3 866169
3 951039
3 1009269
3 962289
3 964296
3 891810
3 1030788
3 1024056
3 833490
3 876222
3 950733
3 949590
3 979641
3 974016
3 975267
3 1032246
3 993006
3 833760
3 953055
3 1049688
3 1068345
3 973152
3 950634
3 922356
3 1032309
3 1011654
3 962271
3 824085
3 1019475
3 958680
3 1099422
3 888003
3 1065762
3 1012752
3 1023984
3 1016694
3 1051074
3 1027557
3 1028961
3 972693
3 1027836
3 979470
3 1011879
3 976698
3 952236
3 1044621
3 972405
3 1014138
3 928764
3 1001799
3 927648
3 980001
3 922959
3 1007010
3 968184
3 1011438
3 1001421
3 1031508
3 980766
3 932292
3 1008288
3 1063710
3 1007001
3 1035450
3 827874
3 1040634
3 971370
3 923679
3 1029501
3 993024
3 1008837
3 906084
3 1050291
3 945405
3 998640
3 995364
3 1057023
3 999810
3 1013526
3 1062918
3 975717
3 987966
3 968904
3 1054647
3 931914
3 976725
3 999243
3 1001385
3 1057005
3 917883
3 929646
3 939447
3 955899
3 850311
3 1092681
3 965763
3 873171
3 973233
3 958356
3 940059
3 925731
3 893988
3 871929
3 895680
3 985401
3 1013742
3 964881
3 969597
3 1048437
3 1050039
3 913248
3 1102122
3 1037448
3 874683
3 973791
3 981063
3 974538
3 991917
3 958176
3 983655
3 1058958
3 1024308
3 1000332
3 1028466
3 888165
3 881631
3 1006425
3 988407
3 1061973
3 1017351
3 939240
3 952938
3 979173
3 1022337
3 1026612
3 988029
3 852579
3 984015
3 887679
3 942453
3 993780
3 980964
3 1023966
3 933921
3 1008216
3 960570
3 897210
3 799587
3 994221
3 881604
3 969525
3 949221
3 1015659
3 947304
3 873423
3 1079541
3 903951
3 1004328
3 973764
3 931014
3 1020141
3 974277
3 1040031
3 1048626
3 1050696
3 1024434
3 1053108
3 970911
3 1047789
3 1022526
3 1029186
3 854712
3 1079910
3 1089756
3 986715
3 776655
3 1009404
3 1086885
3 990549
3 862983
3 1042218
3 985923
3 1022643
3 1016271
3 1095696
3 998550
3 784899
3 888174
3 995310
3 928242
3 844344
3 1059660
3 963675
3 975330
3 1027548
3 1028547
3 1062063
3 1045125
3 819000
3 1045260
3 1006785
3 1117890
3 993843
3 1022607
3 1059579
3 828207
3 923976
3 950085
3 832770
3 879750
3 917793
3 870075
3 901737
3 1028646
3 998253
3 989523
3 1126368
3 1023948
3 1030023
3 1004247
3 1023903
3 1062090
3 1059354
3 917946
3 829332
3 1006767
3 967095
3 950571
3 1010988
3 1017045
3 997731
3 991215
3 955233
3 931806
3 1032948
3 1014921
3 941859
3 978426
3 966042
3 929142
3 962100
3 943389
3 1002123
3 882594
3 956682
3 996624
3 850671
3 977292
3 1038780
3 922257
3 890775
3 969012
3 931941
3 1030248
3 1050660
3 1037061
3 942390
3 1014885
3 1005588
3 956610
3 1027773
3 1015272
3 1050048
3 1023876
3 945468
3 899910
3 1019268
3 1068048
3 1047132
3 1026153
3 1031274
3 1029834
3 1057608
3 1001637
3 1066131
3 1003860
3 994662
3 967473
3 1036017
3 990045
3 997524
3 996318
3 784674
3 977382
3 1090044
3 1008540
3 1106649
3 1083033
3 983610
3 993375
3 1042794
3 877932
3 1080702
3 1060020
3 1012482
3 1042623
3 893853
3 971118
3 952227
3 934128
3 1029240
3 937305
3 815274
3 985365
3 874251
3 1025388
3 1006461
3 1032489
3 1001871
3 934191
3 940365
3 958104
3 1014210
3 904203
3 974727
3 960525
3 984231
3 995283
3 831969
3 960228
3 973386
3 985149
3 1043028
3 946602
3 950436
3 1084806
3 972090
3 1035396
3 1047312
3 965619
3 1008801
3 1044864
3 1074978
3 1026801
3 1010844
3 1042029
3 961038
3 892539
3 1038771
3 1049121
3 997479
3 1000944
3 928611
3 1010988
3 939168
3 1039644
3 1003302
3 957024
3 950427
3 912177
3 1045791
3 985284
3 1024695
3 955701
3 1053765
3 1030905
3 925236
3 888651
3 1072161
3 967041
3 970209
3 970605
3 977832
3 978579
3 1044063
3 1021320
3 921636
3 1036863
3 1036332
3 979974
3 1025829
3 1025442
3 1026972
3 1024290
3 880668
3 1001304
3 1053783
3 1111653
3 960273
3 919224
3 943875
3 1026081
3 998874
3 984168
3 1013472
3 986013
3 1037736
3 963432
3 956097
3 1052730
3 1003293
3 936513
3 979335
3 985059
3 903762
3 879264
3 1001160
3 1094670
3 1024956
3 1040868
3 982179
3 965691
3 997713
3 981315
3 1015353
3 971082
3 1039806
3 951885
3 981189
3 1025244
3 1028151
3 909090
3 991458
3 979065
3 1035666
3 807687
3 998451
3 1014309
3 880029
3 939528
3 994788
3 1008459
3 974817
3 973170
3 988623
3 927171
3 1015299
3 1042992
3 933939
3 1071063
3 1029276
3 981558
3 949077
3 896985
3 913995
3 1052712
3 1029114
3 969786
3 933390
3 918567
3 973233
3 965421
3 1003581
3 979056
3 1010466
3 842634
3 904914
3 893106
3 1030905
3 847179
3 1005750
3 863685
3 984123
3 1005327
3 950625
3 1020060
3 943380
3 1031166
3 915210
3 1014363
3 986031
3 1120563
3 869769
3 1056447
3 846963
3 1052082
3 985509
3 1035549
3 837153
3 1043460
3 940212
3 962361
3 1029177
3 1070568
3 1044621
3 961236
3 963747
3 959418
3 988317
3 1034739
3 1028178
3 911610
3 1039617
3 985293
3 1058040
3 767160
3 999045
3 1040157
3 930024
3 931275
3 1008873
3 1066689
3 1005039
3 983592
3 1000251
3 1046898
3 1120221
3 1034478
3 933138
3 1020726
3 994527
3 967104
3 882531
3 1024254
3 1002276
3 1051551
3 1007298
3 954135
3 1050075
3 1006866
3 1050246
3 985266
3 998109
3 1006065
3 946899
3 981198
3 1022139
3 955701
3 1023660
3 952704
3 937215
3 1007451
3 1026405
3 907065
3 1010025
3 953541
3 928467
3 905715
3 935811
3 1022328
3 1088460
3 1046601
3 999270
3 1049076
3 908199
3 963234
3 948177
3 986715
3 954054
3 985203
3 961794
3 1044009
3 979731
3 918180
3 1011186
3 990342
3 940491
3 964584
3 1055088
3 879615
3 1023300
3 1079568
3 1038330
3 1014777
3 831564
3 1047960
3 931221
3 836154
3 732087
3 985761
3 998082
3 1033497
3 924336
3 1009773
3 1003905
3 1009539
3 1005966
3 970605
3 1000053
3 804501
3 1047231
3 1031454
3 952002
3 1011132
3 1073907
3 984573
3 1028799
3 962010
3 999378
3 1049274
3 971064
3 1062531
3 1050696
3 1079145
3 1051560
3 983385
3 987255
3 1060236
3 890406
3 938817
3 799497
3 956745
3 1128708
3 868158
3 1002132
3 964125
3 843975
3 969750
3 848178
3 1038519
3 1002780
3 944091
3 992070
3 1020690
3 1022643
3 974961
3 942183
3 963450
3 1030473
3 959967
3 1024740
3 972666
3 916137
3 937125
3 921951
3 1065330
3 949194
3 1012482
3 989388
3 1006443
3 1035018
3 1015110
3 944838
3 828378
3 964665
3 993861
3 983709
3 870966
3 1058103
3 1010016
3 1014048
3 981000
3 1028898
3 904320
3 1009908
3 943992
3 959049
3 838143
3 992538
3 952272
3 972468
3 995238
3 954864
3 1024065
3 876780
3 1004886
3 1032300
3 1001232
3 1025181
3 966168
3 1007487
3 960129
3 944658
3 1043217
3 1040337
3 912078
3 959832
3 969741
3 958365
3 966429
3 998721
3 1019043
3 954540
3 1044738
3 1047447
3 944397
3 986472
3 1023633
3 1050858
3 1020168
3 1022688
3 949860
3 1000125
3 991989
3 987588
3 1075518
3 1006488
3 1031454
3 1011078
3 1017207
3 862290
3 1011474
3 1033164
3 1047960
3 999009
3 975897
3 950094
3 795528
3 961470
3 943893
3 934407
3 995085
3 935712
3 949023
3 1000962
3 823266
3 1012968
3 865935
3 894348
3 889389
3 934650
3 924552
3 925920
3 954648
3 1049832
3 1058580
3 1088748
3 869751
3 917091
3 975231
3 1115145
3 995031
3 945504
3 971838
3 956619
3 832626
3 997290
3 1043442
3 834561
3 1074402
3 1042776
3 1063908
3 1053720
3 978147
3 910683
3 847008
3 1007739
3 897831
3 890298
3 942966
3 1027062
3 989487
3 1114758
3 1006956
3 994122
3 1026576
3 887157
3 1023858
3 1010961
3 942057
3 896661
3 973053
3 956160
3 1039068
3 971217
3 966258
3 924660
3 992448
3 1103481
3 1026468
3 988551
3 929619
3 1040679
3 1029168
3 1031175
3 946593
3 1038699
3 978327
3 1042110
3 966015
3 1065240
3 880542
3 832815
3 1008207
3 988857
3 1037988
3 963801
3 981522
3 871389
3 979137
3 885843
3 979848
3 845370
3 888723
3 1053027
3 961569
3 1012887
3 1053981
3 941715
3 1031085
3 934947
3 941670
3 963666
3 994122
3 843192
3 955584
3 975519
3 949230
3 1056933
3 1038690
3 927189
3 970263
3 1036332
3 1005309
3 1024578
3 940968
3 924390
3 960120
3 937836
3 1041318
3 956880
3 935307
3 1051074
3 960795
3 1061892
3 1028943
3 867384
3 1078434
3 983520
3 929925
3 936450
3 859014
3 1032129
3 966771
3 1009953
3 909864
3 970191
3 1072692
3 935208
3 1006893
3 1022463
3 1036440
3 867087
3 862497
3 951264
3 1031724
3 989559
3 969111
3 955656
3 942264
3 1054233
3 1023984
3 960354
3 1011420
3 1014525
3 1042947
3 1056195
3 1035738
3 1009953
3 1102356
3 885825
3 943290
3 1089621
3 949707
3 998199
3 930645
3 936522
3 1048221
3 1101006
3 1014939
3 966159
3 965781
3 944811
3 945072
3 975987
3 1040607
3 1001835
3 1048851
3 937827
3 980415
3 1058922
3 850176
3 943326
3 832446
3 985752
3 1000350
3 911007
3 1007514
3 996957
3 974268
3 999504
3 979947
3 848916
3 965880
3 1099179
3 1048311
3 1006902
3 987858
3 882846
3 1123371
3 998046
3 862002
3 831375
3 947772
3 955278
3 1024434
3 929925
3 938376
3 968436
3 1002312
3 1012554
3 932562
3 951543
3 1085868
3 855432
3 948123
3 1053081
3 923220
3 970569
3 998793
3 1017432
3 986274
3 992016
3 1090332
3 946647
3 949338
3 1053306
3 907407
3 947259
3 962523
3 980253
3 1049058
3 1014588
3 944199
3 1098324
3 938520
3 1057527
3 1009116
3 1021698
3 1017873
3 888750
3 1046052
3 978453
3 1038879
3 903744
3 1015263
3 907335
3 921771
3 1027575
3 1050291
3 967923
3 1070964
3 979749
3 1038762
3 936639
3 891459
3 997236
3 982233
3 1028475
3 922959
3 966672
3 1032039
3 1037979
3 976257
3 907929
3 922707
3 921006
3 1034820
3 887382
3 1021113
3 1049211
3 1057752
3 1028367
3 1041075
3 1049481
3 1009512
3 1024245
3 1000431
3 907569
3 1026630
3 1041525
3 999387
3 956619
3 1041030
3 1023246
3 1009233
3 995553
3 1061235
3 1004274
3 964125
3 1039275
3 1072476
3 1004679
3 1085643
3 1035594
3 1042128
3 1001358
3 1074807
3 1005399
3 1047024
3 1014417
3 984384
3 1084446
3 1053225
3 1025802
3 975798
3 931842
3 997875
3 996705
3 967977
3 1012086
3 1045818
3 979722
3 972423
3 993033
3 893961
3 980883
3 950922
3 1049589
3 927684
3 1059390
3 1005687
3 1041813
3 1014228
3 961587
3 859680
3 1024830
3 1038150
3 843111
3 942390
3 1027350
3 958959
3 933210
3 905337
3 977931
3 987894
3 945441
3 981864
3 988020
3 1057536
3 930348
3 1056744
3 987192
3 885510
3 1012266
3 1064169
3 975528
3 976581
3 986454
3 972738
3 932814
3 992520
3 1003905
3 991656
3 975906
3 965367
3 1028862
3 882216
3 1032831
3 869157
3 957969
3 1012617
3 952245
3 899793
3 1018746
3 868968
3 970497
3 1043811
3 1082538
3 1036017
3 971217
3 898722
3 1023156
3 811395
3 978237
3 1096092
3 938007
3 927954
3 1100466
3 1004994
3 802863
3 1019007
3 1012572
3 934866
3 741303
3 956052
3 966105
3 998514
3 1113030
3 968886
3 986283
3 1048455
3 1093671
3 1054620
3 951939
3 1053846
3 963279
3 1040490
3 1068255
3 1048662
3 983952
3 1013157
3 1029402
3 1009620
3 939807
3 921888
3 982395
3 950967
3 967464
3 1048833
3 975357
3 1033623
3 1030203
3 999963
3 1058202
3 973143
3 1045755
3 864972
3 814437
3 969552
3 859158
3 761481
3 1033290
3 943434
3 966663
3 1041705
3 992178
3 902646
3 1050237
3 968868
3 1032921
3 1026396
3 916767
3 964224
3 1066653
3 832005
3 1046844
3 1031616
3 1003392
3 1022328
3 958428
3 979947
3 949401
3 989163
3 1125396
3 1079541
3 949302
3 938916
3 1040553
3 873153
3 948438
3 966393
3 959643
3 965349
3 891135
3 986661
3 1013796
3 1012626
3 1062378
3 1057140
3 969354
3 926604
3 1047825
3 926460
3 972612
3 1016262
3 948483
3 1052280
3 988929
3 1112922
3 928512
3 1030050
3 964881
3 990234
3 955341
3 1008180
3 1057806
3 1069317
3 942309
3 1046133
3 854991
3 997416
3 916218
3 990189
3 1002429
3 901359
3 1037961
3 977688
3 1061496
3 945864
3 990477
3 958482
3 994203
3 978831
3 1001232
3 1030275
3 961974
3 1090125
3 997659
3 1020204
3 1026360
3 1032498
3 963063
3 988974
3 986859
3 895617
3 1026189
3 917235
3 950643
3 1003068
3 1005516
3 1017054
3 925191
3 1025010
3 791181
3 923877
3 1054125
3 993780
3 987489
3 940878
3 942039
3 819819
3 984852
3 1035801
3 926199
3 1036386
3 1058328
3 1079739
3 991503
3 1022958
3 945279
3 957285
3 1088739
3 893682
3 1102878
3 919593
3 1051758
3 960561
3 794493
3 946422
3 997020
3 1056267
3 952173
3 957942
3 846063
3 920412
3 925857
3 1003347
3 987165
3 1070451
3 958743
3 969849
3 1016928
3 1003104
3 1008891
3 1103193
3 1031049
3 958221
3 1043784
3 925362
3 1011645
3 937467
3 954459
3 1070370
3 1068741
3 999990
3 1062405
3 873567
3 1001628
3 980658
3 826785
3 990405
3 958851
3 994896
3 1000224
3 1007451
3 944316
3 1100277
3 990675
3 1051506
3 990549
3 1001466
3 1000278
3 1033551
3 1013328
3 925065
3 1024380
3 1003518
3 986562
3 1001538
3 987354
3 862488
3 989334
3 997155
3 1042101
3 1012230
3 1063296
3 1096281
3 905688
3 965763
3 855198
3 975177
3 902412
3 962181
3 980028
3 979074
3 1020150
3 1003824
3 848898
3 834579
3 1008234
3 1054233
3 958464
3 1061667
3 909279
3 1012185
3 1047402
3 847800
3 867807
3 960768
3 1080747
3 965673
3 972837
3 1048347
3 903573
3 861993
3 996498
3 1034739
3 1000710
3 861957
3 901485
3 931446
3 948456
3 1026432
3 875502
3 880821
3 982152
3 993852
3 962766
3 872595
3 938628
3 978417
3 1038591
3 1068444
3 1047528
3 1046925
3 913968
3 1026450
3 1035972
3 785790
3 1055853
3 967302
3 826452
3 853362
3 980874
3 1061757
3 1026225
3 981045
3 994347
3 1030599
3 978570
3 952785
3 1003536
3 1020942
3 1025631
3 843399
3 1085391
3 933363
3 915660
3 1058184
3 947583
3 1014219
3 1021662
3 1005516
3 909684
3 1073052
3 889479
3 1042875
3 1035819
3 945198
3 965997
3 1067445
3 933030
3 976599
3 1036971
3 973143
3 1048239
3 1061343
3 1045161
3 895383
3 1004049
3 1023273
3 1035189
3 835398
3 1035468
3 948402
3 947484
3 1092825
3 1014111
3 962694
3 1018125
3 1013697
3 928647
3 987705
3 1063062
3 1026900
3 1055061
3 955008
3 970902
3 1052316
3 970956
3 881298
3 881370
3 961812
3 937692
3 988245
3 1010538
3 988155
3 918189
3 979776
3 1025658
3 1037772
3 982701
3 978399
3 1056510
3 981144
3 1005471
3 1024029
3 988281
3 973314
3 1010511
3 920655
3 990639
3 1048671
3 998802
3 860670
3 891531
3 996921
3 882234
3 1012941
3 918081
3 1031895
3 1013085
3 940977
3 964755
3 1037853
3 989091
3 1010898
3 992502
3 1078767
3 1059444
3 947025
3 914913
3 992889
3 959364
3 976374
3 921762
3 1027719
3 981459
3 979362
3 1005813
3 910188
3 1070964
3 1023093
3 950166
3 1098963
3 984636
3 978048
3 965061
3 1045143
3 1057761
3 1059912
3 1038951
3 975699
3 940905
3 801288
3 977715
3 969426
3 963522
3 938151
3 1076175
3 906066
3 905751
3 972189
3 1034919
3 911304
3 1011690
3 862542
3 1010979
3 934065
3 1027800
3 910908
3 938277
3 1046754
3 967104
3 1030662
3 1015587
3 1011879
3 920493
3 1004940
3 989262
3 951003
3 935415
3 955647
3 947565
3 959040
3 1003185
3 1002051
3 996183
3 1015722
3 997965
3 952983
3 1057347
3 1070982
3 1073529
3 1071324
3 1065042
3 1028898
3 999576
3 1007901
3 884502
3 906741
3 964449
3 946062
3 875817
3 998676
3 993906
3 1032030
3 981639
3 942543
3 964467
3 947853
3 956898
3 988749
3 1071945
3 1005867
3 958176
3 1099404
3 971244
3 971280
3 1066896
3 993006
3 1079667
3 985671
3 1008711
3 911961
3 1009944
3 1108431
3 1075284
3 978435
3 941562
3 1047114
3 1067382
3 1047096
3 1040220
3 909450
3 1005993
3 1016343
3 955791
3 953577
3 1028286
3 1011177
3 1008279
3 907875
3 980901
3 996264
3 937989
3 874251
3 929340
3 959715
3 1002114
3 920952
3 817110
3 943983
3 978390
3 1016478
3 958545
3 975591
3 975069
3 976266
3 962586
3 914112
3 957222
3 906498
3 968967
3 1085319
3 982224
3 1043019
3 1006353
3 1014435
3 1004346
3 1080000
3 992664
3 943011
3 990837
3 951876
3 1022517
3 976041
3 977076
3 1053693
3 1086282
3 883683
3 952443
3 990783
3 1024767
3 1013292
3 972306
3 921600
3 1057131
3 1040175
3 947250
3 959976
3 952839
3 1043532
3 856962
3 989694
3 950724
3 960372
3 981306
3 1058481
3 773667
3 1059210
3 1068723
3 943767
3 1081989
3 1018152
3 971433
3 1010241
3 952605
3 868068
3 1086318
3 970983
3 957366
3 950571
3 1028727
3 1028115
3 1021599
3 1092699
3 955323
3 988128
3 1088847
3 925461
3 942471
3 912582
3 972675
3 1080243
3 942354
3 1038861
3 1021284
3 1031076
3 985986
3 1046565
3 1045233
3 987840
3 999423
3 958869
3 893745
3 1016019
3 940275
3 953568
3 957150
3 1041057
3 1001484
3 961767
3 989910
3 1040940
3 984213
3 1022193
3 837531
3 933786
3 1011852
3 921888
3 970263
3 945630
3 927828
3 1027944
3 1035675
3 1028007
3 929637
3 1025190
3 1057572
3 890118
3 970083
3 946746
3 926865
3 997515
3 975132
3 948420
3 1015029
3 1016253
3 973908
3 1028826
3 1006812
3 1062810
3 1067895
3 1011402
3 885600
3 843759
3 992358
3 974196
3 848718
3 986994
3 961650
3 993429
3 1009287
3 943758
3 1014705
3 1048464
3 979830
3 974952
3 1015686
3 886050
3 1047609
3 933840
3 1034892
3 926928
3 893169
3 817623
3 975663
3 1000989
3 950247
3 1050615
3 1019808
3 893340
3 955035
3 1017423
3 1042137
3 968391
3 869715
3 1028097
3 917577
3 931419
3 909378
3 1008990
3 948195
3 959202
3 1058517
3 922482
3 1079532
3 1010610
3 1073160
3 949671
3 1085256
3 998748
3 976500
3 968652
3 986310
3 836001
3 912348
3 1057833
3 1056501
3 1049400
3 889074
3 1082646
3 1059318
3 821052
3 991701
3 946224
3 879336
3 975006
3 975186
3 1026540
3 823014
3 877941
3 1016766
3 891594
3 986661
3 995094
3 1072026
3 987273
3 1048887
3 831996
3 928971
3 978480
3 1053207
3 1008972
3 1067310
3 1012842
3 1003905
3 1030986
3 789714
3 1010898
3 925344
3 997560
3 1013472
3 1014840
3 980100
3 933597
3 1037412
3 1020015
3 1017531
3 1072035
3 974052
3 1007442
3 989559
3 1046556
3 955368
3 987084
3 938988
3 1026531
3 1044477
3 971100
3 1074897
3 1022265
3 890370
3 794529
3 1000161
3 943371
3 1063044
3 971586
3 865737
3 1002798
3 995976
3 1019025
3 933084
3 969075
3 1062333
3 937503
3 1012995
3 1012959
3 1041768
3 993906
3 1040391
3 995634
3 968121
3 1018638
3 1077165
3 1013346
3 917208
3 923328
3 1004832
3 982530
3 1020015
3 1041894
3 980964
3 1031931
3 1050975
3 987813
3 952785
3 985437
3 1054917
3 970173
3 985527
3 984591
3 893142
3 978642
3 1041975
3 806292
3 978660
3 1005768
3 1071837
3 1009368
3 893259
3 942255
3 947241
3 879309
3 970272
3 1010475
3 1050642
3 942561
3 932067
3 998631
3 1021590
3 964035
3 1029339
3 1038600
3 999090
3 1015722
3 1097460
3 1043361
3 1048176
3 968094
3 948078
3 945414
3 902232
3 1071495
3 923058
3 973080
3 1044711
3 998685
3 970605
3 946170
3 1028736
3 971100
3 1061874
3 1016406
3 1040121
3 915354
3 973008
3 992655
3 993087
3 878013
3 923256
3 949869
3 1069506
3 1002690
3 1007766
3 954081
3 991107
3 907902
3 996255
3 1026756
3 991035
3 921798
3 919773
3 979353
3 838980
3 889002
3 983070
3 1038213
3 1025226
3 1050912
3 984825
3 882009
3 756063
3 1080189
3 981099
3 972936
3 992466
3 815841
3 968103
3 936423
3 1032930
3 1051542
3 1063647
3 823320
3 880749
3 806004
3 1041489
3 988506
3 963630
3 897147
3 996426
3 864387
3 907506
3 993924
3 1024938
3 1001124
3 970794
3 979371
3 956421
3 1017576
3 1074537
3 1051515
3 996381
3 864891
3 1005957
3 973206
3 744894
3 953181
3 998415
3 989127
3 951858
3 1005021
3 1097055
3 1004103
3 957492
3 919737
3 1011366
3 976743
3 835704
3 845505
3 969372
3 1071459
3 1082574
3 942651
3 1025658
3 1014867
3 965250
3 1051911
3 1030932
3 994077
3 973809
3 925641
3 1000134
3 1011258
3 964611
3 956853
3 1009521
3 1034532
3 1052568
3 991323
3 1034676
3 994293
3 997254
3 923859
3 1023471
3 938907
3 1037871
3 997038
3 1006416
3 884097
3 1002906
3 963252
3 1036053
3 1000044
3 1002996
3 957060
3 1037349
3 827244
3 851355
3 1022841
3 886005
3 868536
3 1004751
3 1014543
3 985743
3 972567
3 1005219
3 1025703
3 833535
3 1059867
3 977643
3 926991
3 985590
3 968553
3 1040751
3 1049220
3 889920
3 958230
3 971910
3 991755
3 959571
3 1072170
3 1030185
3 966888
3 1087641
3 1099404
3 959562
3 1020654
3 917280
3 1087938
3 941085
3 1014489
3 996021
3 1086552
3 1010403
3 919323
3 1007595
3 1057923
3 1052955
3 807120
3 920763
3 965457
3 1047195
3 924363
3 1005381
3 762201
3 1035216
3 1044702
3 997011
3 974313
3 985716
3 1117224
3 1039230
3 1022976
3 931356
3 926271
3 1011879
3 905139
3 1052397
3 1016955
3 1103292
3 1060434
3 1062999
3 956466
3 942570
3 941832
3 1003860
3 974151
3 898839
3 1036359
3 986067
3 1018512
3 937098
3 993069
3 900126
3 995364
3 1006011
3 1012410
3 1000863
3 908289
3 969372
3 1025865
3 1022274
3 996741
3 1039095
3 1018224
3 1018089
3 1020105
3 989037
3 1061469
3 933372
3 1015272
3 1035864
3 1033209
3 1042893
3 1010997
3 946512
3 998406
3 911097
3 985680
3 985923
3 928089
3 1003644
3 1032543
3 1052586
3 850230
3 992250
3 1009359
3 974295
3 997677
3 1009323
3 1010520
3 987876
3 981378
3 1042713
3 1006371
3 960966
3 1049265
3 999693
3 968175
3 964125
3 988128
3 1074672
3 973548
3 920925
3 1025622
3 918342
3 1082259
3 976734
3 1008945
3 959427
3 1001160
3 1082637
3 996714
3 892413
3 1046961
3 997227
3 1017936
3 1057968
3 952803
3 1062459
3 1057221
3 1066329
3 1028664
3 1023327
3 1035099
3 941778
3 993510
3 1043361
3 874314
3 927063
3 1019664
3 1004769
3 973188
3 965196
3 912465
3 962784
3 1015821
3 982647
3 1030833
3 941571
3 975708
3 989172
3 1014903
3 1049274
3 1010547
3 1053882
3 884520
3 951552
3 863001
3 1117836
3 1005183
3 961812
3 989064
3 932418
3 1012122
3 1014255
3 931230
3 994842
3 1020546
3 1038177
3 1048068
3 984789
3 925704
3 1033740
3 1085679
3 990450
3 979380
3 973314
3 1072656
3 1018179
3 987516
3 1024929
3 908028
3 1019826
3 1086030
3 933876
3 1061829
3 940005
3 1051155
3 1032363
3 1136043
3 993726
3 1055196
3 1034982
3 1039887
3 847269
3 1045611
3 995364
3 975114
3 989379
3 954315
3 906408
3 989244
3 955809
3 1012977
3 1043910
3 1078893
3 964728
3 1060038
3 933066
3 1000917
3 969039
3 978768
3 971064
3 951489
3 884691
3 991782
3 991386
3 934857
3 924210
3 1070226
3 1100349
3 919566
3 961641
3 993051
3 975357
3 969759
3 972981
3 1079208
3 744660
3 1061388
3 918621
3 888444
3 1018791
3 842184
3 1013301
3 757404
3 1005480
3 978813
3 1023759
3 918585
3 903231
3 945477
3 1049391
3 982116
3 1014498
3 1036656
3 979083
3 1073691
3 1049688
3 953100
3 876069
3 961992
3 1009737
3 1021644
3 989757
3 1052865
3 1000467
3 987093
3 882657
3 969093
3 971181
3 964026
3 1046718
3 929232
3 1057968
3 942669
3 956934
3 930411
3 1000332
3 1034883
3 1067427
3 1031715
3 1035243
3 990999
3 897273
3 901881
3 1032345
3 1004895
3 1026522
3 980181
3 968976
3 1021986
3 1064340
3 1039905
3 1068489
3 1016172
3 968031
3 969048
3 979839
3 974709
3 963999
3 942543
3 998415
3 995805
3 1004238
3 984654
3 961182
3 944136
3 886248
3 1072278
3 952902
3 826722
3 1012491
3 920637
3 1025217
3 1019745
3 1013130
3 964341
3 930942
3 986769
3 1007829
3 917055
3 992349
3 891774
3 1036053
3 968508
3 978048
3 1062819
3 1077075
3 1096767
3 955476
3 1083456
3 992340
3 1053675
3 1002312
3 943542
3 1044504
3 1055790
3 976239
3 975771
3 1019160
3 961803
3 950256
3 1020717
3 992502
3 979794
3 1067022
3 969417
3 964314
3 963162
3 913311
3 1047915
3 1065501
3 974196
3 800298
3 984330
3 1071972
3 979155
3 872415
3 925119
3 989793
3 947376
3 939681
3 1040310
3 831483
3 959283
3 975969
3 1006776
3 966573
3 1054323
3 983772
3 1040436
3 943173
3 955431
3 823185
3 1043082
3 912609
3 945567
3 940527
3 1014678
3 995751
3 947160
3 993843
3 1029222
3 996840
3 1025181
3 991089
3 840213
3 990333
3 1023633
3 878382
3 1077867
3 1083942
3 953712
3 1057194
3 906408
3 1074924
3 1042515
3 971973
3 983376
3 1023084
3 941265
3 1039221
3 950202
3 904986
3 904635
3 1073628
3 1015497
3 927459
3 1009260
3 894924
3 955368
3 974385
3 953766
3 938790
3 881325
3 994608
3 845955
3 1079019
3 1002780
3 1001637
3 863163
3 902007
3 1079946
3 1070226
3 955431
3 986040
3 1060038
3 994401
3 1024884
3 953910
3 1053873
3 1045737
3 964926
3 1027764
3 948861
3 1039626
3 894420
3 992106
3 1028610
3 1038249
3 1009377
3 933849
3 1042002
3 947853
3 927135
3 934227
3 923103
3 1002951
3 951174
3 800271
3 964134
3 1072611
3 958131
3 1035864
3 958752
3 1003356
3 965385
3 954621
3 979551
3 930717
3 915138
3 1111104
3 1080585
3 867681
3 901593
3 1048698
3 1026540
3 1020420
3 936621
3 955305
3 1041183
3 962703
3 1074312
3 976932
3 1036026
3 1049004
3 843273
3 810963
3 984465
3 958788
3 1043460
3 809334
3 1074195
3 937575
3 989820
3 1052811
3 983016
3 948213
3 1009674
3 959535
3 990963
3 1012455
3 907956
3 1059039
3 912402
3 855630
3 1045836
3 1100115
3 999855
3 1028340
3 1027890
3 1092213
3 978822
3 1044720
3 949734
3 969426
3 958761
3 937413
3 1007388
3 1020690
3 966609
3 1024704
3 1072332
3 1028439
3 993591
3 737334
3 1025667
3 1000431
3 1023534
3 951939
3 927468
3 833013
3 1083780
3 1045890
3 1115136
3 1034487
3 936297
3 982053
3 990441
3 982557
3 1037322
3 989910
3 978174
3 939231
3 941184
3 996615
3 1035495
3 984456
3 915624
3 1060848
3 1025091
3 1036395
3 966240
3 830916
3 891378
3 1082385
3 1010079
3 834435
3 917739
3 933732
3 951444
3 1100448
3 1001961
3 1081422
3 925911
3 1032642
3 872028
3 964035
3 1020105
3 845208
3 996336
3 983403
3 883125
3 1042479
3 1014975
3 983124
3 1023768
3 964044
3 1055970
3 1016577
3 1006281
3 980730
3 983808
3 901692
3 967086
3 1034721
3 1071072
3 994248
3 962613
3 1022535
3 903942
3 1015416
3 888183
3 952389
3 953136
3 1012824
3 986238
3 1015533
3 909135
3 913014
3 947034
3 963675
3 1056852
3 975744
3 980208
3 874521
3 1041156
3 959895
3 923292
3 949131
3 1024371
3 931608
3 826146
3 961992
3 982881
3 952146
3 1058904
3 1044108
3 1027467
3 1034811
3 957834
3 1013346
3 878508
3 957780
3 1038690
3 1051650
3 973989
3 950130
3 1016658
3 973323
3 968283
3 918720
3 922806
3 932679
3 1008333
3 958527
3 1010241
3 1002483
3 920475
3 977652
3 955926
3 1064025
3 1043154
3 897741
3 992043
3 960219
3 1003275
3 1007739
3 1000908
3 1004319
3 1024227
3 980991
3 1077642
3 960156
3 953451
3 1056789
3 992493
3 1030041
3 856404
3 1038519
3 1067004
3 946917
3 988443
3 1080756
3 993006
3 1014642
3 979155
3 1040067
3 992754
3 1016955
3 1024434
3 964296
3 956655
3 992322
3 920718
3 1077831
3 1074348
3 1045116
3 993672
3 1046133
3 847593
3 1040301
3 864513
3 910278
3 1001907
3 953172
3 947439
3 734733
3 909630
3 1039482
3 819963
3 856476
3 1075491
3 973350
3 926253
3 975429
3 1055493
3 947547
3 1048635
3 995472
3 1039167
3 1025118
3 1036971
3 1038285
3 899109
3 900144
3 964305
3 962721
3 961677
3 979623
3 988884
3 1026144
3 940806
3 1038276
3 1058121
3 955359
3 1046646
3 1012536
3 1005102
3 1029834
3 991071
3 1039914
3 960111
3 1020123
3 1027116
3 915525
3 1006470
3 994257
3 1113822
3 1092258
3 1016226
3 938502
3 996687
3 865728
3 910926
3 1080891
3 1026189
3 1030203
3 1039293
3 956565
3 981954
3 993582
3 942039
3 960336
3 1032417
3 1026720
3 952128
3 913797
3 906939
3 1008018
3 1042497
3 933210
3 1026405
3 1023156
3 1042011
3 890739
3 986472
3 983556
3 1064331
3 1016982
3 946503
3 1100295
3 1009170
3 919413
3 969993
3 984384
3 1017639
3 884754
3 1016883
3 960723
3 915246
3 1041516
3 1058391
3 1023750
3 889047
3 980406
3 962694
3 886113
3 1017387
3 843660
3 1016226
3 958581
3 978228
3 777015
3 1056033
3 1010367
3 975852
3 1064115
3 1001925
3 916074
3 965979
3 1003086
3 1061343
3 1070136
3 962748
3 1108755
3 1022130
3 1078713
3 1010448
3 1054206
3 1005552
3 952344
3 972036
3 954423
3 1060029
3 974664
3 1002312
3 1007748
3 929682
3 883953
3 958932
3 826902
3 972855
3 1006704
3 980091
3 812457
3 1002735
3 908388
3 961272
3 982917
3 1010520
3 938556
3 1020780
3 963090
3 951831
3 1003518
3 1012032
3 939249
3 1055754
3 1059030
3 970146
3 937053
3 997254
3 999792
3 906777
3 914859
3 1007928
3 992151
3 979947
3 930717
3 893754
3 838971
3 973332
3 954918
3 974376
3 992178
3 1024956
3 949194
3 1021221
3 1060011
3 1002528
3 891612
3 1039968
3 1010709
3 1047807
3 970776
3 1016064
3 994824
3 1005768
3 1039698
3 982692
3 950499
3 822123
3 970344
3 964548
3 947034
3 831402
3 957744
3 1107522
3 1057743
3 1026963
3 1008468
3 955251
3 1033839
3 1008531
3 1076796
3 983223
3 940032
3 898659
3 943236
3 1054404
3 816003
3 894690
3 1039581
3 1056645
3 1027638
3 985896
3 1006650
3 1056897
3 1072179
3 1009170
3 1077678
3 956655
3 1007550
3 963279
3 834192
3 975051
3 980712
3 961956
3 1009431
3 1017549
3 1049850
3 904266
3 970011
3 863181
3 1044099
3 954837
3 911727
3 1030959
3 1072836
3 880596
3 1110627
3 989973
3 1010619
3 997299
3 834507
3 910026
3 1029618
3 923499
3 953712
3 977490
3 944145
3 1039491
3 971469
3 1051272
3 951759
3 975276
3 1043109
3 1071450
3 972774
3 962703
3 1003131
3 1055538
3 967104
3 929358
3 1017234
3 943614
3 969822
3 839322
3 985986
3 939114
3 909594
3 924696
3 1031247
3 995778
3 967194
3 1078974
3 1004562
3 968805
3 942345
3 1024884
3 1001781
3 880110
3 1027467
3 984321
3 1024020
3 1059768
3 813915
3 995625
3 948879
3 1027665
3 970569
3 987660
3 1020708
3 1051074
3 1017117
3 999378
3 981765
3 930024
3 960561
3 990072
3 972090
3 898749
3 1012761
3 965664
3 929736
3 1042983
3 1068174
3 978759
3 1034406
3 984951
3 1022886
3 994509
3 947034
3 822006
3 1069353
3 1045962
3 932211
3 964413
3 932391
3 1052226
3 983430
3 1065609
3 975519
3 976914
3 1020186
3 931122
3 951975
3 970911
3 1060047
3 1005876
3 1024416
3 1007001
3 1054980
3 908496
3 1018440
3 994995
3 1034442
3 896895
3 981765
3 1042938
3 1035225
3 1018260
3 1030734
3 983961
3 1086219
3 997065
3 1010898
3 1032363
3 897786
3 1002204
3 999477
3 965853
3 979488
3 907488
3 1007946
3 853767
3 1066734
3 966843
3 945612
3 1023462
3 1047402
3 961596
3 949527
3 886770
3 934389
3 1033605
3 891657
3 1062819
3 905094
3 1082403
3 903393
3 1067922
3 1001889
3 1022157
3 930483
3 1012086
3 1088109
3 1009557
3 1011465
3 1057698
3 832311
3 908451
3 1012185
3 1067031
3 973296
3 1011681
3 991755
3 951462
3 1002222
3 1090224
3 856719
3 987561
3 960390
3 1031094
3 873162
3 1045242
3 989847
3 846666
3 988902
3 1054467
3 1007505
3 1092024
3 1017702
3 1033353
3 922653
3 1048833
3 897192
3 989379
3 1001124
3 999567
3 969507
3 903780
3 1002627
3 1049328
3 930987
3 949662
3 997713
3 959076
3 1029546
3 988749
3 1015281
3 992070
3 1014030
3 997425
3 1012779
3 1075527
3 955107
3 951885
3 935208
3 1023561
3 999126
3 985311
3 1006020
3 1027584
3 910674
3 1009845
3 1040643
3 1003059
3 970137
3 1009818
3 1025073
3 967275
3 935181
3 934839
3 955926
3 1078866
3 977751
3 954522
3 1067247
3 901449
3 1068561
3 915039
3 1030950
3 1025334
3 949356
3 1067733
3 1013652
3 971577
3 1012185
3 1032237
3 951948
3 1011024
3 1001007
3 973953
3 1018674
3 940050
3 1019322
3 929844
3 1029330
3 1073664
3 958464
3 1002798
3 940509
3 997299
3 1006632
3 1002123
3 887157
3 1079172
3 934740
3 1011195
3 1005633
3 1025550
3 991368
3 858519
3 926253
3 990441
3 968040
3 962676
3 1023390
3 991989
3 1003473
3 988758
3 1055367
3 1049571
3 953712
3 1001430
3 983313
3 1082853
3 997326
3 927000
3 1022688
3 999765
3 863082
3 991413
3 1070289
3 969381
3 1051083
3 982206
3 966051
3 1063251
3 906480
3 934785
3 1008315
3 923274
3 1019502
3 998370
3 907875
3 938943
3 840825
3 1041264
3 956934
3 952416
3 959085
3 1045584
3 1000008
3 981711
3 1019538
3 979884
3 971406
3 993492
3 1061298
3 975015
3 865125
3 987570
3 951444
3 994851
3 918108
3 1009206
3 838557
3 1012221
3 964908
3 1015074
3 943830
3 1008621
3 1010088
3 964161
3 965799
3 946548
3 1019358
3 1072872
3 961353
3 989514
3 974259
3 986877
3 982206
3 1020339
3 1074708
3 977598
3 1066968
3 1069614
3 976464
3 1101501
3 986877
3 983925
3 960399
3 991827
3 1049040
3 908307
3 951669
3 1038690
3 957420
3 916380
3 1076814
3 1032876
3 1055358
3 922050
3 987075
3 892062
3 973917
3 1081548
3 1078299
3 985815
3 1029060
3 940851
3 973170
3 891603
3 1003815
3 963090
3 984474
3 1066626
3 933300
3 1004769
3 1009728
3 964836
3 1022490
3 1044855
3 994698
3 990621
3 863982
3 989631
3 964044
3 910764
3 1051326
3 1088604
3 1031778
3 914616
3 974313
3 977670
3 985113
3 954630
3 905598
3 1086831
3 985095
3 1060290
3 1024821
3 1009260
3 883296
3 960165
3 995220
3 963846
3 972405
3 826623
3 1046691
3 872001
3 874584
3 969894
3 1062729
3 1014903
3 1083690
3 978219
3 1015965
3 1061208
3 928935
3 1115145
3 958725
3 987318
3 1012140
3 962334
3 929277
3 1043514
3 911097
3 999117
3 974655
3 1033524
3 962406
3 936504
3 952803
3 1034568
3 1006659
3 974520
3 1025010
3 906210
3 980532
3 1028043
3 1041210
3 1003446
3 1002618
3 1041075
3 966393
3 779463
3 1065258
3 1030869
3 976986
3 939159
3 1053243
3 1038564
3 1001394
3 1099467
3 933795
3 891243
3 1026486
3 869652
3 1078785
3 1098612
3 1024848
3 1080396
3 946179
3 1028178
3 1003374
3 1019880
3 1009575
3 952902
3 933831
3 990990
3 1001952
3 1112427
3 976752
3 997749
3 932454
3 1039257
3 991701
3 1043712
3 908370
3 1020375
3 840744
3 1106001
3 821925
3 1013976
3 1001700
3 1047024
3 966942
3 1044351
3 951570
3 962442
3 994635
3 954846
3 926199
3 1069785
3 1074960
3 983988
3 988875
3 1007892
3 942597
3 1032552
3 924246
3 971109
3 959517
3 981981
3 975213
3 864333
3 954729
3 1066392
3 965205
3 972207
3 923211
3 1015875
3 810135
3 953109
3 1096641
3 981144
3 941238
3 1031247
3 981630
3 981648
3 817191
3 990144
3 954162
3 953001
3 1026873
3 989928
3 1027323
3 937485
3 980100
3 933480
3 1034883
3 989253
3 988497
3 1020996
3 1050714
3 992016
3 872784
3 982314
3 969030
3 996552
3 988110
3 947349
3 1021473
3 953100
3 999450
3 879894
3 1044324
3 947115
3 1033803
3 931185
3 998334
3 1042164
3 939996
3 992322
3 1020015
3 957231
3 1041462
3 929106
3 1068768
3 1003257
3 984978
3 1056564
3 945720
3 897768
3 929772
3 974691
3 998973
3 993294
3 991638
3 863631
3 974340
3 829800
3 1009422
3 1030554
3 790758
3 989793
3 947844
3 1082394
3 975483
3 1113696
3 1056123
3 988956
3 890586
3 851814
3 1034784
3 964575
3 1011987
3 1043559
3 920619
3 960399
3 890316
3 1052874
3 983151
3 858033
3 982854
3 970218
3 1047240
3 1054440
3 1050912
3 1010700
3 1028430
3 967725
3 1038663
3 974133
3 1087425
3 968364
3 974565
3 954918
3 901989
3 1106325
3 1083204
3 1052262
3 983502
3 971811
3 969714
3 962037
3 986526
3 1094076
3 1054881
3 1012653
3 963747
3 873468
3 874521
3 960975
3 949014
3 1072314
3 913347
3 963054
3 964746
3 992385
3 1001709
3 913536
3 966996
3 1054917
3 975834
3 979884
3 1035810
3 1086876
3 990603
3 976653
3 883539
3 1040733
3 857853
3 908334
3 1011132
3 983997
3 853236
3 1085850
3 1075185
3 956655
3 897543
3 988830
3 973494
3 1009512
3 1019556
3 864864
3 962091
3 914607
3 1077606
3 1035756
3 938025
3 954900
3 1008810
3 969021
3 1086318
3 924237
3 971793
3 988839
3 1007955
3 1038114
3 1003104
3 984645
3 978336
3 1009818
3 719100
3 1022247
3 1013049
3 949293
3 1014696
3 1058778
3 1046178
3 982710
3 947745
3 1061721
3 1005669
3 871056
3 1005399
3 952497
3 941940
3 991485
3 913833
3 1033074
3 970938
3 992790
3 947988
3 964944
3 993699
3 1001106
3 1052604
3 961614
3 1049157
3 985842
3 1010097
3 1023660
3 1056924
3 993159
3 1034910
3 1007775
3 1009737
3 972216
3 962442
3 1013022
3 902898
3 907794
3 966204
3 961551
3 966744
3 959994
3 1031760
3 964962
3 967239
3 1073817
3 982899
3 1021761
3 1003140
3 947889
3 1048023
3 1048653
3 965691
3 1052901
3 1016541
3 918108
3 967707
3 1084824
3 980910
3 1001727
3 950688
3 976716
3 1000998
3 1081278
3 1022454
3 955989
3 939681
3 962370
3 1010862
3 980028
3 927720
3 1018674
3 1002168
3 965286
3 1053909
3 1074267
3 1043082
3 1094643
3 889479
3 1008207
3 1012752
3 1009431
3 912915
3 923670
3 999225
3 1001241
3 892233
3 1035423
3 958482
3 956052
3 993807
3 977940
3 954801
3 906642
3 972855
3 940770
3 935037
3 940968
3 1006065
3 1066302
3 995508
3 959796
3 1021653
3 932148
3 849762
3 1065141
3 985905
3 1042668
3 1029654
3 975969
3 1026513
3 849519
3 1046628
3 976464
3 981576
3 930672
3 1001376
3 897930
3 1048410
3 1003698
3 995337
3 859032
3 1037052
3 979002
3 1017315
3 1013751
3 981945
3 1008729
3 944928
3 942534
3 1019232
3 965799
3 1091511
3 1009935
3 993924
3 1022922
3 946719
3 920169
3 995733
3 865728
3 953235
3 1010826
3 1076328
3 802647
3 816669
3 1039122
3 1003023
3 944883
3 952416
3 1010664
3 1033749
3 969552
3 997461
3 940365
3 1100637
3 1016442
3 992682
3 968940
3 995418
3 988650
3 1006722
3 1021383
3 942300
3 1004841
3 1007370
3 987111
3 968553
3 983178
3 1074942
3 925371
3 979848
3 954180
3 1006920
3 986103
3 971523
3 1010286
3 962802
3 976545
3 1037925
3 982359
3 1053387
3 1030392
3 995616
3 1049265
3 921294
3 910053
3 950733
3 1066635
3 975231
3 912402
3 938871
3 941391
3 790506
3 886329
3 764586
3 1094769
3 1000530
3 827838
3 1008981
3 1068795
3 971379
3 1013724
3 1035630
3 971154
3 1085976
3 986895
3 1061280
3 956097
3 995472
3 1050714
3 971910
3 1070253
3 996939
3 948519
3 983223
3 1019052
3 1015515
3 952470
3 1029141
3 1019484
3 910530
3 1016892
3 994266
3 1066833
3 1017531
3 958671
3 1019313
3 1000314
3 1003266
3 990684
3 1048194
3 1015353
3 1032300
3 1015848
3 1049382
3 1041192
3 950949
3 894762
3 1036197
3 987777
3 852804
3 967644
3 1024794
3 943839
3 945567
3 1007739
3 1003374
3 1009008
3 991872
3 1021365
3 1037484
3 1041489
3 956250
3 949482
3 1036971
3 998685
3 928530
3 956502
3 961425
3 971388
3 1044531
3 1006353
3 1026873
3 1072575
3 999594
3 905904
3 995283
3 964845
3 904311
3 1019934
3 1002852
3 978876
3 972135
3 1023381
3 964539
3 989937
3 1078803
3 963270
3 1033686
3 963972
3 948537
3 1039095
3 975537
3 1039131
3 1033911
3 804348
3 1014975
3 1016559
3 936342
3 964854
3 907785
3 905112
3 1036116
3 887184
3 1014696
3 1005615
3 967932
3 1067895
3 1068102
3 1009431
3 1053324
3 1076670
3 1040994
3 920025
3 898434
3 1004256
3 904959
3 980253
3 963765
3 927225
3 1007019
3 1010097
3 1050183
3 952929
3 936135
3 989136
3 1017891
3 873738
3 969282
3 919827
3 1028889
3 1029213
3 1039284
3 846945
3 1089648
3 1044810
3 975582
3 964440
3 888264
3 980730
3 1028061
3 1054755
3 950760
3 893682
3 1014210
3 1009494
3 950085
3 976095
3 1002465
3 1009233
3 1120752
3 1057671
3 980406
3 1038474
3 924822
3 1009980
3 1034082
3 926478
3 880011
3 829440
3 1005795
3 1037691
3 1024488
3 962001
3 992790
3 958383
3 941517
3 924552
3 1016163
3 991611
3 886887
3 921663
3 1048041
3 1044306
3 895554
3 971325
3 1037133
3 973116
3 1031841
3 1077453
3 957546
3 1055934
3 1022625
3 982755
3 1058049
3 1048905
3 881604
3 1032093
3 1002690
3 979902
3 896643
3 997020
3 872541
3 956412
3 893124
3 903789
3 928566
3 1007703
3 1015326
3 838665
3 986247
3 1032219
3 1004787
3 999495
3 995607
3 1091610
3 1010610
3 1041993
3 967707
3 1056753
3 972792
3 949563
3 1020906
3 988263
3 1010781
3 1024551
3 998604
3 1039986
3 963216
3 984708
3 1037511
3 1068039
3 992187
3 912690
3 1000962
3 1030896
3 939024
3 1004967
3 930969
3 943254
3 959112
3 1021473
3 849681
3 1010853
3 1047240
3 948735
3 1036251
3 1020015
3 996786
3 1022418
3 1058805
3 980496
3 1047753
3 1013607
3 1084518
3 1001682
3 974961
3 994149
3 1023516
3 939798
3 957096
3 830331
3 1025811
3 926910
3 896346
3 977490
3 875898
3 1030608
3 1024065
3 1007244
3 1052928
3 1027647
3 905544
3 973278
3 1047573
3 1072422
3 1011879
3 1059948
3 985221
3 913779
3 971523
3 1014390
3 1009818
3 961173
3 889803
3 922608
3 1024146
3 1026792
3 1026630
3 901386
3 1014039
3 995697
3 1066500
3 966456
3 1114731
3 937170
3 873135
3 1025307
3 957735
3 953073
3 998028
3 894420
3 1058184
3 913311
3 928701
3 865692
3 931662
3 1055709
3 969714
3 1019925
3 1019727
3 970758
3 1053594
3 992124
3 969138
3 1020978
3 964575
3 955062
3 882405
3 1010430
3 878292
3 1006947
3 975492
3 1117008
3 1027836
3 992007
3 1070739
3 978480
3 1034190
3 1003671
3 868473
3 1060677
3 978822
3 1049094
3 914301
3 901611
3 980379
3 1001331
3 948519
3 1087821
3 936603
3 976464
3 960480
3 981414
3 989802
3 956313
3 1010412
3 963711
3 1077390
3 999378
3 1034280
3 1011735
3 964134
3 996498
3 928197
3 919341
3 971568
3 1006839
3 963990
3 962514
3 964719
3 1059165
3 1043964
3 1002168
3 864459
3 1029033
3 1003842
3 946053
3 1082628
3 953892
3 939096
3 1035261
3 976887
3 934344
3 1008189
3 913833
3 964674
3 1077687
3 1020438
3 1099170
3 939798
3 1060704
3 914211
3 1078704
3 872793
3 933246
3 1078767
3 941283
3 1054926
3 964467
3 1024461
3 1003086
3 1008009
3 1055367
3 869958
3 1021266
3 974349
3 960525
3 964899
3 818082
3 994977
3 1047501
3 1010070
3 1012212
3 961722
3 910476
3 1016667
3 924453
3 945837
3 914193
3 979182
3 750159
3 1028115
3 941265
3 1016082
3 834921
3 1005678
3 1028898
3 958230
3 978084
3 845532
3 1018548
3 1023453
3 856845
3 990585
3 961110
3 1019502
3 1018881
3 1009962
3 1065240
3 983079
3 1007415
3 1006902
3 946809
3 885681
3 1044198
3 879993
3 989316
3 887715
3 1019340
3 1079442
3 1023066
3 973818
3 928116
3 1014345
3 1068777
3 1061685
3 964485
3 941319
3 972396
3 1082007
3 972630
3 1040391
3 989595
3 1014048
3 921582
3 973890
3 900765
3 990396
3 1040814
3 926748
3 939186
3 969786
3 991881
3 1031445
3 966447
3 783828
3 1011753
3 981108
3 1001709
3 1023642
3 921753
3 984501
3 1065591
3 1030707
3 927090
3 815598
3 993573
3 1032426
3 995184
3 955719
3 1068066
3 1016856
3 997245
3 1007658
3 961074
3 1005786
3 1024146
3 785484
3 1026675
3 1061154
3 1086201
3 988209
3 1073943
3 1028682
3 1057374
3 1039023
3 932022
3 1066284
3 903393
3 883836
3 1040940
3 1019286
3 1027683
3 826560
3 1070883
3 1051110
3 958140
3 971028
3 974520
3 973845
3 987759
3 1037970
3 932904
3 1045386
3 1014993
3 906930
3 960219
3 1059255
3 920034
3 965196
3 1011627
3 998955
3 945495
3 1044072
3 845874
3 986004
3 986184
3 1040634
3 1003374
3 985239
3 992574
3 990684
3 1081224
3 937872
3 948348
3 951939
3 1045287
3 1061784
3 1005903
3 953136
3 981639
3 966240
3 1025757
3 999864
3 960138
3 941715
3 895167
3 906822
