3 728757
3 863460
3 862227
3 762804
3 878697
3 807903
3 732141
3 669420
3 914508
3 872595
3 766665
3 806085
3 841815
3 814185
3 805428
3 661725
3 799794
3 700722
3 761724
3 785754
3 908883
3 883017
3 767709
3 829458
3 783540
3 796185
3 759780
3 805824
3 808992
3 898551
3 767763
3 840744
3 858456
3 752634
3 740241
3 726138
3 673398
3 840348
3 790695
3 918657
3 820080
3 855477
3 811359
3 715158
3 723069
3 866160
3 830520
3 642573
3 893772
3 670536
3 936837
3 789633
3 894978
3 765360
3 944235
3 775530
3 737622
3 908577
3 765873
3 751140
3 816165
3 765684
3 898389
3 798012
3 751086
3 778365
3 568134
3 759807
3 864729
3 661347
3 831168
3 868896
3 778977
3 804816
3 785466
3 841212
3 711675
3 707697
3 720072
3 825021
3 845388
3 696492
3 721701
3 749538
3 889659
3 730980
3 889848
3 892017
3 650763
3 788175
3 782631
3 788733
3 807444
3 672669
3 886878
3 837729
3 749826
3 798147
3 764586
3 799551
3 827775
3 810063
3 769797
3 666567
3 723807
3 856449
3 713997
3 811872
3 767781
3 743400
3 820386
3 832167
3 713457
3 730710
3 793017
3 707796
3 780264
3 827685
3 792720
3 766719
3 796833
3 678042
3 874152
3 755370
3 827883
3 860409
3 753624
3 677790
3 787743
3 678735
3 755298
3 874764
3 788211
3 832122
3 843309
3 866466
3 821880
3 766620
3 783873
3 917694
3 838431
3 578376
3 818298
3 855216
3 712926
3 853038
3 802359
3 841446
3 796869
3 765027
3 805698
3 851913
3 830556
3 874422
3 862389
3 618687
3 681111
3 734517
3 803538
3 919674
3 694764
3 826146
3 852111
3 799902
3 817974
3 842652
3 753912
3 828180
3 822510
3 680562
3 861588
3 543924
3 771093
3 740718
3 718893
3 754515
3 792279
3 808434
3 832113
3 916983
3 849420
3 858285
3 868887
3 921978
3 832122
3 782028
3 764010
3 754263
3 841500
3 874044
3 783027
3 865611
3 512631
3 716823
3 804492
3 808893
3 726156
3 709416
3 823005
3 836865
3 643203
3 857610
3 890910
3 783711
3 661149
3 763965
3 806112
3 708120
3 858402
3 788013
3 769833
3 877824
3 786933
3 856125
3 804825
3 719244
3 720396
3 867618
3 860985
3 816660
3 767025
3 718704
3 768879
3 696537
3 844020
3 813339
3 864117
3 757881
3 774873
3 796914
3 778536
3 776700
3 855450
3 810378
3 724167
3 874296
3 826164
3 849609
3 817056
3 892944
3 881721
3 743094
3 813771
3 874593
3 842715
3 696546
3 837063
3 849627
3 758025
3 777060
3 675288
3 858834
3 817461
3 873765
3 831312
3 746118
3 846522
3 865422
3 716841
3 737685
3 776376
3 736155
3 744615
3 718182
3 717921
3 831528
3 818451
3 757647
3 699282
3 852399
3 919134
3 756963
3 806436
3 751482
3 779517
3 755739
3 792360
3 727956
3 836280
3 810153
3 776718
3 729873
3 759555
3 852039
3 861633
3 747531
3 858582
3 715527
3 718236
3 759276
3 722403
3 796959
3 864126
3 842526
3 870399
3 813447
3 698427
3 756297
3 688977
3 855441
3 704817
3 814914
3 854640
3 722511
3 696564
3 782676
3 754479
3 803142
3 722133
3 775485
3 830538
3 849528
3 788688
3 893781
3 874035
3 871398
3 720045
3 696231
3 752157
3 896733
3 740925
3 696519
3 710280
3 901332
3 788157
3 858474
3 709173
3 862587
3 808380
3 694836
3 685260
3 750690
3 814005
3 784881
3 896436
3 822564
3 728505
3 856584
3 881109
3 780768
3 873837
3 856143
3 859635
3 776592
3 803187
3 783756
3 674757
3 851886
3 870408
3 869256
3 606681
3 735633
3 802719
3 757782
3 771003
3 794178
3 838125
3 744993
3 845388
3 865044
3 703899
3 806049
3 725022
3 756315
3 823986
3 692415
3 696888
3 737226
3 671247
3 850491
3 849609
3 820467
3 712467
3 791037
3 840267
3 958437
3 817443
3 810360
3 879957
3 701424
3 743373
3 849321
3 895626
3 871758
3 899901
3 864153
3 802008
3 853605
3 885177
3 808992
3 790614
3 862020
3 908307
3 893601
3 841212
3 828171
3 887202
3 885168
3 828450
3 845379
3 892314
3 848934
3 821268
3 699966
3 900297
3 910674
3 901179
3 801837
3 821691
3 903663
3 910476
3 765405
3 831447
3 724779
3 899235
3 918702
3 747396
3 891522
3 805653
3 778509
3 865548
3 785556
3 818730
3 791919
3 838080
3 806526
3 754524
3 786708
3 802719
3 889218
3 646776
3 639153
3 928710
3 805446
3 790389
3 779202
3 862641
3 847134
3 838296
3 797454
3 834048
3 783594
3 777942
3 893214
3 749511
3 744066
3 798057
3 735228
3 772506
3 718902
3 763659
3 776700
3 774081
3 734616
3 796293
3 767052
3 688896
3 755667
3 803997
3 811143
3 885222
3 821790
3 720108
3 882567
3 735993
3 757782
3 848799
3 746046
3 878679
3 741330
3 799020
3 805680
3 770814
3 778491
3 883152
3 764487
3 682992
3 702045
3 840006
3 824715
3 820053
3 863469
3 886689
3 796950
3 766395
3 786330
3 756747
3 763956
3 897669
3 872766
3 889272
3 763479
3 821718
3 743715
3 753093
3 812016
3 824436
3 612873
3 751752
3 709578
3 849627
3 786636
3 863937
3 686313
3 901323
3 820917
3 760545
3 809667
3 807435
3 826407
3 787806
3 724932
3 885222
3 516015
3 867069
3 831303
3 762084
3 767583
3 804177
3 808965
3 729153
3 772956
3 826722
3 769950
3 714879
3 773478
3 805203
3 776610
3 863955
3 812484
3 791946
3 849672
3 750879
3 873621
3 793332
3 850491
3 868491
3 788823
3 843561
3 839961
3 751779
3 853704
3 891639
3 841752
3 628443
3 730557
3 725463
3 791991
3 816570
3 750924
3 783036
3 859194
3 817803
3 836865
3 762327
3 906750
3 721296
3 814761
3 903339
3 820089
3 757017
3 790794
3 845442
3 754416
3 755370
3 886077
3 843588
3 851274
3 854253
3 872910
3 740907
3 826497
3 885186
3 590697
3 782136
3 848763
3 721611
3 755901
3 746109
3 762768
3 788733
3 707976
3 903015
3 856026
3 761220
3 834120
3 752499
3 751482
3 835434
3 655533
3 844875
3 823437
3 778941
3 788193
3 725094
3 841419
3 872415
3 862353
3 657306
3 817128
3 764010
3 869652
3 788895
3 854118
3 761796
3 761265
3 841464
3 881883
3 819027
3 866682
3 859005
3 584334
3 779022
3 724266
3 782325
3 734607
3 716877
3 857610
3 794475
3 716229
3 778878
3 793854
3 756180
3 917379
3 787797
3 806841
3 667710
3 792297
3 822609
3 872604
3 721719
3 810378
3 818271
3 796302
3 814194
3 870012
3 805104
3 878904
3 709578
3 789660
3 749466
3 845406
3 779202
3 965880
3 688680
3 837369
3 566586
3 851562
3 816705
3 805005
3 921942
3 820071
3 737235
3 788895
3 854145
3 859554
3 899964
3 816921
3 807948
3 869814
3 883197
3 802206
3 794889
3 843606
3 720135
3 619659
3 776241
3 776277
3 822123
3 912645
3 679941
3 787437
3 830403
3 872010
3 841230
3 804780
3 846351
3 635112
3 904158
3 868986
3 753516
3 804636
3 788157
3 703971
3 848313
3 785835
3 759645
3 864018
3 828432
3 742248
3 890955
3 838125
3 696519
3 827262
3 787779
3 873675
3 741582
3 864945
3 755739
3 790704
3 853884
3 892017
3 854766
3 720054
3 672552
3 826695
3 808965
3 613764
3 835731
3 916920
3 881892
3 860463
3 760203
3 770940
3 801018
3 697455
3 826623
3 763443
3 852030
3 889668
3 753273
3 751563
3 854550
3 842724
3 703710
3 777114
3 793476
3 838611
3 774999
3 829701
3 758457
3 700668
3 832572
3 787995
3 925947
3 750105
3 871470
3 853731
3 678789
3 851877
3 665757
3 716841
3 680805
3 721638
3 725049
3 774549
3 813519
3 804807
3 865296
3 827298
3 791082
3 788148
3 946431
3 845343
3 766647
3 913518
3 861003
3 721638
3 880929
3 609165
3 634230
3 721692
3 761841
3 638586
3 864153
3 745065
3 653562
3 963288
3 891495
3 730746
3 714186
3 757674
3 731529
3 764037
3 711684
3 825300
3 848421
3 844434
3 810783
3 801081
3 832626
3 747099
3 802026
3 871362
3 845694
3 772056
3 670860
3 856170
3 849924
3 901179
3 721827
3 933093
3 814743
3 847638
3 841239
3 743409
3 864720
3 785520
3 751725
3 740097
3 841248
3 723546
3 766584
3 803151
3 901845
3 646830
3 614241
3 811863
3 795285
3 720414
3 672705
3 873675
3 775710
3 878373
3 773118
3 730611
3 806427
3 788895
3 735228
3 836136
3 860436
3 786294
3 831897
3 823464
3 775125
3 754983
3 853686
3 902097
3 766719
3 775017
3 859887
3 841221
3 768051
3 901179
3 822843
3 673749
3 848394
3 792288
3 808182
3 804438
3 770967
3 765756
3 787365
3 864153
3 830610
3 737604
3 783405
3 785601
3 909846
3 788607
3 811863
3 780003
3 864693
3 875556
3 896877
3 780831
3 889893
3 881874
3 819477
3 861363
3 529452
3 859860
3 853002
3 788814
3 695331
3 792153
3 832482
3 771669
3 821718
3 701460
3 721719
3 815535
3 767385
3 838521
3 787977
3 752697
3 855441
3 844893
3 861030
3 893367
3 868698
3 861759
3 726507
3 776637
3 778491
3 854235
3 713403
3 758448
3 800937
3 930807
3 712872
3 745002
3 820017
3 853713
3 819693
3 821673
3 799029
3 684423
3 877347
3 673929
3 886698
3 872928
3 837963
3 843696
3 788085
3 750114
3 901647
3 819513
3 684513
3 779733
3 775089
3 696132
3 686826
3 822573
3 832077
3 858483
3 804798
3 843795
3 820449
3 791919
3 758394
3 858582
3 797328
3 715671
3 840348
3 778392
3 695277
3 777969
3 756819
3 812718
3 811332
3 777006
3 921960
3 821259
3 801810
3 845721
3 751428
3 736758
3 759582
3 797787
3 792855
3 861471
3 773496
3 784512
3 850158
3 910386
3 873126
3 815814
3 803403
3 753516
3 742581
3 697329
3 796806
3 830439
3 795600
3 775737
3 799965
3 725328
3 781344
3 771480
3 855432
3 698706
3 822564
3 698175
3 908235
3 841608
3 736029
3 808983
3 789156
3 845370
3 569763
3 799038
3 885690
3 802368
3 847215
3 755757
3 920358
3 754434
3 849384
3 755838
3 813177
3 784998
3 828081
3 909729
3 787185
3 834840
3 787023
3 751311
3 819477
3 702288
3 772902
3 855459
3 682956
3 786996
3 763281
3 731556
3 779652
3 767106
3 653832
3 892431
3 808965
3 804195
3 817974
3 832113
3 890028
3 582498
3 875619
3 864639
3 849294
3 686502
3 729063
3 948447
3 860832
3 867402
3 892035
3 812007
3 760347
3 885654
3 681480
3 841725
3 817389
3 838854
3 873639
3 828198
3 765396
3 883593
3 854019
3 780057
3 778671
3 731682
3 750015
3 765810
3 871191
3 777951
3 838305
3 718587
3 792288
3 878922
3 781308
3 793125
3 811998
3 863253
3 783603
3 764010
3 812025
3 797913
3 801009
3 767187
3 645408
3 752283
3 765594
3 901305
3 752913
3 834867
3 848367
3 779058
3 686070
3 783297
3 765765
3 744597
3 759591
3 664749
3 711333
3 795690
3 711675
3 766674
3 821529
3 783540
3 847665
3 938664
3 799029
3 801099
3 749583
3 829422
3 811359
3 851940
3 751320
3 782316
3 874980
3 822969
3 726894
3 751050
3 707814
3 805437
3 895410
3 824067
3 776223
3 873513
3 775917
3 821925
3 757935
3 875592
3 789300
3 892062
3 776718
3 763398
3 769779
3 711729
3 770319
3 664254
3 858834
3 865575
3 841500
3 868914
3 731619
3 788490
3 864720
3 889191
3 836685
3 654723
3 774864
3 766647
3 842247
3 897246
3 696546
3 720396
3 749088
3 742815
3 802629
3 776394
3 783054
3 808209
3 807147
3 793197
3 709587
3 846252
3 888453
3 841221
3 637092
3 753723
3 804996
3 891648
3 731556
3 871344
3 872001
3 821061
3 723078
3 907335
3 858456
3 867348
3 681147
3 833184
3 830430
3 760446
3 864684
3 852381
3 722448
3 852129
3 749610
3 830889
3 865422
3 731556
3 774918
3 788463
3 788832
3 712341
3 634977
3 941895
3 744741
3 787716
3 889128
3 888453
3 750168
3 820134
3 716832
3 752571
3 895815
3 903087
3 670167
3 778725
3 774297
3 782235
3 762309
3 751176
3 852057
3 699111
3 688689
3 732870
3 791091
3 780012
3 805743
3 866475
3 756189
3 894042
3 799047
3 836055
3 805653
3 664281
3 765198
3 850023
3 790929
3 731259
3 765432
3 810018
3 759861
3 794970
3 916956
3 821880
3 828621
3 862515
3 774936
3 681435
3 901368
3 744525
3 724149
3 732438
3 807417
3 834111
3 815184
3 723465
3 911241
3 773424
3 693585
3 737415
3 739062
3 725112
3 691398
3 755901
3 865980
3 786708
3 818721
3 805662
3 720054
3 739107
3 757944
3 760590
3 766341
3 768141
3 805671
3 731898
3 835344
3 835938
3 683028
3 853029
3 771408
3 817101
3 769644
3 710838
3 796842
3 719280
3 755235
3 806427
3 761724
3 681741
3 841518
3 819009
3 706671
3 903519
3 851139
3 729369
3 823977
3 734913
3 661041
3 747324
3 733482
3 792126
3 721710
3 849942
3 848862
3 779517
3 846198
3 866052
3 643122
3 868536
3 870381
3 755280
3 783549
3 773082
3 925911
3 893781
3 767151
3 900783
3 787752
3 892899
3 815841
3 892521
3 813888
3 767781
3 792333
3 773523
3 859680
3 680553
3 791901
3 722007
3 863262
3 836811
3 788004
3 724230
3 792621
3 883503
3 887778
3 783018
3 739638
3 651987
3 827154
3 767772
3 889659
3 842211
3 854253
3 838854
3 972711
3 806688
3 828189
3 812196
3 923202
3 864189
3 786006
3 560313
3 862605
3 850347
3 852399
3 941247
3 890001
3 779049
3 866826
3 826434
3 848844
3 789840
3 826569
3 650097
3 771300
3 696537
3 862974
3 750717
3 792567
3 615006
3 870426
3 777294
3 841635
3 865917
3 790875
3 863442
3 884160
3 805194
3 844821
3 903357
3 854262
3 787158
3 751401
3 713412
3 856494
3 859149
3 762588
3 822312
3 828603
3 808497
3 640242
3 698148
3 790812
3 786726
3 765333
3 771561
3 861993
3 868806
3 715995
3 844866
3 889650
3 879975
3 806328
3 686385
3 735507
3 890460
3 722502
3 774081
3 783693
3 838053
3 684792
3 864045
3 826731
3 670824
3 799857
3 815517
3 848925
3 776664
3 885645
3 762336
3 813951
3 845838
3 887193
3 739620
3 811881
3 859887
3 803430
3 850932
3 774081
3 812853
3 741105
3 811377
3 841428
3 862443
3 735723
3 614646
3 783549
3 783846
3 824886
3 810792
3 911493
3 799551
3 676377
3 749736
3 837864
3 772002
3 717741
3 795798
3 792720
3 832158
3 707985
3 792072
3 817893
3 675306
3 619605
3 765810
3 667971
3 890955
3 776646
3 845694
3 892521
3 810369
3 760392
3 810666
3 706167
3 741267
3 863307
3 755856
3 770652
3 806355
3 757845
3 824715
3 870732
3 918468
3 915732
3 921744
3 778689
3 756027
3 895617
3 698760
3 660456
3 876780
3 893430
3 786483
3 775116
3 693459
3 871272
3 767538
3 673470
3 694764
3 762246
3 806391
3 708687
3 824895
3 789264
3 839520
3 736641
3 694080
3 788103
3 963963
3 910557
3 786951
3 900972
3 786906
3 723204
3 796284
3 760851
3 685089
3 830430
3 800865
3 720387
3 869778
3 856143
3 785601
3 860382
3 867114
3 851184
3 743283
3 799011
3 866133
3 759771
3 793494
3 761679
3 800595
3 798768
3 724347
3 696240
3 770904
3 836613
3 826011
3 885285
3 800208
3 855432
3 830556
3 810126
3 728055
3 745074
3 873684
3 894978
3 845442
3 814284
3 905859
3 688950
3 653931
3 844551
3 746910
3 874413
3 633537
3 776547
3 841653
3 753309
3 825894
3 822708
3 914301
3 649233
3 753750
3 821691
3 779094
3 927567
3 724275
3 783693
3 761706
3 823005
3 765450
3 760590
3 828171
3 778095
3 850509
3 848376
3 748152
3 815112
3 655587
3 882108
3 841833
3 812736
3 753705
3 744498
3 864711
3 783486
3 825939
3 812790
3 871983
3 700893
3 824607
3 714681
3 823068
3 864261
3 781254
3 875421
3 791136
3 851580
3 750951
3 637506
3 766386
3 721719
3 903996
3 859905
3 783702
3 771228
3 908244
3 903735
3 799794
3 753381
3 746127
3 839529
3 805473
3 691731
3 837045
3 832059
3 808263
3 798192
3 856764
3 756162
3 782235
3 845082
3 798633
3 766818
3 756729
3 883179
3 858384
3 761058
3 708786
3 805662
3 864702
3 763983
3 685107
3 720180
3 881145
3 765720
3 778176
3 715383
3 829143
3 828126
3 778725
3 812664
3 892323
3 650097
3 805671
3 787977
3 855612
3 905292
3 834795
3 782280
3 907353
3 747612
3 858609
3 815517
3 846270
3 865395
3 833940
3 742905
3 786924
3 722385
3 750006
3 796230
3 707220
3 767646
3 768258
3 856476
3 792711
3 787113
3 775656
3 788868
3 868023
3 858456
3 633906
3 603450
3 790236
3 792135
3 852282
3 766683
3 721665
3 865395
3 832401
3 696537
3 726489
3 814077
3 481446
3 758529
3 531054
3 644445
3 853740
3 836406
3 790218
3 893088
3 722439
3 793080
3 832392
3 704313
3 810063
3 808740
3 733086
3 771759
3 740961
3 715518
3 820872
3 812907
3 749052
3 855810
3 645408
3 790461
3 857556
3 845415
3 861651
3 824274
3 848898
3 855576
3 777069
3 774540
3 611136
3 763695
3 886095
3 781326
3 720414
3 832779
3 817533
3 787725
3 824265
3 816057
3 858888
3 869634
3 763533
3 692046
3 854253
3 854091
3 582525
3 818496
3 747765
3 766872
3 756225
3 700119
3 622350
3 836280
3 763551
3 813456
3 841437
3 849609
3 848376
3 919359
3 766341
3 758340
3 872712
3 839952
3 803133
3 867447
3 896445
3 847665
3 732465
3 765765
3 759276
3 850149
3 856071
3 673848
3 800820
3 861957
3 805779
3 860454
3 776673
3 881667
3 820575
3 775818
3 892890
3 831294
3 815544
3 725067
3 849960
3 872775
3 758079
3 805743
3 858375
3 802791
3 767763
3 673821
3 866016
3 874413
3 822339
3 874899
3 877851
3 642231
3 764019
3 817245
3 842976
3 721548
3 774630
3 817092
3 766701
3 779364
3 716841
3 787671
3 805446
3 779850
3 834165
3 680715
3 838278
3 767763
3 841023
3 776502
3 854217
3 783126
3 673119
3 964773
3 864081
3 854883
3 845397
3 834525
3 780597
3 891747
3 814086
3 868698
3 779031
3 771417
3 858699
3 781011
3 781263
3 835398
3 749682
3 858447
3 803394
3 723771
3 766620
3 779679
3 677430
3 653760
3 728037
3 755028
3 805689
3 858474
3 788481
3 858249
3 674784
3 886698
3 776628
3 800559
3 885978
3 807399
3 790803
3 830340
3 738882
3 821880
3 793008
3 918000
3 815670
3 815697
3 807426
3 890442
3 801000
3 725706
3 829494
3 734580
3 788157
3 869742
3 830025
3 772560
3 857448
3 796077
3 744498
3 846018
3 887040
3 885168
3 771390
3 786753
3 851562
3 778536
3 811989
3 830061
3 757620
3 722412
3 742815
3 784710
3 869715
3 889596
3 765441
3 844056
3 809154
3 782982
3 829089
3 817767
3 815400
3 776403
3 879885
3 636615
3 796608
3 714879
3 892035
3 791982
3 798642
3 756756
3 563490
3 866160
3 784863
3 797139
3 665955
3 840015
3 816597
3 750186
3 865962
3 840744
3 875610
3 625653
3 760212
3 806445
3 838485
3 857205
3 767781
3 725022
3 748188
3 845775
3 760581
3 805662
3 780534
3 805158
3 777375
3 780264
3 860472
3 861309
3 828153
3 908919
3 694944
3 852435
3 842202
3 852354
3 788418
3 814545
3 895878
3 777285
3 809010
3 796680
3 782712
3 766386
3 772605
3 691533
3 730557
3 862677
3 892341
3 825714
3 826434
3 841824
3 603486
3 764865
3 726201
3 787914
3 696042
3 834786
3 796878
3 857106
3 847494
3 723294
3 804150
3 863694
3 810621
3 800163
3 722448
3 883431
3 742536
3 739656
3 687510
3 798759
3 849681
3 775440
3 812799
3 705357
3 864720
3 718164
3 841932
3 855378
3 804429
3 831888
3 865386
3 841698
3 757746
3 881028
3 817299
3 793683
3 777078
3 810918
3 810540
3 856152
3 915678
3 849618
3 729846
3 831015
3 791352
3 836640
3 723843
3 695151
3 869238
3 851832
3 824724
3 838026
3 842166
3 779319
3 897786
3 723807
3 861822
3 689058
3 826272
3 769680
3 753426
3 784773
3 663777
3 767088
3 805086
3 836631
3 773073
3 754515
3 874323
3 828189
3 836253
3 660708
3 800172
3 792684
3 861426
3 865422
3 803187
3 911367
3 836595
3 615357
3 763983
3 865287
3 821907
3 806922
3 805680
3 897066
3 784494
3 711639
3 858420
3 849645
3 813582
3 779985
3 720198
3 750321
3 866268
3 772992
3 636705
3 843939
3 790569
3 841896
3 758097
3 785466
3 788508
3 792720
3 737406
3 692397
3 711000
3 726138
3 828711
3 828207
3 818649
3 783342
3 737577
3 836001
3 713403
3 760563
3 794547
3 767052
3 833562
3 901917
3 843570
3 808983
3 790443
3 806013
3 680562
3 721665
3 736794
3 698625
3 743625
3 770121
3 782280
3 793098
3 756765
3 765360
3 755631
3 742860
3 628155
3 772596
3 836190
3 537048
3 864135
3 515790
3 724689
3 837567
3 771219
3 844452
3 813618
3 831798
3 824643
3 931752
3 737730
3 842292
3 917721
3 915813
3 894069
3 709173
3 808236
3 792306
3 776250
3 748476
3 835740
3 751500
3 755379
3 702342
3 729423
3 840006
3 749709
3 897102
3 857232
3 869760
3 816237
3 600615
3 699831
3 714060
3 880038
3 808956
3 792756
3 759582
3 746577
3 876618
3 849996
3 741501
3 837729
3 925299
3 724284
3 711252
3 735993
3 787158
3 818973
3 908496
3 858087
3 778464
3 812709
3 854982
3 806841
3 800181
3 892008
3 824886
3 774990
3 664704
3 792720
3 890613
3 760815
3 786348
3 734319
3 686124
3 872595
3 820863
3 752751
3 922311
3 796842
3 861876
3 779670
3 780219
3 790344
3 858555
3 826461
3 824715
3 817101
3 794178
3 742770
3 816966
3 860454
3 793539
3 761859
3 761823
3 779328
3 857394
3 780273
3 774009
3 812421
3 863316
3 811620
3 774153
3 716526
3 677043
3 743427
3 765990
3 828612
3 721692
3 823626
3 750213
3 849672
3 791082
3 765774
3 903600
3 803997
3 760212
3 825957
3 762318
3 883350
3 890442
3 741753
3 772002
3 880002
3 767052
3 742779
3 714870
3 757737
3 721692
3 866646
3 753435
3 712467
3 852345
3 829458
3 669636
3 771552
3 713520
3 653544
3 756828
3 793935
3 784017
3 826443
3 846432
3 813942
3 770319
3 754524
3 866898
3 725787
3 970164
3 856026
3 773559
3 885177
3 817830
3 800955
3 846297
3 736155
3 691146
3 830970
3 812466
3 864855
3 821943
3 866808
3 632097
3 846000
3 853686
3 788895
3 790389
3 862218
3 791973
3 817812
3 925092
3 787014
3 658179
3 881370
3 805428
3 832365
3 808956
3 888525
3 883305
3 789291
3 710838
3 767079
3 763029
3 770130
3 793143
3 782730
3 829305
3 885303
3 755982
3 793944
3 777789
3 703989
3 887211
3 805311
3 908838
3 759501
3 883512
3 855306
3 804996
3 764406
3 765414
3 888102
3 787743
3 776610
3 901332
3 848313
3 918135
3 831357
3 803133
3 746577
3 703926
3 905004
3 733527
3 865422
3 789930
3 826893
3 678744
3 808065
3 867267
3 840681
3 798804
3 780831
3 817965
3 862821
3 670842
3 724293
3 855396
3 732132
3 749457
3 730107
3 887805
3 765756
3 860931
3 812025
3 851562
3 900657
3 802251
3 721206
3 836748
3 820062
3 871353
3 790623
3 844893
3 774333
3 856566
3 885654
3 902412
3 777897
3 748530
3 864963
3 836244
3 849897
3 643743
3 780237
3 762237
3 787851
3 766611
3 757215
3 756774
3 798165
3 763623
3 818748
3 713412
3 811854
3 864117
3 666432
3 818280
3 761922
3 615537
3 803412
3 794934
3 828189
3 887760
3 894996
3 808542
3 849600
3 904050
3 759501
3 727479
3 783729
3 734535
3 786294
3 776160
3 814212
3 764721
3 786753
3 788661
3 868761
3 891297
3 845118
3 897282
3 798174
3 793719
3 734616
3 832122
3 731574
3 846396
3 927126
3 792513
3 777078
3 854388
3 781272
3 756423
3 716373
3 892341
3 770490
3 930042
3 799011
3 822573
3 883854
3 826695
3 890937
3 800604
3 852282
3 864549
3 898506
3 714024
3 740943
3 889191
3 734292
3 866052
3 902862
3 767754
3 741258
3 770247
3 783288
3 695268
3 775053
3 641268
3 783675
3 841797
3 774081
3 839700
3 708633
3 875043
3 776790
3 758484
3 840780
3 770859
3 707409
3 720549
3 634500
3 805788
3 764829
3 761121
3 771678
3 798957
3 802521
3 767619
3 828306
3 842427
3 761787
3 792621
3 849609
3 841644
3 743652
3 829233
3 757719
3 775053
3 839187
3 738684
3 768852
3 853668
3 765225
3 799002
3 743616
3 817659
3 870111
3 768024
3 815607
3 765729
3 619659
3 918954
3 780606
3 724932
3 725094
3 894951
3 698355
3 700515
3 913869
3 823329
3 721548
3 790983
3 767565
3 880605
3 757908
3 873531
3 834102
3 713412
3 752391
3 800946
3 812295
3 723312
3 805590
3 832689
3 809892
3 785817
3 823491
3 838179
3 866727
3 768915
3 764982
3 825957
3 688914
3 772767
3 767790
3 865683
3 900144
3 828342
3 705762
3 958266
3 810360
3 763290
3 792711
3 751041
3 753183
3 885195
3 781020
3 692019
3 680571
3 641619
3 710559
3 875574
3 866133
3 805446
3 871344
3 786996
3 849600
3 842220
3 828153
3 777933
3 883449
3 762831
3 804789
3 784062
3 784476
3 833454
3 818280
3 694818
3 799434
3 891054
3 802782
3 675981
3 856863
3 591516
3 866853
3 841788
3 680229
3 718263
3 753786
3 764244
3 910188
3 828711
3 755631
3 823320
3 765945
3 766674
3 744615
3 742554
3 890496
3 806076
3 890892
3 726210
3 750807
3 857430
3 791982
3 710541
3 582534
3 727884
3 756711
3 862596
3 700911
3 874971
3 773433
3 799920
3 825651
3 874035
3 709542
3 879795
3 762183
3 872892
3 800388
3 822816
3 776412
3 774054
3 756747
3 735993
3 805743
3 762048
3 831303
3 826902
3 665037
3 768906
3 874917
3 863316
3 855315
3 861561
3 892314
3 882882
3 770931
3 767799
3 892314
3 723456
3 699975
3 745875
3 799020
3 900378
3 871092
3 883944
3 602793
3 872721
3 920736
3 771678
3 760968
3 824895
3 771255
3 782298
3 798138
3 905373
3 866286
3 742284
3 854649
3 844245
3 841797
3 755685
3 845379
3 835821
3 811971
3 776286
3 792000
3 648756
3 619506
3 845406
3 800559
3 760806
3 856827
3 761238
3 920205
3 659115
3 853119
3 742293
3 679725
3 761103
3 871344
3 850905
3 895365
3 881640
3 865170
3 548379
3 791109
3 810018
3 828207
3 830034
3 801747
3 821880
3 754902
3 863316
3 805239
3 722385
3 836334
3 739197
3 779661
3 817443
3 672516
3 933264
3 908361
3 645372
3 772740
3 762174
3 821295
3 758097
3 779787
3 787752
3 808632
3 752454
3 780282
3 780012
3 685566
3 732474
3 737667
3 811881
3 890964
3 755595
3 876312
3 777177
3 666333
3 799479
3 876987
3 802737
3 816021
3 782901
3 721701
3 776034
3 716229
3 743094
3 830457
3 781308
3 806382
3 652725
3 783369
3 818172
3 842769
3 827784
3 837693
3 795933
3 881631
3 829494
3 721944
3 713385
3 863766
3 792558
3 855468
3 737253
3 768924
3 709578
3 848673
3 745947
3 720414
3 828891
3 790947
3 721665
3 838017
3 784827
3 742914
3 762336
3 906804
3 906462
3 854388
3 877869
3 802503
3 836280
3 743643
3 808992
3 724716
3 887562
3 728469
3 841743
3 755613
3 718398
3 794880
3 682803
3 740934
3 710514
3 720135
3 746748
3 804564
3 845370
3 723348
3 588951
3 854082
3 766332
3 724140
3 926919
3 688689
3 798750
3 826470
3 841752
3 662328
3 756594
3 899649
3 753768
3 811953
3 835434
3 790443
3 856917
3 864693
3 709605
3 785439
3 791757
3 891162
3 771570
3 829485
3 872055
3 856242
3 767025
3 672705
3 816237
3 767826
3 821826
3 804960
3 852957
3 805824
3 759753
3 825282
3 820890
3 816714
3 845424
3 676827
3 751446
3 877464
3 861408
3 796266
3 895203
3 871128
3 649026
3 717840
3 776403
3 741393
3 760509
3 830844
3 803448
3 778005
3 783666
3 900837
3 797265
3 829143
3 755982
3 770958
3 842724
3 835470
3 838638
3 815337
3 852048
3 858978
3 743643
3 694791
3 830880
3 782280
3 753462
3 753705
3 818289
3 803943
3 824733
3 801216
3 860922
3 735984
3 760950
3 782865
3 759843
3 802080
3 872622
3 789309
3 799551
3 750969
3 651456
3 892098
3 784944
3 854172
3 753525
3 828684
3 811980
3 731304
3 846846
3 881901
3 778842
3 734283
3 856152
3 791046
3 726498
3 863802
3 760347
3 840267
3 842049
3 730611
3 872874
3 763992
3 824841
3 714339
3 738045
3 759816
3 858150
3 824688
3 882855
3 762606
3 795789
3 741906
3 761688
3 845415
3 769014
3 831339
3 882054
3 762642
3 828675
3 679833
3 634221
3 843660
3 874134
3 852804
3 831465
3 661347
3 740097
3 796608
3 801072
3 868032
3 812421
3 830511
3 760950
3 755892
3 821682
3 810045
3 585522
3 922320
3 814176
3 758097
3 713682
3 757890
3 885285
3 745353
3 935091
3 844506
3 859329
3 763533
3 666036
3 715554
3 725967
3 608679
3 805302
3 882567
3 837729
3 783054
3 827523
3 720369
3 775008
3 703224
3 778716
3 832743
3 796824
3 877914
3 741249
3 791361
3 841221
3 696735
3 892305
3 834183
3 841752
3 816480
3 836604
3 764640
3 847053
3 780723
3 769266
3 732150
3 708624
3 834516
3 849969
3 714204
3 772254
3 748647
3 805473
3 775026
3 808650
3 808983
3 882225
3 673461
3 862020
3 819549
3 705231
3 777942
3 776736
3 810063
3 681129
3 757584
3 813483
3 774045
3 740268
3 842049
3 822555
3 883170
3 693423
3 751329
3 807147
3 830484
3 766377
3 841734
3 721656
3 810756
3 893781
3 779427
3 753228
3 841212
3 905256
3 791973
3 848520
3 839907
3 835443
3 822312
3 722124
3 771417
3 923256
3 647433
3 901926
3 760932
3 705438
3 547821
3 863856
3 848385
3 860463
3 824076
3 907272
3 745254
3 790659
3 783054
3 805626
3 845379
3 758547
3 771048
3 841824
3 737244
3 924111
3 827568
3 878886
3 849753
3 665802
3 850104
3 740835
3 920259
3 766674
3 831321
3 792306
3 844623
3 847161
3 842031
3 767547
3 848556
3 630522
3 901305
3 725058
3 811575
3 788526
3 850527
3 788805
3 880425
3 672219
3 819207
3 817110
3 872172
3 766728
3 701865
3 758547
3 820890
3 750168
3 739161
3 740277
3 914202
3 796779
3 801558
3 835731
3 812853
3 824868
3 788499
3 875268
3 783711
3 843336
3 893385
3 846180
3 806670
3 809019
3 749718
3 736155
3 901305
3 743292
3 836586
3 699804
3 782982
3 808371
3 766791
3 694809
3 828063
3 817200
3 695898
3 745434
3 746118
3 842580
3 732087
3 769311
3 826155
3 791298
3 824391
3 542736
3 883971
3 763137
3 911493
3 906570
3 857988
3 842499
3 656217
3 792576
3 773757
3 859149
3 721593
3 878985
3 851958
3 805626
3 828234
3 803124
3 868941
3 870426
3 673542
3 812745
3 791991
3 892413
3 893763
3 856440
3 804933
3 764892
3 673902
3 805032
3 773388
3 819513
3 720333
3 802755
3 634140
3 793296
3 852858
3 819189
3 721728
3 770355
3 717417
3 858456
3 759051
3 892341
3 875286
3 835353
3 679509
3 715644
3 849600
3 892269
3 685404
3 820062
3 593154
3 820107
3 675792
3 849132
3 797112
3 710541
3 844803
3 640224
3 801999
3 797031
3 822852
3 863343
3 768555
3 766719
3 737712
3 792864
3 721692
3 823419
3 805113
3 859905
3 758106
3 734328
3 883440
3 873135
3 793251
3 780759
3 731502
3 838269
3 872847
3 748539
3 711981
3 765738
3 823059
3 807453
3 657477
3 840294
3 761841
3 778500
3 757935
3 795978
3 698364
3 643005
3 762336
3 851229
3 859644
3 781965
3 681300
3 878724
3 799020
3 855378
3 870012
3 768006
3 808965
3 895617
3 828117
3 830007
3 828873
3 836343
3 739071
3 723438
3 850995
3 696510
3 794772
3 839970
3 735201
3 806553
3 933912
3 867951
3 799578
3 716688
3 885159
3 872487
3 731538
3 838584
3 852876
3 776232
3 804933
3 633906
3 771624
3 796851
3 789795
3 796257
3 879534
3 821511
3 616725
3 721692
3 715608
3 808992
3 561033
3 686493
3 874044
3 734715
3 860481
3 804798
3 699975
3 710766
3 752220
3 882594
3 787356
3 820044
3 869238
3 887778
3 672867
3 816552
3 809631
3 835470
3 877986
3 804798
3 753129
3 783531
3 680292
3 725175
3 840339
3 844866
3 787779
3 892332
3 880776
3 848691
3 907038
3 759888
3 759249
3 804816
3 755667
3 852480
3 798147
3 630045
3 772767
3 802728
3 731106
3 863235
3 771363
3 636489
3 849825
3 822879
3 680193
3 858528
3 777969
3 734274
3 864162
3 848376
3 841230
3 867960
3 660231
3 864801
3 801108
3 867249
3 732150
3 783351
3 710802
3 832140
3 780975
3 856539
3 904473
3 798957
3 676656
3 765738
3 828882
3 862155
3 721629
3 771660
3 841203
3 802953
3 734301
3 849951
3 742266
3 760941
3 792864
3 817407
3 841923
3 753696
3 858483
3 800217
3 850158
3 837234
3 866223
3 832617
3 762786
3 818253
3 828846
3 864702
3 834255
3 788895
3 694818
3 851373
3 550755
3 876474
3 851751
3 721692
3 832131
3 645552
3 816651
3 777042
3 705726
3 811503
3 815445
3 695988
3 836082
3 758268
3 817569
3 796968
3 774999
3 757170
3 796815
3 891099
3 864000
3 680292
3 730620
3 675270
3 881667
3 816273
3 823437
3 735507
3 464346
3 763911
3 703413
3 852813
3 805383
3 766854
3 784890
3 714042
3 759771
3 781335
3 886437
3 866817
3 778698
3 905301
3 803718
3 820143
3 832167
3 715563
3 871335
3 792018
3 745056
3 760716
3 705933
3 893898
3 777096
3 859194
3 872631
3 853722
3 660267
3 828072
3 848862
3 769554
3 824382
3 875763
3 707103
3 794826
3 720054
3 750987
3 865413
3 883611
3 730917
3 634626
3 872208
3 844110
3 798255
3 779121
3 749565
3 760689
3 823158
3 703611
3 758394
3 852561
3 715554
3 770463
3 791865
3 887130
3 755622
3 788787
3 740745
3 734643
3 732177
3 752463
3 812727
3 792342
3 880290
3 531126
3 847026
3 897390
3 763254
3 776736
3 805167
3 826884
3 852030
3 793728
3 672219
3 768267
3 908298
3 859896
3 785556
3 748485
3 808182
3 720414
3 744579
3 886086
3 777042
3 864477
3 792333
3 892638
3 739098
3 828603
3 718668
3 771273
3 710730
3 852345
3 805635
3 852615
3 761454
3 709731
3 919674
3 841221
3 883350
3 806409
3 862020
3 817911
3 865224
3 666585
3 842490
3 749745
3 774018
3 819486
3 862335
3 803205
3 774981
3 862254
3 737613
3 771300
3 794763
3 658224
3 678807
3 845388
3 830628
3 819117
3 818991
3 783621
3 766368
3 828675
3 724266
3 778707
3 787131
3 843948
3 853722
3 798183
3 903330
3 802791
3 863253
3 780282
3 856152
3 703386
3 883368
3 847647
3 747531
3 769806
3 771507
3 859941
3 828693
3 873675
3 874107
3 829539
3 790083
3 716058
3 877806
3 746577
3 683208
3 677187
3 802053
3 716508
3 810630
3 728757
3 900333
3 755658
3 830007
3 800244
3 732375
3 666774
3 684828
3 891999
3 684468
3 794043
3 776664
3 864900
3 821079
3 886131
3 737739
3 800577
3 853326
3 830016
3 773406
3 805716
3 839943
3 651492
3 901359
3 895329
3 784107
3 853659
3 793143
3 783846
3 751482
3 823284
3 843678
3 675333
3 917100
3 729180
3 742527
3 765396
3 737640
3 691029
3 757557
3 914202
3 756819
3 818469
3 845982
3 792360
3 828234
3 845379
3 780003
3 748044
3 702324
3 731160
3 774612
3 762147
3 730728
3 758457
3 869760
3 863244
3 846018
3 693783
3 931824
3 834039
3 751392
3 788796
3 884556
3 782235
3 787770
3 887832
3 748134
3 856449
3 799875
3 879948
3 767529
3 714852
3 805482
3 786213
3 580626
3 863253
3 852948
3 740637
3 623682
3 701757
3 881901
3 856485
3 822933
3 736515
3 885438
3 819234
3 747549
3 830610
3 751806
3 545472
3 753714
3 796833
3 655569
3 755676
3 851535
3 841806
3 893214
3 839277
3 860931
3 841086
3 836919
3 764649
3 826866
3 861093
3 726471
3 718902
3 745380
3 952353
3 903438
3 676044
3 820206
3 916794
3 841221
3 813483
3 601731
3 784557
3 736335
3 865044
3 849375
3 794916
3 844848
3 739611
3 744120
3 764532
3 870507
3 861174
3 811989
3 901746
3 805689
3 776394
3 758088
3 731628
3 628146
3 790434
3 772362
3 808956
3 849051
3 907038
3 899451
3 782289
3 683352
3 809163
3 663039
3 901323
3 824274
3 870480
3 661545
3 790524
3 817884
3 781785
3 859590
3 721332
3 676701
3 788913
3 695943
3 791073
3 686763
3 765738
3 790803
3 790479
3 739854
3 696519
3 871200
3 890442
3 855378
3 886095
3 790956
3 742275
3 885114
3 741186
3 706095
3 759177
3 811602
3 774990
3 959652
3 763650
3 784044
3 777834
3 832446
3 704475
3 756864
3 721656
3 798525
3 812232
3 810198
3 876789
3 769599
3 864729
3 790902
3 872586
3 843696
3 796545
3 774216
3 826695
3 827604
3 777546
3 711198
3 752436
3 786600
3 852759
3 746127
3 851895
3 858951
3 743391
3 833166
3 754839
3 788454
3 821673
3 836262
3 841212
3 798129
3 854037
3 725328
3 800199
3 812745
3 787761
3 796851
3 880020
3 846909
3 823266
3 790587
3 745893
3 764397
3 742104
3 892053
3 809937
3 773064
3 756243
3 741312
3 706122
3 837306
3 891351
3 806391
3 723087
3 662958
3 798867
3 619830
3 908856
3 694449
3 886491
3 783639
3 843498
3 714852
3 675576
3 831330
3 699822
3 873738
3 721665
3 800550
3 804852
3 717075
3 808389
3 755388
3 814068
3 892071
3 739818
3 794871
3 686520
3 824022
3 767790
3 836370
3 680562
3 805284
3 888705
3 765711
3 766764
3 873405
3 635184
3 788157
3 762426
3 793629
3 752886
3 889668
3 902241
3 741078
3 847206
3 780255
3 840546
3 757710
3 807039
3 850158
3 756774
3 858915
3 730143
3 834120
3 806841
3 604008
3 850068
3 769770
3 757998
3 760338
3 735732
3 640242
3 942876
3 775539
3 759078
3 838098
3 763983
3 875583
3 848259
3 788157
3 836541
3 815814
3 792549
3 726435
3 856359
3 744309
3 772821
3 856764
3 876861
3 766638
3 789624
3 760887
3 813501
3 747918
3 798804
3 885285
3 778923
3 937827
3 864027
3 731520
3 744948
3 872793
3 760428
3 846468
3 831915
3 862245
3 726525
3 747477
3 838107
3 833490
3 855360
3 841428
3 671301
3 894267
3 806382
3 771687
3 847296
3 731520
3 707688
3 711927
3 634770
3 848079
3 834183
3 743634
3 866709
3 849069
3 858852
3 892890
3 782145
3 761022
3 693558
3 737190
3 785817
3 780759
3 720153
3 789237
3 788814
3 767223
3 781479
3 729171
3 850662
3 817911
3 901296
3 728469
3 785340
3 823545
3 838917
3 841464
3 874161
3 753102
3 831366
3 791091
3 774027
3 721701
3 852948
3 850149
3 803178
3 823644
3 811980
3 826686
3 861084
3 755865
3 824895
3 790083
3 822384
3 802764
3 726327
3 845613
3 803241
3 945594
3 812718
3 825408
3 882540
3 769239
3 859878
3 740619
3 753894
3 695106
3 761724
3 876681
3 812736
3 850509
3 755469
3 789174
3 886959
3 809451
3 730692
3 768825
3 792288
3 831924
3 577251
3 790209
3 739341
3 812052
3 901944
3 805752
3 844560
3 758016
3 739278
3 759834
3 838584
3 662445
3 714843
3 779733
3 732042
3 835002
3 666063
3 863208
3 760248
3 904509
3 852606
3 812736
3 804780
3 850131
3 740475
3 721719
3 833976
3 805707
3 777483
3 670851
3 808371
3 929502
3 789237
3 806724
3 711549
3 771363
3 762570
3 915525
3 755856
3 805005
3 825705
3 744003
3 838341
3 781074
3 735705
3 770490
3 825984
3 792603
3 788895
3 732141
3 888318
3 783036
3 587979
3 820350
3 694791
3 691218
3 811989
3 791136
3 777069
3 754929
3 871299
3 770805
3 732141
3 940167
3 852201
3 815364
3 734256
3 852804
3 792000
3 837594
3 866889
3 723492
3 636003
3 768915
3 908532
3 774963
3 672687
3 848394
3 820440
3 787734
3 874062
3 811566
3 913617
3 779112
3 800586
3 730548
3 832869
3 902700
3 766710
3 784899
3 762201
3 861660
3 679077
3 817803
3 758583
3 778905
3 721710
3 803340
3 753300
3 750879
3 788157
3 772965
3 677277
3 758457
3 671499
3 876609
3 834210
3 710766
3 934776
3 790776
3 837954
3 827775
3 681876
3 722439
3 782397
3 751428
3 805986
3 863199
3 758493
3 814437
3 769248
3 874890
3 687114
3 864900
3 796293
3 833220
3 776826
3 764559
3 873666
3 636651
3 864405
3 805815
3 860454
3 872028
3 776304
3 842454
3 821718
3 804411
3 722475
3 712296
3 781785
3 885690
3 788886
3 824436
3 822726
3 902718
3 766395
3 642690
3 771741
3 783738
3 804924
3 781515
3 716274
3 615582
3 804789
3 805482
3 730638
3 744120
3 795690
3 762354
3 779319
3 811854
3 776646
3 858222
3 798993
3 817542
3 851742
3 814383
3 781479
3 787716
3 796275
3 777483
3 727200
3 864801
3 846630
3 722709
3 657117
3 749259
3 858429
3 869760
3 870102
3 663300
3 872892
3 874935
3 739341
3 655578
3 772164
3 793170
3 866934
3 750132
3 721656
3 808983
3 858492
3 881325
3 631269
3 883917
3 686133
3 788022
3 813096
3 883764
3 857088
3 757917
3 908379
3 804987
3 881883
3 773784
3 788265
3 880443
3 766332
3 709380
3 866655
3 859887
3 754425
3 821763
3 782865
3 796761
3 725886
3 739161
3 838755
3 900333
3 881973
3 717957
3 801783
3 866844
3 882540
3 787743
3 804816
3 730980
3 880533
3 672651
3 848304
3 836055
3 703854
3 863253
3 749853
3 838773
3 800514
3 775440
3 778950
3 848385
3 838773
3 841905
3 910728
3 856431
3 692019
3 872928
3 856170
3 780534
3 766332
3 826920
3 903618
3 791946
3 772767
3 856422
3 744453
3 705438
3 830574
3 828873
3 892296
3 602811
3 854757
3 821358
3 837027
3 808497
3 681480
3 818289
3 762183
3 905715
3 846540
3 776610
3 852669
3 794790
3 887769
3 641466
3 887166
3 813474
3 761841
3 798084
3 721647
3 755649
3 775116
3 738378
3 796869
3 788670
3 793845
3 768915
3 771066
3 799974
3 757566
3 841941
3 798687
3 882702
3 840123
3 781434
3 883926
3 790830
3 884259
3 776052
3 909873
3 925056
3 839961
3 795483
3 881505
3 886689
3 515718
3 860661
3 805482
3 782253
3 760356
3 758565
3 800172
3 737622
3 789984
3 854127
3 831402
3 767133
3 758043
3 805446
3 692433
3 670842
3 780732
3 697968
3 791973
3 753534
3 781461
3 818262
3 713169
3 783090
3 618282
3 761103
3 605475
3 808704
3 808992
3 798912
3 876942
3 867402
3 774927
3 833517
3 674136
3 896022
3 760446
3 864072
3 870003
3 797094
3 806526
3 805455
3 812718
3 729162
3 761733
3 840789
3 797085
3 802701
3 932022
3 695952
3 874953
3 872388
3 745056
3 702324
3 832689
3 740952
3 748566
3 712899
3 817110
3 755046
3 742986
3 838071
3 804780
3 776052
3 908847
3 821907
3 811980
3 822546
3 827955
3 879912
3 799002
3 805005
3 843561
3 759447
3 867438
3 840807
3 859122
3 744732
3 738693
3 808983
3 907992
3 726426
3 869616
3 838809
3 864810
3 754524
3 906111
3 788652
3 664272
3 802782
3 863244
3 832797
3 760941
3 855495
3 944190
3 694944
3 932319
3 788247
3 822330
3 875349
3 757116
3 854262
3 883467
3 858249
3 848385
3 817956
3 817470
3 652995
3 832833
3 812403
3 822582
3 774063
3 770085
3 726480
3 793863
3 805455
3 783198
3 774216
3 844092
3 768672
3 825633
3 715455
3 838575
3 631242
3 853668
3 636489
3 754254
3 808344
3 885294
3 914841
3 685242
3 891612
3 920673
3 786942
3 838323
3 943236
3 889641
3 915957
3 806490
3 750969
3 776394
3 903789
3 800181
3 869166
3 747513
3 929151
3 743337
3 826353
3 789705
3 854235
3 818712
3 563697
3 862740
3 743436
3 786330
3 921744
3 809127
3 678978
3 832221
3 824283
3 806328
3 765405
3 791109
3 767052
3 863289
3 755883
3 845370
3 790812
3 810612
3 764865
3 888525
3 792801
3 788157
3 792000
3 813717
3 806931
3 856440
3 943389
3 806481
3 715095
3 802584
3 678753
3 851940
3 846171
3 857223
3 878076
3 869580
3 788742
3 858744
3 789804
3 837063
3 720018
3 812907
3 807435
3 807444
3 836739
3 847269
3 805806
3 916155
3 678789
3 753975
3 742698
3 594504
3 908793
3 761796
3 870696
3 762732
3 846819
3 808983
3 764037
3 782370
3 786303
3 782685
3 805473
3 721665
3 757917
3 946980
3 831897
3 787770
3 718560
3 799587
3 917307
3 774009
3 858627
3 904203
3 922518
3 641385
3 750177
3 783018
3 866700
3 790110
3 722421
3 657801
3 789660
3 849393
3 697491
3 776718
3 828648
3 880263
3 935280
3 831699
3 797778
3 819504
3 814032
3 831609
3 730656
3 827928
3 653778
3 818028
3 871938
3 846810
3 848763
3 774990
3 778644
3 850068
3 758718
3 710748
3 836262
3 764496
3 786465
3 842202
3 863433
3 895347
3 799605
3 812817
3 766593
3 822564
3 786519
3 755550
3 833553
3 802530
3 658602
3 840240
3 657297
3 807453
3 814014
3 903087
3 865242
3 771327
3 792027
3 764001
3 793431
3 824220
3 608670
3 853263
3 765045
3 721611
3 841428
3 778878
3 904203
3 853704
3 666612
3 800532
3 797796
3 906120
3 758520
3 751464
3 748917
3 775026
3 766827
3 666549
3 817092
3 898488
3 832131
3 704358
3 718551
3 908910
3 772002
3 725076
3 832698
3 815850
3 780003
3 894105
3 845946
3 828657
3 844920
3 941148
3 781128
3 760923
3 753507
3 740232
3 716418
3 765675
3 881685
3 793827
3 878922
3 876159
3 844029
3 549819
3 687177
3 884268
3 776628
3 777042
3 597996
3 852426
3 821700
3 807354
3 779049
3 715356
3 836892
3 826704
3 761706
3 755550
3 822708
3 822339
3 858753
3 806850
3 861966
3 756360
3 858690
3 754182
3 648243
3 906615
3 712332
3 816597
3 832806
3 800604
3 774261
3 857520
3 744498
3 684432
3 779328
3 725139
3 827244
3 861759
3 869562
3 892359
3 788121
3 787761
3 842742
3 762786
3 911907
3 847773
3 866178
3 645111
3 884619
3 873126
3 849672
3 683685
3 821691
3 691812
3 772119
3 788814
3 783657
3 748494
3 869022
3 741879
3 780966
3 838323
3 735210
3 758115
3 795546
3 834543
3 678690
3 872874
3 885447
3 776664
3 857637
3 785439
3 906786
3 831951
3 841941
3 878211
3 783603
3 693099
3 730620
3 636615
3 855351
3 924309
3 659691
3 706122
3 855459
3 883008
3 877716
3 832401
3 855441
3 903807
3 853731
3 760005
3 883557
3 710406
3 856188
3 788643
3 869589
3 858933
3 855693
3 871506
3 802242
3 853659
3 704286
3 848376
3 793422
3 789327
3 793845
3 853740
3 765711
3 693126
3 775035
3 841977
3 790452
3 699840
3 766755
3 711540
3 944208
3 792000
3 792576
3 780912
3 817101
3 759789
3 819999
3 686313
3 846558
3 763713
3 670833
3 838926
3 737199
3 748575
3 846639
3 776232
3 746154
3 670833
3 685242
3 713214
3 790614
3 742932
3 731259
3 804357
3 698193
3 885303
3 689355
3 918738
3 857088
3 820926
3 871497
3 778914
3 760014
3 811917
3 702045
3 793890
3 671121
3 786861
3 788085
3 901899
3 727020
3 751446
3 672354
3 620343
3 760671
3 776637
3 859023
3 847017
3 772533
3 795942
3 730629
3 787023
3 861984
3 840015
3 803223
3 754524
3 822357
3 816714
3 842058
3 634410
3 787743
3 753525
3 869742
3 802215
3 714627
3 821898
3 808929
3 698184
3 671256
3 690165
3 789354
3 805662
3 792675
3 696546
3 755865
3 595332
3 832248
3 790965
3 849600
3 788841
3 803925
3 786987
3 733446
3 786285
3 878256
3 768114
3 918927
3 791964
3 685161
3 725850
3 767754
3 576900
3 675387
3 856449
3 892314
3 765414
3 832644
3 837171
3 792378
3 765711
3 816678
3 873684
3 700920
3 851697
3 749070
3 892314
3 885654
3 693927
3 875367
3 739287
3 922815
3 740223
3 790443
3 742284
3 828135
3 762849
3 730917
3 796302
3 676665
3 717525
3 749034
3 725139
3 798957
3 766728
3 769338
3 846396
3 700758
3 850464
3 725589
3 764829
3 800244
3 692163
3 775017
3 798327
3 879588
3 725076
3 790407
3 812736
3 722610
3 796257
3 836298
3 875295
3 895311
3 767700
3 674838
3 774270
3 719946
3 700434
3 796815
3 631629
3 802683
3 863406
3 737829
3 791964
3 766647
3 771921
3 859167
3 615978
3 774324
3 750672
3 835488
3 800307
3 681579
3 852327
3 733977
3 811980
3 853011
3 788301
3 895626
3 853749
3 639117
3 796833
3 633942
3 740124
3 790218
3 740925
3 903978
3 724149
3 815562
3 910890
3 731547
3 801396
3 865377
3 838917
3 776241
3 776709
3 845406
3 698337
3 771246
3 656100
3 842688
3 743940
3 854514
3 825678
3 760545
3 896031
3 824058
3 805662
3 852858
3 856233
3 836865
3 759501
3 781335
3 762561
3 753480
3 816822
3 784746
3 866169
3 966789
3 793854
3 730152
3 715284
3 827262
3 784017
3 764397
3 862182
3 790218
3 811377
3 800334
3 808884
3 776655
3 806346
3 790605
3 803997
3 780597
3 776043
3 740925
3 812988
3 787743
3 749835
3 540117
3 785601
3 762633
3 772848
3 821529
3 760455
3 841221
3 851931
3 702270
3 768861
3 792747
3 875169
3 865692
3 852489
3 839997
3 894762
3 766719
3 760149
3 820134
3 721683
3 797004
3 727173
3 787842
3 884682
3 737208
3 716850
3 867231
3 959418
3 878913
3 893223
3 873936
3 842058
3 642159
3 774981
3 783126
3 776664
3 859149
3 744930
3 759591
3 864675
3 859914
3 722484
3 812745
3 695295
3 786402
3 792585
3 730629
3 892377
3 783621
3 826524
3 856422
3 694782
3 864360
3 885978
3 753003
3 742842
3 851571
3 676368
3 761742
3 772803
3 760536
3 767043
3 810549
3 840735
3 814725
3 848313
3 781416
3 766593
3 805257
3 856962
3 645174
3 660501
3 815400
3 786285
3 836649
3 905652
3 696465
3 757323
3 641061
3 646731
3 686493
3 756189
3 788130
3 759888
3 866196
3 702324
3 921951
3 820584
3 841680
3 866016
3 799470
3 907965
3 908073
3 760941
3 703944
3 686115
3 823941
3 802017
3 884691
3 615582
3 815796
3 785007
3 803214
3 755289
3 766710
3 871092
3 912483
3 782721
3 834264
3 865431
3 769959
3 843120
3 858447
3 932166
3 853290
3 822051
3 887193
3 796833
3 789156
3 701361
3 796833
3 857214
3 743679
3 793071
3 837972
3 823023
3 786816
3 726498
3 819144
3 660852
3 918405
3 798201
3 787428
3 673470
3 836586
3 820134
3 725076
3 865989
3 854379
3 806436
3 779301
3 664254
3 689112
3 819000
3 863991
3 694872
3 726201
3 755640
3 861786
3 822834
3 762012
3 819522
3 779094
3 733194
3 920880
3 891558
3 735723
3 819513
3 879237
3 767934
3 875565
3 726651
3 743661
3 807453
3 854379
3 806508
3 858483
3 723069
3 883998
3 721692
3 858753
3 778950
3 838026
3 747648
3 848781
3 885690
3 688905
3 810558
3 781497
3 641565
3 837963
3 686997
3 858186
3 757998
3 741267
3 657648
3 800217
3 849375
3 830439
3 798579
3 680526
3 798066
3 733752
3 752652
3 797085
3 871407
3 791100
3 767079
3 845406
3 828207
3 746964
3 879966
3 631305
3 790794
3 766332
3 712422
3 754533
3 874359
3 834597
3 848583
3 718731
3 782739
3 696546
3 792567
3 791955
3 854982
3 854271
3 836892
3 799920
3 869454
3 796896
3 892395
3 826425
3 776394
3 885483
3 866160
3 853713
3 779049
3 742788
3 813744
3 735489
3 727911
3 732825
3 684792
3 931671
3 849816
3 858717
3 849591
3 778986
3 849618
3 874593
3 767736
3 817965
3 844911
3 688617
3 757620
3 740268
3 750357
3 722367
3 867177
3 863775
3 836289
3 731241
3 744633
3 853677
3 759834
3 828189
3 813987
3 805986
3 880317
3 778482
3 839493
3 805671
3 828855
3 860121
3 771948
3 857277
3 858591
3 841221
3 862992
3 788193
3 800478
3 783549
3 810144
3 787482
3 724392
3 896814
3 816669
3 821259
3 787770
3 776619
3 834678
3 798039
3 835362
3 842805
3 760581
3 918126
3 756198
3 867636
3 737694
3 835812
3 832257
3 661041
3 772803
3 849645
3 853623
3 767943
3 762282
3 900810
3 771345
3 763623
3 896031
3 798372
3 851553
3 829620
3 778725
3 804438
3 929529
3 859869
3 774090
3 671139
3 813960
3 756675
3 800496
3 803115
3 769608
3 831915
3 826470
3 890496
3 726642
3 844065
3 762129
3 781515
3 777987
3 808992
3 751752
3 805437
3 843876
3 787050
3 796644
3 599616
3 808974
3 643662
3 731304
3 879156
3 893772
3 750231
3 837738
3 865557
3 899343
3 796833
3 832131
3 808308
3 880002
3 848718
3 674442
3 856125
3 838350
3 803934
3 751059
3 807723
3 677565
3 910674
3 812043
3 841428
3 757980
3 786753
3 791100
3 819531
3 788463
3 751356
3 695115
3 892881
3 826650
3 826758
3 858573
3 757944
3 697338
3 836586
3 726003
3 749592
3 672525
3 817866
3 805806
3 642105
3 809631
3 757620
3 740925
3 899280
3 774063
3 791964
3 836847
3 875934
3 791964
3 885249
3 753723
3 880245
3 823509
3 923112
3 753516
3 872937
3 843687
3 702261
3 641565
3 745875
3 637767
3 810855
3 749835
3 871047
3 740160
3 780912
3 787761
3 856098
3 791073
3 881901
3 716364
3 751023
3 773406
3 872028
3 827838
3 761094
3 727416
3 862965
3 751464
3 849942
3 860409
3 783072
3 744732
3 847665
3 824949
3 736002
3 917001
3 887382
3 794907
3 779679
3 808974
3 892314
3 892323
3 816399
3 730620
3 811917
3 793332
3 826515
3 892575
3 809208
3 875295
3 788670
3 830313
3 829485
3 870480
3 749583
3 958716
3 855729
3 626949
3 843714
3 699300
3 775008
3 835587
3 803151
3 875448
3 870012
3 813519
3 858456
3 760617
3 837522
3 813555
3 891153
3 784818
3 780003
3 720360
3 725328
3 758655
3 840618
3 725706
3 741150
3 817812
3 798057
3 741321
3 741177
3 767538
3 823149
3 829053
3 901890
3 836424
3 831609
3 879057
3 776286
3 787770
3 682785
3 771606
3 781623
3 789219
3 783684
3 698175
3 681624
3 860418
3 842535
3 673407
3 915246
3 751698
3 845082
3 802746
3 817812
3 820881
3 789876
3 807390
3 731709
3 805689
3 767790
3 720126
3 722457
3 936198
3 792000
3 750924
3 840771
3 924165
3 829692
3 812772
3 793305
3 721575
3 885672
3 697923
3 756189
3 775881
3 866286
3 773469
3 723573
3 803169
3 799947
3 767781
3 759258
3 856881
3 866214
3 876978
3 860481
3 859446
3 832383
3 762363
3 728847
3 854757
3 569727
3 711549
3 798246
3 843147
3 810063
3 878751
3 792747
3 743094
3 711612
3 679779
3 844893
3 778473
3 877653
3 765576
3 771030
3 811584
3 859941
3 866151
3 790533
3 848124
3 914283
3 728802
3 791478
3 849888
3 892305
3 700128
3 792360
3 795906
3 812538
3 857826
3 720279
3 880650
3 782136
3 846504
3 753192
3 680886
3 644229
3 789111
3 789255
3 762210
3 755622
3 826713
3 864702
3 767808
3 911430
3 701802
3 789300
3 806967
3 731934
3 895635
3 903582
3 698175
3 696528
3 886734
3 749871
3 848619
3 848772
3 811989
3 900630
3 774018
3 727452
3 488763
3 790272
3 710739
3 731547
3 760563
3 873549
3 873162
3 752256
3 726408
3 730179
3 880461
3 804501
3 862488
3 929070
3 716832
3 875457
3 674460
3 716526
3 890937
3 776763
3 943767
3 762786
3 879570
3 858600
3 841428
3 777825
3 721647
3 779994
3 603495
3 773433
3 822321
3 739836
3 712908
3 795258
3 844938
3 716004
3 779040
3 865008
3 899613
3 882612
3 864720
3 781479
3 699156
3 857727
3 809001
3 754137
3 716391
3 834120
3 869787
3 783216
3 733320
3 902421
3 687555
3 660465
3 726192
3 816786
3 840312
3 831339
3 726165
3 786924
3 838827
3 784548
3 809613
3 754974
3 752499
3 864720
3 683370
3 788850
3 785808
3 772245
3 753669
3 817335
3 753957
3 773937
3 727614
3 889047
3 802791
3 848421
3 941733
3 783549
3 903564
3 862569
3 756603
3 775008
3 744570
3 752463
3 751437
3 835659
3 824004
3 797589
3 708660
3 715518
3 775854
3 665847
3 722430
3 836847
3 764514
3 723069
3 842499
3 929304
3 796833
3 858528
3 828153
3 708192
3 798579
3 845694
3 887409
3 799020
3 779310
3 674217
3 766710
3 849357
3 860067
3 867213
3 870498
3 770688
3 792531
3 863181
3 918387
3 847656
3 819513
3 844839
3 742779
3 705987
3 821637
3 687564
3 909396
3 762759
3 879336
3 713520
3 796797
3 854262
3 739530
3 841779
3 694170
3 804906
3 789246
3 783054
3 758007
3 849636
3 832833
3 683010
3 803133
3 763632
3 781299
3 792261
3 881955
3 872091
3 848727
3 818397
3 895212
3 897723
3 778707
3 900090
3 858447
3 885285
3 726426
3 844884
3 754533
3 780435
3 893709
3 832527
3 805329
3 780480
3 783567
3 820512
3 822582
3 856764
3 790947
3 863370
3 764532
3 716508
3 731853
3 735237
3 830763
3 856980
3 678798
3 883521
3 798750
3 798939
3 825255
3 798192
3 799029
3 860031
3 762327
3 884619
3 830034
3 723042
3 730989
3 883179
3 841743
3 811971
3 581211
3 709101
3 716571
3 669177
3 811881
3 865287
3 810621
3 865395
3 890442
3 732114
3 805167
3 846513
3 737307
3 842832
3 844155
3 743778
3 677007
3 820116
3 758565
3 853677
3 823968
3 866079
3 597303
3 887787
3 896931
3 723060
3 717849
3 724617
3 820458
3 774324
3 783639
3 794988
3 730557
3 834102
3 705924
3 590490
3 722133
3 663084
3 821313
3 794934
3 831960
3 921672
3 793287
3 883179
3 772812
3 738360
3 870642
3 835596
3 859725
3 852282
3 895761
3 734283
3 870039
3 694845
3 770085
3 841347
3 705258
3 841698
3 774225
3 760527
3 745578
3 802332
3 793305
3 718461
3 822924
3 701451
3 721575
3 853587
3 783054
3 878904
3 881721
3 847260
3 694827
3 869283
3 809919
3 751374
3 818208
3 662859
3 849600
3 893817
3 685575
3 753408
3 856917
3 730629
3 879354
3 922095
3 854262
3 854496
3 892323
3 865314
3 613935
3 768267
3 869787
3 660771
3 865998
3 903087
3 736317
3 800847
3 818739
3 849393
3 885978
3 803997
3 685431
3 829233
3 759780
3 836910
3 735309
3 750807
3 801486
3 740925
3 814626
3 889299
3 758556
3 455130
3 863010
3 737613
3 869751
3 852390
3 852111
3 771228
3 718182
3 802773
3 810045
3 838773
3 795249
3 753507
3 804780
3 749574
3 765270
3 904158
3 857511
3 850275
3 717903
3 926865
3 752436
3 716364
3 778500
3 768906
3 716877
3 853290
3 884259
3 641574
3 701397
3 728532
3 803403
3 791973
3 810090
3 885312
3 748566
3 791964
3 858699
3 826002
3 789336
3 660195
3 721710
3 713493
3 634500
3 828252
3 811944
3 829233
3 806346
3 702459
3 855216
3 656460
3 890532
3 789228
3 761247
3 832428
3 869274
3 861867
3 738261
3 920331
3 891063
3 636480
3 696762
3 662778
3 773478
3 793314
3 764595
3 776430
3 751266
3 892044
3 857088
3 741123
3 814194
3 847692
3 752652
3 712665
3 837135
3 822330
3 739629
3 820098
3 818460
3 935226
3 768150
3 805437
3 790443
3 812718
3 753948
3 824661
3 779679
3 789354
3 634842
3 802233
3 659691
3 814842
3 859599
3 856431
3 819405
3 846027
3 823617
3 755415
3 707112
3 849402
3 887823
3 848421
3 868905
3 831195
3 712881
3 855792
3 897984
3 848754
3 840762
3 753696
3 864000
3 756765
3 836658
3 803529
3 764397
3 740169
3 755658
3 821430
3 859617
3 805482
3 770994
3 739170
3 851994
3 806346
3 753057
3 886041
3 692460
3 788670
3 668268
3 842724
3 685296
3 739620
3 771444
3 847611
3 892341
3 822114
3 811647
3 820098
3 713430
3 841653
3 664551
3 841194
3 834012
3 607167
3 872964
3 908937
3 782892
3 854262
3 881685
3 783648
3 877815
3 703323
3 730629
3 752031
3 830295
3 848367
3 753741
3 786294
3 645075
3 774738
3 863802
3 863298
3 906741
3 741078
3 854316
3 821619
3 845127
3 632106
3 803952
3 767394
3 906462
3 805653
3 863730
3 683559
3 894483
3 817920
3 883683
3 838098
3 771417
3 801558
3 766647
3 771543
3 634851
3 846810
3 527670
3 751599
3 673902
3 734895
3 825480
3 664803
3 892908
3 866664
3 836649
3 775728
3 746505
3 762129
3 753030
3 749682
3 724158
3 772299
3 852597
3 952173
3 841419
3 691209
3 913869
3 793278
3 830061
3 804798
3 850149
3 822438
3 796725
3 731727
3 876636
3 782289
3 760806
3 726192
3 819036
3 730647
3 858429
3 841905
3 852165
3 798102
3 869499
3 761823
3 773406
3 844479
3 841806
3 797787
3 779913
3 683028
3 871686
3 835731
3 870462
3 721728
3 748062
3 747657
3 846693
3 714600
3 822834
3 767439
3 772344
3 822321
3 829125
3 848808
3 795321
3 639144
3 854262
3 780552
3 665055
3 817380
3 645372
3 878688
3 761517
3 773451
3 795609
3 826443
3 841797
3 857538
3 774972
3 781038
3 666549
3 726822
3 795978
3 712593
3 848871
3 719991
3 755568
3 597195
3 726507
3 723834
3 914337
3 899559
3 685323
3 776412
3 754470
3 830808
3 804672
3 761229
3 784512
3 836415
3 855909
3 805752
3 834066
3 776610
3 765720
3 776403
3 836523
3 860382
3 828171
3 769770
3 685422
3 917325
3 846855
3 861732
3 680454
3 672705
3 834093
3 873531
3 783711
3 780597
3 813555
3 776259
3 761805
3 701811
3 794664
3 762336
3 787743
3 797031
3 810594
3 833868
3 796257
3 721629
3 709614
3 730224
3 894465
3 750222
3 792693
3 740583
3 844542
3 811872
3 856404
3 740925
3 699957
3 723051
3 780147
3 800217
3 829503
3 787608
3 812907
3 778689
3 780714
3 906435
3 841248
3 619227
3 763614
3 803934
3 786348
3 674505
3 762354
3 753390
3 835794
3 732528
3 849564
3 808515
3 874953
3 863820
3 837999
3 842013
3 812052
3 855198
3 698175
3 846018
3 810045
3 740286
3 724311
3 723483
3 805698
3 812808
3 778680
3 722376
3 815454
3 703602
3 903636
3 845703
3 757611
3 891099
3 683370
3 759483
3 838944
3 794943
3 817578
3 783576
3 864036
3 751212
3 742860
3 749043
3 919674
3 631161
3 779967
3 749979
3 767781
3 910152
3 771408
3 815490
3 800181
3 864027
3 915696
3 803421
3 721692
3 859131
3 847305
3 831780
3 792522
3 805086
3 813753
3 833877
3 689112
3 683487
3 815274
3 863802
3 804213
3 808974
3 776709
3 788184
3 812898
3 841644
3 721674
3 792639
3 778878
3 707814
3 844533
3 861633
3 753957
3 663471
3 767754
3 823572
3 808362
3 726264
3 693342
3 864648
3 867231
3 741069
3 749709
3 740907
3 799011
3 869265
3 754506
3 884754
3 886662
3 774234
3 812394
3 864261
3 881901
3 721719
3 755046
3 834111
3 881055
3 724923
3 792495
3 828684
3 772263
3 892071
3 774045
3 856917
3 788814
3 781317
3 782856
3 783207
3 757251
3 800478
3 787671
3 830556
3 761274
3 812430
3 788211
3 793278
3 816714
3 818163
3 853506
3 896679
3 859401
3 752445
3 880776
3 773064
3 689157
3 588474
3 786312
3 822393
3 899793
3 792585
3 852993
3 767952
3 806976
3 832212
3 735201
3 850536
3 875448
3 831771
3 910728
3 844200
3 804996
3 832500
3 854397
3 815553
3 896940
3 814185
3 788211
3 739647
3 803016
3 778509
3 839502
3 811818
3 869733
3 792747
3 768861
3 822573
3 853065
3 889074
3 828153
3 775458
3 824481
3 705357
3 901332
3 716490
3 809262
3 824004
3 832545
3 862632
3 892305
3 767052
3 774936
3 694818
3 781578
3 751266
3 738522
3 895608
3 923931
3 821691
3 866817
3 798273
3 790965
3 892359
3 819243
3 832824
3 802350
3 786285
3 837963
3 816561
3 780768
3 810684
3 836568
3 778671
3 826704
3 880245
3 707040
3 792702
3 715644
3 791136
3 779328
3 894726
3 815823
3 752436
3 851238
3 788193
3 841941
3 845073
3 893241
3 719109
3 788904
3 872946
3 799038
3 865332
3 812133
3 817227
3 810909
3 731124
3 722556
3 762012
3 833544
3 796131
3 818712
3 787419
3 898857
3 800874
3 772929
3 696753
3 761967
3 864090
3 723798
3 631611
3 816930
3 679770
3 923454
3 831951
3 799884
3 724221
3 660996
3 834381
3 798759
3 881883
3 798984
3 726084
3 907362
3 808983
3 751392
3 893349
3 655092
3 905049
3 892323
3 904635
3 778005
3 844704
3 730107
3 806463
3 825984
3 844227
3 904842
3 835425
3 788841
3 672561
3 881910
3 888102
3 925002
3 692217
3 818937
3 810774
3 792000
3 884772
3 737325
3 833598
3 852660
3 756009
3 748080
3 890415
3 834426
3 803178
3 830466
3 727686
3 757782
3 840780
3 876906
3 881469
3 825912
3 753372
3 884790
3 790470
3 887076
3 676854
3 758160
3 852795
3 844884
3 762417
3 857169
3 800082
3 723240
3 819162
3 810351
3 739863
3 858375
3 666189
3 852201
3 844533
3 765396
3 811728
3 714366
3 764865
3 872595
3 788850
3 901323
3 890514
3 883890
3 754155
3 763947
3 612477
3 761391
3 849600
3 789120
3 925065
3 804942
3 746901
3 772794
3 633492
3 774207
3 784935
3 916686
3 888741
3 941202
3 918387
3 920097
3 891360
3 734769
3 893799
3 681822
3 753507
3 846522
3 657864
3 908883
3 853731
3 857556
3 840249
3 725058
3 760248
3 867456
3 736308
3 875088
3 924804
3 755973
3 696159
3 810225
3 675531
3 753444
3 764019
3 828054
3 812898
3 708768
3 806094
3 768708
3 804780
3 897687
3 761850
3 816714
3 830871
3 753660
3 751698
3 729180
3 615132
3 773082
3 787311
3 688320
3 820089
3 814050
3 661032
3 762705
3 845199
3 850104
3 818271
3 759978
3 875295
3 771858
3 927738
3 775008
3 901278
3 813510
3 845415
3 764919
3 768897
3 793863
3 835029
3 865449
3 720423
3 696168
3 840789
3 811629
3 735993
3 873117
3 771174
3 813762
3 685161
3 831042
3 819981
3 822582
3 657540
3 798084
3 755874
3 831897
3 804951
3 822717
3 808443
3 781326
3 742527
3 803430
3 828135
3 813708
3 762300
3 778509
3 863973
3 661518
3 758133
3 746937
3 476397
3 875232
3 848619
3 736551
3 828018
3 884826
3 864882
3 869598
3 860706
3 809361
3 851985
3 771588
3 789444
3 818802
3 824751
3 892314
3 704781
3 825957
3 667908
3 811890
3 802080
3 862011
3 795591
3 853029
3 781083
3 731484
3 716850
3 846414
3 809343
3 871821
3 755001
3 850131
3 835578
3 818532
3 802746
3 808992
3 799623
3 781083
3 823005
3 848718
3 771642
3 831375
3 765522
3 622116
3 908352
3 870867
3 788886
3 749520
3 811881
3 649233
3 822573
3 766674
3 852507
3 790596
3 533223
3 851877
3 728334
3 745578
3 906039
3 765630
3 673596
3 755397
3 864360
3 598563
3 912924
3 777978
3 761697
3 819027
3 776394
3 661014
3 811980
3 762030
3 863415
3 806040
3 824229
3 809352
3 901323
3 616680
3 886095
3 750168
3 838143
3 820917
3 927630
3 840024
3 862074
3 849672
3 721314
3 743463
3 866142
3 845235
3 846270
3 724302
3 864621
3 809172
3 832131
3 817875
3 797184
3 672696
3 749826
3 732339
3 857484
3 849663
3 800937
3 887139
3 751437
3 822438
3 822555
3 796806
3 721674
3 756225
3 868734
3 800865
3 730755
3 867951
3 772272
3 876348
3 800217
3 768924
3 767592
3 720207
3 740961
3 835551
3 779841
3 726876
3 716382
3 784890
3 780228
3 778203
3 829278
3 643815
3 768735
3 635220
3 831735
3 840249
3 720585
3 664551
3 737055
3 853722
3 856431
3 819954
3 743364
3 844704
3 871686
3 881676
3 580275
3 765036
3 820458
3 718461
3 821691
3 724770
3 621063
3 709443
3 821682
3 710154
3 816309
3 751032
3 790191
3 681867
3 846783
3 755244
3 781362
3 622368
3 826452
3 788103
3 725688
3 801000
3 733905
3 835380
3 775008
3 807399
3 766647
3 771003
3 691011
3 789183
3 776691
3 774747
3 725625
3 716454
3 771381
3 629712
3 791982
3 854253
3 785313
3 894213
3 766656
3 871092
3 836667
3 770913
3 804978
3 760590
3 840726
3 818271
3 765621
3 788895
3 825210
3 726795
3 778653
3 920133
3 687573
3 857052
3 680652
3 718623
3 792000
3 731556
3 832833
3 798759
3 831240
3 882630
3 790605
3 654651
3 883890
3 814383
3 783504
3 775539
3 802458
3 869139
3 892314
3 906111
3 850086
3 740916
3 919134
3 757620
3 752166
3 774117
3 734931
3 836415
3 850977
3 734670
3 831294
3 722484
3 853038
3 817911
3 756747
3 839457
3 684567
3 821682
3 878490
3 818316
3 742941
3 731529
3 793917
3 858096
3 845460
3 774018
3 865953
3 878913
3 716265
3 876582
3 762183
3 857034
3 812205
3 767799
3 762813
3 748566
3 755658
3 817227
3 839700
3 804906
3 830970
3 814005
3 751464
3 855594
3 878436
3 791955
3 776412
3 781155
3 771759
3 826461
3 721683
3 901287
3 883566
3 811476
3 831015
3 880371
3 751059
3 865530
3 912942
3 749304
3 803880
3 689985
3 716265
3 822402
3 730620
3 765027
3 857142
3 885996
3 927945
3 860814
3 771363
3 806922
3 797598
3 876960
3 846396
3 835245
3 761067
3 748071
3 796932
3 798759
3 802584
3 803988
3 632988
3 755982
3 864702
3 739341
3 760527
3 790407
3 909846
3 719172
3 749880
3 815094
3 664515
3 902421
3 726336
3 772029
3 877014
3 880785
3 836334
3 874170
3 867285
3 795888
3 880974
3 850176
3 841221
3 766674
3 734796
3 734949
3 698094
3 823788
3 881001
3 617742
3 901656
3 874125
3 857655
3 871164
3 783666
3 847035
3 941787
3 798831
3 772002
3 777654
3 778770
3 762309
3 871344
3 732348
3 706095
3 881973
3 788175
3 867933
3 798084
3 720414
3 793890
3 735219
3 672570
3 613368
3 850527
3 810144
3 862056
3 776790
3 796167
3 665226
3 808443
3 796221
3 853677
3 771381
3 837621
3 854019
3 790578
3 685431
3 777969
3 958473
3 795627
3 928629
3 753399
3 753849
3 666378
3 816705
3 743769
3 812403
3 732258
3 832545
3 793827
3 853803
3 759762
3 719010
3 799767
3 888057
3 817173
3 738396
3 836667
3 751320
3 841428
3 933741
3 780363
3 693153
3 867240
3 756189
3 730602
3 674928
3 889731
3 820386
3 687402
3 824445
3 864927
3 834165
3 756954
3 702324
3 770886
3 791982
3 761724
3 691803
3 785196
3 784656
3 819954
3 879363
3 832158
3 713511
3 791109
3 838629
3 762309
3 738990
3 740943
3 830628
3 828126
3 858402
3 808056
3 810243
3 912438
3 708687
3 752661
3 918477
3 685278
3 716841
3 765729
3 806076
3 801738
3 857421
3 852642
3 800217
3 875853
3 947763
3 781047
3 919701
3 718893
3 808164
3 810009
3 874125
3 622359
3 907803
3 905031
3 726201
3 733743
3 814437
3 725688
3 806436
3 800856
3 814050
3 932256
3 801171
3 841212
3 849627
3 910746
3 721620
3 824112
3 907272
3 752049
3 709182
3 797787
3 934677
3 788454
3 746568
3 696564
3 819531
3 726867
3 839475
3 863325
3 828153
3 730134
3 733833
3 775431
3 797769
3 864063
3 709263
3 864945
3 767592
3 810108
3 744885
3 825327
3 765576
3 800757
3 550755
3 828315
3 810324
3 870417
3 763623
3 780597
3 822555
3 816498
3 813429
3 814311
3 884853
3 751554
3 767997
3 862002
3 809559
3 880992
3 868176
3 774297
3 888138
3 926172
3 826920
3 724266
3 851832
3 755901
3 694683
3 881928
3 753678
3 799011
3 870003
3 758502
3 805743
3 848547
3 874287
3 707706
3 855405
3 721710
3 829521
3 738513
3 742536
3 885114
3 726030
3 802647
3 808326
3 829422
3 839925
3 762210
3 761049
3 790785
3 848457
3 841212
3 864504
3 789669
3 739359
3 783018
3 707391
3 736083
3 724230
3 879372
3 768132
3 808992
3 824895
3 824661
3 632889
3 868554
3 858564
3 914724
3 717237
3 836325
3 660222
3 791100
3 741096
3 761679
3 938736
3 698400
3 733878
3 842517
3 837693
3 721701
3 842310
3 782235
3 854046
3 849447
3 864783
3 859869
3 779715
3 874098
3 778662
3 755244
3 857124
3 702342
3 858879
3 908937
3 755379
3 868023
3 719901
3 875421
3 846135
3 833256
3 755982
3 792720
3 847458
3 787491
3 657558
3 839970
3 743733
3 787752
3 774072
3 890523
3 796284
3 875250
3 800856
3 885276
3 909846
3 895608
3 833490
3 835425
3 848394
3 823743
3 830628
3 734580
3 783693
3 607014
3 885231
3 733626
3 783756
3 761058
3 894573
3 788202
3 677718
3 758520
3 799020
3 800829
3 748548
3 820089
3 663228
3 782757
3 844893
3 841104
3 855432
3 879507
3 751050
3 860427
3 795600
3 854505
3 812034
3 769617
3 674757
3 755676
3 801531
3 831024
3 763614
3 750960
3 788868
3 910539
3 686070
3 785007
3 808992
3 805653
3 832176
3 776646
3 772650
3 856431
3 857475
3 805410
3 802656
3 740943
3 718812
3 845379
3 780768
3 859986
3 786348
3 789210
3 791046
3 663768
3 787158
3 774666
3 764028
3 798228
3 599733
3 870462
3 771111
3 889650
3 771120
3 757953
3 778761
3 834102
3 799443
3 722412
3 791973
3 753444
3 838782
3 691074
3 853722
3 777285
3 802053
3 810567
3 861705
3 763551
3 756684
3 822897
3 756234
3 742464
3 792711
3 696879
3 654849
3 660699
3 655569
3 776385
3 706122
3 771093
3 801765
3 888687
3 787761
3 735939
3 735003
3 701451
3 847242
3 702045
3 755613
3 685413
3 931005
3 802071
3 811854
3 776709
3 682965
3 805473
3 792468
3 872793
3 858474
3 766683
3 649908
3 806859
3 886500
3 792279
3 810603
3 727272
3 859158
3 734652
3 759015
3 858564
3 878742
3 685134
3 802530
3 799569
3 726129
3 753948
3 860418
3 664686
3 788895
3 742563
3 765639
3 855378
3 820881
3 710793
3 810738
3 642717
3 691074
3 847116
3 834426
3 749133
3 892314
3 816381
3 766494
3 788166
3 741069
3 833715
3 865971
3 855774
3 703458
3 793287
3 619587
3 766710
3 621090
3 810648
3 841689
3 681048
3 858825
3 768240
3 612180
3 753678
3 851715
3 826470
3 772587
3 663696
3 783693
3 794214
3 701757
3 885654
3 745074
3 800910
3 823320
3 724716
3 912699
3 874935
3 741321
3 811881
3 602199
3 759600
3 874368
3 879363
3 687438
3 841266
3 716031
3 827253
3 830385
3 873135
3 874215
3 883098
3 857907
3 763659
3 867987
3 809019
3 740115
3 858906
3 802719
3 788832
3 801774
3 715455
3 864711
3 858339
3 806166
3 775494
3 772254
3 729135
3 799191
3 668223
3 844821
3 721701
3 827469
3 795942
3 695907
3 759834
3 869436
3 683199
3 737640
3 847278
3 885645
3 748332
3 757845
3 841815
3 745749
3 718659
3 823671
3 805311
3 658215
3 790965
3 790758
3 805671
3 735678
3 865260
3 744993
3 808362
3 752148
3 868986
3 798111
3 854073
3 916020
3 827586
3 910638
3 805131
3 871641
3 786294
3 790191
3 789606
3 749538
3 786591
3 861075
3 817812
3 770049
3 765666
3 631989
3 741681
3 882288
3 769698
3 705447
3 917334
3 864090
3 670842
3 854748
3 788796
3 818271
3 960282
3 893781
3 761193
3 789804
3 810054
3 740943
3 835650
3 727866
3 721755
3 744345
3 775017
3 758592
3 784026
3 616302
3 894987
3 781119
3 750267
3 734283
3 832212
3 908541
3 841788
3 767502
3 734238
3 712368
3 765414
3 760014
3 827091
3 781173
3 753948
3 855126
3 746379
3 849429
3 811332
3 826965
3 806679
3 829521
3 778167
3 846270
3 835020
3 753624
3 720585
3 767691
3 757476
3 876879
3 945792
3 816768
3 883854
3 705771
3 789822
3 780264
3 829053
3 775008
3 801756
3 790047
3 777078
3 860850
3 730602
3 910890
3 769239
3 780975
3 752220
3 827559
3 885222
3 701748
3 846765
3 805401
3 835425
3 879246
3 886464
3 763245
3 857187
3 818991
3 712449
3 781317
3 854244
3 836235
3 849132
3 883449
3 842697
3 775584
3 768870
3 898164
3 751455
3 871407
3 837306
3 881136
3 787212
3 700731
3 854883
3 842175
3 901332
3 741258
3 729207
3 866646
3 752436
3 839547
3 847656
3 789318
3 834057
3 856116
3 788796
3 785484
3 887202
3 768888
3 781488
3 763902
3 788166
3 831312
3 540954
3 882585
3 805698
3 728064
3 755703
3 787437
3 800946
3 846810
3 858429
3 773397
3 835092
3 857052
3 934272
3 745488
3 828225
3 831168
3 839196
3 892008
3 782271
3 917325
3 805626
3 830916
3 646794
3 773010
3 780111
3 672894
3 741456
3 764496
3 766377
3 677619
3 768087
3 838548
3 767853
3 885879
3 848628
3 788895
3 787185
3 749853
3 739782
3 741006
3 838773
3 878481
3 805635
3 843588
3 861165
3 851949
3 858213
3 857826
3 720405
3 739080
3 894987
3 854244
3 845505
3 862542
3 824013
3 719469
3 890928
3 841671
3 787797
3 732042
3 676323
3 823725
3 754524
3 850149
3 870399
3 918990
3 862020
3 834993
3 820080
3 695142
3 588555
3 721656
3 663939
3 799623
3 922311
3 841428
3 725652
3 871092
3 760356
3 712872
3 873288
3 832149
3 772263
3 863244
3 852552
3 788490
3 846990
3 721719
3 721665
3 740682
3 708129
3 723051
3 752571
3 849384
3 731520
3 815526
3 799920
3 840825
3 749718
3 725328
3 874584
3 745470
3 847350
3 716841
3 835398
3 758448
3 764802
3 855243
3 844668
3 761211
3 689130
3 864009
3 717228
3 831726
3 853263
3 840240
3 784719
3 839322
3 688329
3 742104
3 813987
3 827262
3 804195
3 784467
3 900099
3 789462
3 838341
3 955026
3 798192
3 685350
3 908406
3 796851
3 789759
3 864684
3 751356
3 861867
3 805095
3 784827
3 712836
3 696411
3 733527
3 882774
3 805446
3 811872
3 847071
3 780930
3 745686
3 818271
3 823275
3 821889
3 858519
3 752580
3 648873
3 841689
3 889677
3 871173
3 792171
3 682839
3 893349
3 716454
3 813843
3 687843
3 742005
3 799029
3 747504
3 825939
3 680589
3 744525
3 830313
3 761238
3 870822
3 738711
3 841122
3 878931
3 855396
3 894132
3 762183
3 788229
3 833562
3 857826
3 722133
3 814743
3 776619
3 736533
3 740934
3 885978
3 906138
3 715383
3 837360
3 862578
3 941616
3 857241
3 836613
3 813987
3 621666
3 798039
3 767196
3 706437
3 793854
3 783576
3 892377
3 745704
3 742851
3 822735
3 750834
3 808983
3 876393
3 599301
3 875313
3 875853
3 670518
3 747162
3 828180
3 716859
3 869229
3 840267
3 869751
3 792162
3 762777
3 840213
3 752589
3 815319
3 791568
3 808362
3 755667
3 833931
3 787743
3 693513
3 718902
3 864927
3 786132
3 725139
3 814068
3 849375
3 755649
3 858105
3 788445
3 834111
3 888885
3 684117
3 765378
3 905274
3 786591
3 691713
3 839979
3 757323
3 761841
3 873639
3 841860
3 822564
3 841230
3 752463
3 918351
3 721818
3 931707
3 760536
3 906291
3 829413
3 897021
3 721593
3 838107
3 785565
3 695178
3 721692
3 741087
3 747549
3 656271
3 826155
3 776772
3 721953
3 782865
3 730413
3 853299
3 839835
3 826443
3 678726
3 721638
3 828216
3 820026
3 864306
3 727929
3 824004
3 742770
3 739485
3 779706
3 769842
3 768033
3 759807
3 743724
3 826569
3 804438
3 681660
3 833499
3 901341
3 814707
3 826092
3 849591
3 707148
3 826416
3 775836
3 775503
3 882594
3 616014
3 876834
3 806841
3 874125
3 749853
3 750825
3 716526
3 764451
3 856143
3 855369
3 692676
3 791991
3 783810
3 810126
3 802701
3 712773
3 713412
3 774009
3 812898
3 815094
3 831294
3 806679
3 697707
3 735210
3 848331
3 625131
3 804816
3 755037
3 864279
3 821871
3 837630
3 829674
3 832149
3 750267
3 744363
3 921537
3 814410
3 783216
3 720432
3 622404
3 784008
3 735624
3 842706
3 843345
3 818118
3 846603
3 793881
3 853668
3 833499
3 845370
3 849618
3 855792
3 842040
3 657288
3 724347
3 857205
3 831879
3 761778
3 801513
3 774981
3 814689
3 763029
3 851463
3 663084
3 798138
3 808416
3 716472
3 740277
3 798237
3 665523
3 760572
3 759816
3 830961
3 790614
3 773370
3 813510
3 749952
3 885267
3 883314
3 761832
3 805680
3 752418
3 845721
3 808731
3 869778
3 760581
3 628461
3 876870
3 834309
3 878436
3 815589
3 669240
3 864549
3 824346
3 907371
3 797652
3 827136
3 848367
3 821952
3 822708
3 726174
3 922113
3 812196
3 792990
3 850194
3 901908
3 799020
3 813465
3 830421
3 820215
3 757476
3 630027
3 792585
3 898830
3 703836
3 811845
3 836109
3 696582
3 694746
3 847719
3 939213
3 910899
3 737199
3 781992
3 874116
3 910719
3 889011
3 715968
3 893079
3 928998
3 778851
3 699975
3 757620
3 846981
3 757512
3 703845
3 783216
3 819504
3 698193
3 686358
3 854478
3 755631
3 717966
3 724284
3 734616
3 846171
3 920493
3 854181
3 783054
3 747297
3 804816
3 760086
3 845424
3 796275
3 754875
3 697392
3 657576
3 790029
3 901287
3 811314
3 832140
3 836595
3 851922
3 792405
3 809631
3 787446
3 794196
3 797913
3 811836
3 758115
3 858708
3 885690
3 723690
3 761274
3 865989
3 818415
3 782316
3 774063
3 820386
3 778086
3 870048
3 840591
3 857547
3 770994
3 770463
3 863019
3 807750
3 840798
3 786960
3 629496
3 762264
3 859185
3 745695
3 592965
3 796797
3 890982
3 816597
3 832446
3 844056
3 731889
3 749736
3 723762
3 725076
3 716796
3 832140
3 850356
3 695259
3 839493
3 766602
3 806211
3 819126
3 804303
3 802287
3 737190
3 763965
3 812718
3 884700
3 790632
3 828666
3 766737
3 739683
3 841743
3 834057
3 864954
3 722016
3 873621
3 703836
3 773469
3 762336
3 822015
3 851994
3 772866
3 788580
3 808371
3 903042
3 798165
3 830997
3 802548
3 777924
3 817092
3 811989
3 841194
3 661014
3 850626
3 759825
3 764388
3 787023
3 761706
3 890424
3 631872
3 766485
3 765720
3 854379
3 851184
3 749583
3 628515
3 860913
3 799812
3 631107
3 841419
3 796014
3 774315
3 858636
3 803376
3 880236
3 657540
3 791964
3 838845
3 785025
3 755136
3 767520
3 673758
3 694845
3 750681
3 812970
3 823068
3 910674
3 724347
3 754515
3 793863
3 711666
3 739044
3 791955
3 831384
3 778392
3 806841
3 762336
3 805347
3 867915
3 820404
3 760563
3 725085
3 758493
3 737325
3 757548
3 735444
3 856062
3 810936
3 841248
3 694629
3 755289
3 885645
3 757539
3 844353
3 841410
3 752787
3 773100
3 845991
3 871335
3 954513
3 757935
3 841221
3 711495
3 783549
3 740043
3 787932
3 876339
3 869292
3 882711
3 868185
3 824661
3 677592
3 739926
3 821646
3 842706
3 816435
3 710415
3 851940
3 841932
3 858753
3 792243
3 810531
3 753822
3 779706
3 865512
3 903330
3 768447
3 835767
3 727911
3 858438
3 905436
3 778653
3 884277
3 865053
3 779850
3 867816
3 630621
3 690543
3 627219
3 793710
3 740952
3 847872
3 721710
3 864738
3 665937
3 735165
3 909378
3 633150
3 907272
3 856791
3 763983
3 802008
3 634653
3 852381
3 919143
3 822627
3 826902
3 823617
3 788949
3 834309
3 752175
3 793782
3 691371
3 699840
3 804960
3 860787
3 896850
3 809226
3 882198
3 698427
3 737190
3 794538
3 765801
3 824661
3 776682
3 903726
3 835425
3 699957
3 892323
3 789660
3 893907
3 883170
3 750150
3 852336
3 743454
3 689958
3 739116
3 815553
3 654147
3 635769
3 804915
3 774603
3 755847
3 709938
3 727911
3 776223
3 799983
3 793026
3 777078
3 889974
3 720378
3 849915
3 749835
3 707697
3 805734
3 892494
3 793764
3 749043
3 883341
3 869706
3 609930
3 845136
3 684198
3 704790
3 709164
3 748035
3 768006
3 760608
3 813852
3 718164
3 789993
3 792342
3 801576
3 759789
3 837162
3 801135
3 816552
3 790794
3 799065
3 858321
3 869400
3 807444
3 690624
3 762138
3 756747
3 778122
3 893214
3 825408
3 808488
3 876897
3 850203
3 686070
3 832095
3 660969
3 760356
3 783819
3 836667
3 769851
3 787014
3 753075
3 829719
3 757467
3 842013
3 841716
3 779976
3 730755
3 725688
3 823014
3 672678
3 850608
3 800172
3 803430
3 768195
3 595080
3 837018
3 800442
3 787779
3 821907
3 811845
3 709443
3 828243
3 805032
3 789210
3 836892
3 847908
3 775674
3 853695
3 864756
3 805455
3 756558
3 851949
3 775710
3 806085
3 751518
3 756972
3 771615
3 908550
3 830457
3 797751
3 757404
3 789912
3 757566
3 850905
3 712449
3 674091
3 685395
3 785295
3 831879
3 834885
3 871353
3 819513
3 676728
3 877248
3 776709
3 781083
3 903420
3 721620
3 876402
3 848889
3 828855
3 876627
3 903438
3 709596
3 776340
3 820143
3 829125
3 805500
3 841203
3 786303
3 823752
3 858789
3 697455
3 769347
3 825030
3 877941
3 804897
3 756639
3 829269
3 644562
3 872784
3 735219
3 667935
3 798453
3 823473
3 858006
3 811458
3 784755
3 732762
3 794979
3 821817
3 754137
3 855504
3 680814
3 731574
3 836676
3 812034
3 833139
3 681894
3 756198
3 692055
3 833400
3 788175
3 723474
3 766647
3 798201
3 887715
3 755100
3 788274
3 780570
3 811917
3 639189
3 834390
3 875295
3 734184
3 676719
3 832806
3 862236
3 763461
3 762255
3 762822
3 677754
3 899064
3 730152
3 871380
3 774207
3 697185
3 788454
3 766620
3 846405
3 813510
3 799560
3 815130
3 831438
3 721989
3 768285
3 728289
3 783774
3 777465
3 784683
3 786987
3 853533
3 781047
3 792261
3 802701
3 783747
3 855783
3 751203
3 787752
3 783630
3 867987
3 803430
3 877941
3 842022
3 787950
3 707796
3 802800
3 780606
3 870840
3 844857
3 755910
3 734310
3 831897
3 826119
3 774999
3 885294
3 905985
3 867726
3 817110
3 852723
3 735750
3 806022
3 761256
3 901341
3 778707
3 887382
3 857439
3 747495
3 758070
3 665757
3 795636
3 864702
3 789336
3 740916
3 715536
3 619551
3 720036
3 848772
3 730008
3 718506
3 862272
3 763902
3 822573
3 767052
3 816660
3 766908
3 657621
3 864099
3 817488
3 773892
3 684459
3 935865
3 771291
3 691722
3 829530
3 878904
3 845676
3 815841
3 922293
3 806175
3 747135
3 787725
3 848754
3 803124
3 856143
3 728874
3 768303
3 871290
3 798354
3 731565
3 823059
3 855405
3 767763
3 749466
3 643086
3 739071
3 763038
3 792000
3 776637
3 894303
3 695925
3 870678
3 748575
3 886068
3 848367
3 838863
3 782991
3 891405
3 723177
3 748584
3 894078
3 847782
3 781749
3 850167
3 822546
3 833121
3 742842
3 855738
3 839979
3 910710
3 760536
3 786492
3 808965
3 811836
3 887850
3 866160
3 822321
3 865584
3 749718
3 904014
3 736047
3 845532
3 802251
3 854244
3 744543
3 833157
3 818460
3 528840
3 834453
3 785007
3 836802
3 774684
3 778923
3 831681
3 779661
3 698184
3 721647
3 734589
3 755640
3 770391
3 764973
3 755631
3 687249
3 805815
3 682812
3 779976
3 746127
3 823464
3 860787
3 843192
3 834246
3 875322
3 685872
3 898425
3 798120
3 756198
3 894960
3 896490
3 855648
3 782649
3 750132
3 737937
3 887571
3 822546
3 892017
3 783144
3 828369
3 671418
3 582543
3 788184
3 720216
3 834165
3 786978
3 877014
3 863478
3 702306
3 892332
3 822573
3 705222
3 721692
3 784368
3 868059
3 663732
3 783756
3 838161
3 822339
3 804735
3 790434
3 870030
3 774405
3 772794
3 747189
3 853713
3 804987
3 757179
3 677790
3 824094
3 811854
3 704376
3 812736
3 760554
3 856809
3 878904
3 935271
3 792765
3 785700
3 751347
3 845163
3 812907
3 790218
3 757764
3 849582
3 748755
3 817668
3 850140
3 858429
3 725076
3 829512
3 849573
3 895761
3 793728
3 743337
3 723051
3 861651
3 751473
3 812736
3 762543
3 824940
3 876465
3 855666
3 822789
3 780021
3 871038
3 885276
3 756846
3 823473
3 849609
3 858186
3 814707
3 806121
3 707373
3 759600
3 810558
3 749700
3 848403
3 762417
3 730863
3 821034
3 764802
3 755667
3 888480
3 844047
3 771156
3 732087
3 803880
3 815526
3 759861
3 910728
3 812601
3 783450
3 944253
3 755019
3 872739
3 869778
3 881253
3 855459
3 821547
3 800100
3 883674
3 820386
3 784629
3 839277
3 813393
3 842571
3 730926
3 856359
3 691344
3 805680
3 788688
3 863946
3 904428
3 752544
3 822096
3 709164
3 643113
3 811890
3 911565
3 823041
3 808200
3 784746
3 817317
3 727083
3 962460
3 699138
3 660546
3 891567
3 921627
3 739629
3 748539
3 821097
3 743580
3 872757
3 779985
3 864999
3 705402
3 868779
3 872856
3 755640
3 784962
3 661482
3 730638
3 702468
3 758511
3 847629
3 821835
3 856962
3 821889
3 763722
3 847278
3 737460
3 799524
3 815499
3 877239
3 779355
3 897264
3 774576
3 799065
3 899838
3 744993
3 880938
3 793116
3 863838
3 573120
3 779787
3 798930
3 903618
3 904176
3 824562
3 717210
3 670833
3 740169
3 783693
3 663795
3 743715
3 678546
3 849690
3 737694
3 709317
3 811881
3 804429
3 798084
3 725049
3 779616
3 782703
3 756036
3 691875
3 854280
3 858420
3 869040
3 826704
3 770832
3 886536
3 747387
3 861777
3 786339
3 901683
3 761778
3 766422
3 633006
3 867996
3 817740
3 769608
3 763965
3 832617
3 824013
3 690165
3 863262
3 761661
3 672939
3 790803
3 858474
3 786951
3 762813
3 685377
3 884088
3 807156
3 734553
3 722142
3 701451
3 757629
3 756144
3 685107
3 808983
3 806832
3 816921
3 724131
3 849600
3 841221
3 848772
3 798759
3 823050
3 849618
3 923382
3 834435
3 887805
3 852426
3 885276
3 836847
3 884376
3 762255
3 783756
3 606726
3 608013
3 832185
3 893862
3 818289
3 828675
3 789786
3 793773
3 779049
3 861939
3 735219
3 866826
3 768060
3 849375
3 792711
3 882036
3 688338
3 792360
3 800532
3 881118
3 803133
3 783315
3 742770
3 732132
3 854253
3 915192
3 677331
3 863010
3 779715
3 749556
3 856206
3 639270
3 854325
3 831303
3 771255
3 815535
3 686187
3 899667
3 762003
3 778536
3 731511
3 704016
3 696879
3 769257
3 805473
3 918999
3 762966
3 740961
3 765648
3 804438
3 752472
3 757944
3 804240
3 789885
3 760725
3 764640
3 783486
3 808929
3 772812
3 892296
3 758529
3 792720
3 823941
3 822096
3 761418
3 850122
3 721593
3 739062
3 799542
3 672201
3 775008
3 799614
3 888516
3 687447
3 696195
3 861867
3 883224
3 767106
3 917091
3 818982
3 718893
3 837684
3 810864
3 819036
3 801720
3 836019
3 656937
3 883836
3 776619
3 877851
3 796878
3 890865
3 924120
3 867015
3 774954
3 834147
3 848448
3 852012
3 824319
3 891855
3 791973
3 700092
3 714834
3 791964
3 858906
3 696870
3 697716
3 755667
3 834129
3 834984
3 794592
3 808983
3 792756
3 927963
3 838080
3 779427
3 860013
3 614709
3 891180
3 709974
3 788895
3 754263
3 783297
3 919584
3 776646
3 754542
3 748332
3 713979
3 838782
3 661743
3 752904
3 773532
3 895626
3 702495
3 743094
3 774081
3 774036
3 831879
3 844560
3 807723
3 811296
3 732159
3 810558
3 760554
3 737172
3 740178
3 849987
3 775449
3 678798
3 809145
3 777015
3 892071
3 778437
3 887409
3 735651
3 845406
3 833031
3 688671
3 811998
3 863217
3 739548
3 820836
3 714168
3 805662
3 864918
3 816174
3 707220
3 768114
3 864045
3 764010
3 726156
3 670851
3 830295
3 814788
3 907695
3 911574
3 808983
3 760581
3 780570
3 817155
3 650070
3 696519
3 815616
3 653139
3 791874
3 839682
3 752544
3 832644
3 697347
3 646668
3 722367
3 806904
3 752220
3 705402
3 788706
3 796851
3 866520
3 738495
3 730980
3 843606
3 857115
3 855162
3 721656
3 641556
3 755901
3 836541
3 811575
3 828234
3 758052
3 885807
3 892422
3 873171
3 767592
3 901683
3 820008
3 803160
3 677223
3 801009
3 701775
3 803160
3 753390
3 833274
3 898398
3 645309
3 876690
3 828585
3 912528
3 838827
3 716382
3 775512
3 919359
3 858492
3 790227
3 816426
3 813978
3 810189
3 841617
3 737622
3 756243
3 824085
3 846990
3 869040
3 788841
3 688959
3 793854
3 771012
3 903078
3 725877
3 765441
3 660780
3 770121
3 820917
3 719595
3 777717
3 871344
3 898686
3 736659
3 845685
3 753066
3 739170
3 823086
3 790830
3 717993
3 836280
3 771939
3 672462
3 838953
3 879408
3 795618
3 749718
3 767151
3 754965
3 711531
3 836676
3 811368
3 719091
3 751086
3 665946
3 756981
3 673857
3 779292
3 840276
3 812898
3 766647
3 774630
3 721710
3 712890
3 779823
3 783198
3 832302
3 713133
3 755793
3 695106
3 841716
3 833049
3 727920
3 787707
3 959490
3 741051
3 884808
3 831069
3 779652
3 876654
3 857430
3 924993
3 908991
3 737280
3 872514
3 824112
3 738711
3 864774
3 805113
3 884241
3 721656
3 723402
3 745407
3 714195
3 856431
3 841509
3 748161
3 789336
3 909909
3 670869
3 713880
3 717084
3 872577
3 832752
3 870219
3 781695
3 813744
3 821682
3 765405
3 808965
3 845721
3 807471
3 900099
3 788778
3 817110
3 698202
3 856971
3 826731
3 841221
3 834174
3 699156
3 864018
3 857007
3 799920
3 858483
3 803133
3 860031
3 888489
3 739503
3 887166
3 727884
3 852021
3 507672
3 680994
3 787140
3 718776
3 667926
3 775809
3 906291
3 829008
3 879984
3 804951
3 822717
3 781281
3 720000
3 777960
3 725184
3 694863
3 834066
3 777969
3 818505
3 780894
3 666351
3 827730
3 889011
3 740097
3 748323
3 838908
3 786654
3 913896
3 802773
3 711027
3 774144
3 903366
3 811656
3 765432
3 734400
3 786933
3 814761
3 780246
3 776691
3 528480
3 853020
3 895419
3 821682
3 718938
3 725094
3 818388
3 755388
3 866151
3 881325
3 884232
3 844848
3 774405
3 868014
3 588672
3 826902
3 901980
3 842715
3 773523
3 765756
3 815148
3 751392
3 672912
3 885465
3 783495
3 892098
3 873828
3 729891
3 829674
3 854487
3 780507
3 765306
3 772290
3 849978
3 828756
3 890424
3 721827
3 779814
3 840276
3 832419
3 897795
3 801207
3 750951
3 892368
3 695610
3 735741
3 789417
3 889425
3 854226
3 704403
3 761013
3 878958
3 701757
3 705429
3 885159
3 763245
3 841797
3 783630
3 805689
3 838863
3 729144
3 826461
3 878895
3 905004
3 842706
3 686763
3 850671
3 804150
3 815841
3 836109
3 849402
3 806904
3 796023
3 841941
3 849672
3 696537
3 774387
3 773487
3 717777
3 903681
3 873306
3 743607
3 689391
3 817236
3 851877
3 912636
3 978174
3 783774
3 881973
3 846981
3 885627
3 841194
3 788949
3 808983
3 758097
3 732870
3 755640
3 833517
3 890586
3 840294
3 873648
3 778734
3 816138
3 709443
3 868041
3 742797
3 634437
3 892314
3 767646
3 692154
3 854190
3 833454
3 782811
3 707688
3 669402
3 739170
3 782703
3 828621
3 805770
3 858015
3 790236
3 793296
3 770013
3 894582
3 822573
3 834084
3 767331
3 752427
3 872595
3 739062
3 811917
3 769923
3 767790
3 771264
3 825030
3 777978
3 910764
3 840276
3 892341
3 726210
3 804582
3 699975
3 770688
3 787950
3 699084
3 755811
3 799002
3 792153
3 799029
3 873639
3 887760
3 814572
3 624906
3 826578
3 811989
3 804123
3 788670
3 714861
3 804600
3 738369
3 941157
3 718335
3 755928
3 821331
3 652797
3 790920
3 874899
3 827271
3 682947
3 856161
3 735714
3 791181
3 816759
3 711000
3 753642
3 625752
3 785529
3 799623
3 805356
3 915660
3 812025
3 783540
3 662634
3 755766
3 850149
3 865413
3 745911
3 772794
3 694728
3 587907
3 836919
3 792576
3 726165
3 822024
3 762291
3 858537
3 755829
3 841896
3 752436
3 847467
3 875340
3 834120
3 872388
3 736758
3 806202
3 775647
3 872892
3 709605
3 812052
3 784836
3 895599
3 832464
3 664344
3 814050
3 769851
3 737073
3 903591
3 788931
3 750132
3 784566
3 858933
3 861759
3 929007
3 783702
3 895392
3 853668
3 750177
3 801162
3 885699
3 792738
3 861615
3 860040
3 874224
3 721692
3 773073
3 729360
3 768285
3 761724
3 783558
3 755559
3 780066
3 864000
3 788625
3 839457
3 680607
3 836622
3 805626
3 739593
3 841428
3 688941
3 703458
3 645453
3 854280
3 744687
3 916461
3 899379
3 657531
3 778356
3 734580
3 818010
3 837063
3 742284
3 828180
3 822573
3 721854
3 763524
3 838935
3 658800
3 660609
3 696492
3 771408
3 952524
3 835938
3 787176
3 869238
3 876888
3 750231
3 811845
3 887139
3 751374
3 846702
3 788904
3 750690
3 869616
3 767646
3 805149
3 750339
3 805752
3 765360
3 812862
3 690615
3 747639
3 778698
3 748278
3 872748
3 804123
3 927684
3 845586
3 660186
3 706068
3 755325
3 797013
3 788211
3 793161
3 813978
3 823968
3 817857
3 875529
3 799029
3 853668
3 815670
3 787752
3 716175
3 899307
3 814293
3 731718
3 780507
3 779643
3 818415
3 752211
3 799011
3 790929
3 779688
3 783756
3 883593
3 920718
3 870021
3 825750
3 819468
3 771084
3 762588
3 721305
3 758331
3 836631
3 866007
3 609948
3 743760
3 883584
3 783189
3 721683
3 672282
3 734769
3 806409
3 892323
3 699795
3 828657
3 903654
3 791127
3 902835
3 780012
3 823779
3 777636
3 880776
3 722466
3 818748
3 818289
3 843354
3 871380
3 728262
3 798174
3 814446
3 883881
3 886050
3 761679
3 748044
3 822744
3 747531
3 900117
3 780507
3 724032
3 836280
3 722430
3 855468
3 752391
3 790830
3 802764
3 815337
3 799443
3 819135
3 860778
3 848754
3 775026
3 810315
3 776997
3 797544
3 665928
3 786321
3 760581
3 892611
3 805689
3 861228
3 800154
3 852471
3 787779
3 883899
3 649971
3 654723
3 809010
3 768231
3 864000
3 752220
3 760581
3 675765
3 885204
3 852354
3 820431
3 881658
3 817812
3 742590
3 809451
3 772344
3 788157
3 811881
3 745857
3 862227
3 892053
3 820116
3 831690
3 810198
3 854388
3 750717
3 800325
3 579843
3 905157
3 699327
3 772803
3 785961
3 699165
3 864684
3 655200
3 750969
3 889191
3 880974
3 739620
3 541872
3 799029
3 903402
3 681831
3 776385
3 731268
3 686601
3 777276
3 832194
3 699282
3 814761
3 826002
3 709155
3 863199
3 841419
3 826443
3 826542
3 741105
3 788094
3 748566
3 876672
3 855468
3 852282
3 767745
3 879408
3 856809
3 910179
3 759519
3 716508
3 776250
3 845100
3 820053
3 630702
3 846171
3 725067
3 791946
3 862992
3 616842
3 789291
3 700866
3 718578
3 852543
3 899280
3 885249
3 768996
3 868068
3 725310
3 762795
3 735723
3 730611
3 834417
3 865296
3 875187
3 762318
3 816750
3 840744
3 904905
3 872901
3 804861
3 808983
3 625887
3 903456
3 818775
3 854343
3 819009
3 753669
3 877275
3 755658
3 783405
3 780597
3 711927
3 907110
3 867474
3 780966
3 814545
3 807003
3 774225
3 870687
3 847278
3 722007
3 759852
3 808434
3 724581
3 826371
3 888507
3 849060
3 821880
3 735948
3 781254
3 841734
3 800172
3 821547
3 729189
3 772785
3 844902
3 839538
3 848043
3 701460
3 834660
3 652230
3 806031
3 839340
3 776646
3 571500
3 733149
3 792342
3 795906
3 843165
3 743292
3 904212
3 700038
3 757485
3 815499
3 792765
3 851976
3 844047
3 790083
3 878157
3 748323
3 952965
3 798030
3 756423
3 778878
3 848421
3 841203
3 705447
3 809937
3 617391
3 862434
3 894951
3 724230
3 706104
3 836280
3 757197
3 737631
3 869625
3 701721
3 893619
3 925038
3 846648
3 756621
3 848502
3 859284
3 689157
3 755640
3 763731
3 841842
3 915291
3 873828
3 790416
3 860886
3 880632
3 853704
3 748080
3 871983
3 772929
3 867294
3 767709
3 755640
3 831888
3 758349
3 752571
3 797355
3 663759
3 751464
3 826866
3 847449
3 660204
3 788184
3 873648
3 778698
3 828657
3 681183
3 721341
3 813402
3 804681
3 916947
3 838440
3 797742
3 788823
3 838305
3 893799
3 718515
3 859968
3 816624
3 817839
3 761715
3 798138
3 811386
3 822807
3 709200
3 781119
3 769662
3 818163
3 749718
3 840807
3 751437
3 737226
3 723825
3 850293
3 822105
3 657315
3 820125
3 759492
3 811368
3 802215
3 912015
3 865179
3 793134
3 853686
3 864702
3 914355
3 838836
3 757602
3 793008
3 756360
3 839961
3 822753
3 866871
3 715347
3 783549
3 730008
3 642663
3 789300
3 846828
3 776709
3 824562
3 873531
3 845703
3 854217
3 672723
3 749430
3 670833
3 857484
3 852957
3 742437
3 774054
3 802701
3 804798
3 833562
3 802719
3 876645
3 767097
3 863658
3 790182
3 766368
3 839520
3 873540
3 922356
3 868446
3 876897
3 785304
3 751212
3 800028
3 901332
3 881676
3 813744
3 668637
3 752004
3 776214
3 709155
3 864360
3 842454
3 864108
3 757917
3 787014
3 737712
3 811962
3 810333
3 822573
3 837270
3 845721
3 823725
3 818244
3 755298
3 828153
3 799011
3 829980
3 817128
3 786942
3 699966
3 829224
3 808020
3 757476
3 858474
3 810756
3 894546
3 874971
3 692460
3 763524
3 612711
3 845127
3 774549
3 868185
3 841671
3 746127
3 854271
3 849600
3 776052
3 820035
3 730152
3 857538
3 748566
3 864693
3 811503
3 714096
3 831726
3 616680
3 911340
3 726165
3 804996
3 760752
3 725094
3 765864
3 868779
3 762372
3 789327
3 815526
3 796986
3 857367
3 859905
3 864009
3 796311
3 859122
3 771183
3 839529
3 766818
3 842697
3 743418
3 863307
3 821880
3 738729
3 824706
3 728676
3 872586
3 831888
3 775008
3 886536
3 729054
3 792189
3 791568
3 920853
3 740304
3 868833
3 876591
3 788688
3 792576
3 760203
3 789300
3 903339
3 778887
3 857169
3 852831
3 666405
3 940401
3 711675
3 745011
3 804456
3 829683
3 772812
3 796284
3 721665
3 884277
3 897399
3 866826
3 716841
3 926901
3 780777
3 797778
3 826713
3 741069
3 785547
3 858843
3 753930
3 761724
3 857070
3 808209
3 912033
3 727866
3 869166
3 799056
3 751500
3 738720
3 822042
3 805752
3 702342
3 782820
3 830214
3 725148
3 831888
3 805680
3 790443
3 829476
3 867402
3 805779
3 776682
3 714888
3 861840
3 854001
3 592209
3 788769
3 751428
3 881172
3 876708
3 792972
3 861948
3 851994
3 812025
3 754308
3 812736
3 903861
3 783819
3 755217
3 673461
3 848880
3 844902
3 736821
3 789822
3 755919
3 810189
3 858420
3 869508
3 776718
3 824868
3 762552
