2 1123992
2 1257264
2 1280403
2 1365714
2 1413828
2 1250595
2 1258389
2 1258767
2 1313136
2 1245537
2 1339317
2 1312380
2 1257318
2 1346535
2 1305981
2 1322244
2 1331046
2 1274130
2 1090377
2 1306377
2 1186155
2 1347867
2 1147941
2 983052
2 1115982
2 1071360
2 1128582
2 1285308
2 1338867
2 1319283
2 1231038
2 1202877
2 1277595
2 1299015
2 1350765
2 1314828
2 1204569
2 1144125
2 1268226
2 1161441
2 1153188
2 1315935
2 1332126
2 1218159
2 1216467
2 1151721
2 1342134
2 1120536
2 1253151
2 1161387
2 1326195
2 1339686
2 1285641
2 1266687
2 1250397
2 1257606
2 1295514
2 1228482
2 1380474
2 1352088
2 1252422
2 1306692
2 1317348
2 1167003
2 1286865
2 1291752
2 1288323
2 1338255
2 1321497
2 1187037
2 1310103
2 1127871
2 1062441
2 1339407
2 1397880
2 1109835
2 1263123
2 1391652
2 1408959
2 1360620
2 1269486
2 1129689
2 1298709
2 1268406
2 1245978
2 1142118
2 1096263
2 1371141
2 1379421
2 1313748
2 1295442
2 1217124
2 1385856
2 1366074
2 1212624
2 1220292
2 1119951
2 1264770
2 1156860
2 1328148
2 1284003
2 1389996
2 1337823
2 957573
2 1191321
2 1358784
2 1140588
2 1134819
2 1351062
2 1267200
2 1313460
2 1240830
2 1143810
2 1397682
2 1364112
2 1171674
2 1361070
2 1316421
2 1249245
2 1129095
2 1222695
2 1102329
2 1350405
2 1294632
2 1345104
2 1321848
2 1299735
2 1372770
2 1128141
2 1157319
2 1258641
2 1164276
2 1288431
2 1017819
2 1193850
2 1245699
2 1044279
2 1246275
2 1219086
2 1202229
2 1346157
2 1308240
2 1366371
2 1326006
2 1218348
2 1230093
2 1356822
2 1358190
2 1246167
2 1262043
2 1343268
2 1230354
2 1386819
2 1129401
2 1270719
2 1317897
2 1361052
2 1190754
2 1308726
2 1312407
2 1259739
2 1290987
2 1347417
2 1328031
2 1327626
2 1268361
2 1306440
2 1287477
2 1342656
2 1259433
2 1259586
2 1413918
2 1336590
2 1349883
2 1374714
2 1292364
2 1200618
2 1083249
2 1364418
2 1247634
2 1166508
2 1293327
2 1246392
2 1318365
2 1177587
2 1200258
2 1197828
2 1178847
2 1252179
2 1254699
2 1399599
2 1278387
2 1374480
2 1100601
2 1269477
2 1305531
2 1288656
2 1086471
2 1321479
2 1080162
2 1221291
2 1224774
2 1341684
2 1102581
2 1171053
2 1136835
2 1231506
2 1140021
2 1135152
2 1109799
2 1277505
2 1366794
2 1381788
2 1260252
2 1187460
2 1262556
2 1290393
2 1288827
2 1362510
2 1221777
2 1157013
2 1270944
2 1394487
2 1398519
2 1296045
2 1178667
2 1414242
2 1330416
2 1300311
2 1190493
2 1146204
2 1401453
2 1304244
2 1237689
2 1190862
2 981981
2 1302102
2 1296360
2 1303668
2 1205820
2 1206144
2 1221561
2 1379853
2 1184373
2 1225449
2 1277829
2 1101438
2 1199790
2 1364454
2 1316043
2 1187730
2 1332405
2 1289250
2 1351368
2 1213920
2 1208691
2 1033785
2 1401039
2 1373004
2 1150362
2 1261233
2 1347165
2 1250811
2 1264401
2 1356561
2 1172295
2 1150047
2 1208772
2 1347669
2 1212957
2 1335447
2 1222623
2 1369998
2 1323828
2 1220202
2 1241793
2 1156914
2 1273707
2 1247337
2 1238751
2 1280448
2 1360764
2 1042722
2 1363338
2 1099098
2 1264779
2 1247661
2 1229328
2 1252890
2 1385271
2 1265508
2 1336059
2 1246284
2 1297242
2 1358883
2 1232514
2 1342125
2 1261467
2 1193013
2 1304748
2 1272600
2 1210986
2 1346094
2 1233369
2 1376433
2 1408923
2 1344636
2 1150128
2 1298916
2 1069209
2 1294488
2 1206180
2 1335069
2 1234251
2 1239282
2 1229157
2 1186362
2 1210689
2 1382859
2 1273536
2 1124271
2 1381590
2 1054602
2 1172610
2 1238805
2 1291698
2 1320660
2 1309725
2 1105164
2 1277091
2 1331073
2 1221282
2 1276443
2 1262619
2 1348596
2 1354302
2 1247400
2 1275066
2 1201860
2 1247688
2 1146663
2 1345410
2 1300266
2 1303110
2 1287954
2 1203957
2 1322676
2 1302435
2 1277379
2 1176597
2 1396305
2 1209492
2 1267407
2 1270323
2 1214262
2 1074960
2 1320318
2 1304982
2 1280844
2 1263015
2 1214577
2 1411452
2 1167453
2 1197342
2 1338264
2 1236816
2 1237932
2 1332918
2 1332108
2 1252800
2 1303416
2 1348560
2 1331109
2 1278666
2 1197675
2 1314864
2 1058391
2 1342881
2 1203660
2 1266012
2 1182060
2 1403361
2 1253133
2 1279062
2 1235799
2 1385424
2 1252584
2 1285371
2 1349784
2 1303929
2 1310148
2 1377558
2 1369962
2 1228167
2 1331316
2 1378665
2 1241091
2 1298214
2 1324125
2 1242099
2 1250118
2 1342296
2 1341783
2 1324305
2 1298835
2 1258659
2 1249047
2 1223361
2 1246473
2 1287720
2 1280241
2 1274013
2 1327266
2 1299834
2 1300545
2 1261935
2 1198701
2 1309941
2 1344375
2 1360746
2 1157472
2 1062927
2 1256067
2 1086066
2 1301256
2 1388205
2 1237833
2 1383444
2 1393893
2 1276407
2 1165257
2 1322532
2 1227645
2 1164879
2 1073592
2 1284867
2 1271151
2 1312605
2 1304568
2 1211373
2 1266165
2 1299141
2 1232136
2 1318131
2 1225566
2 1114362
2 1240965
2 1291464
2 1138041
2 1127313
2 1305666
2 1408176
2 1271889
2 1068768
2 1276002
2 1370286
2 1382427
2 1356786
2 1354860
2 1361673
2 1345788
2 1116144
2 1321101
2 1339245
2 1301256
2 1387341
2 1273140
2 1161594
2 1330533
2 1227051
2 1297953
2 1376613
2 1366614
2 1293678
2 1376946
2 1286145
2 1341540
2 1140831
2 1348461
2 1234098
2 1261674
2 1260783
2 1264437
2 1248192
2 1247517
2 1357029
2 1393110
2 1262250
2 1083663
2 1340568
2 1182897
2 1225341
2 1304208
2 1314027
2 1343160
2 1296612
2 1374462
2 1368162
2 1396215
2 1151352
2 1059129
2 1299852
2 1208745
2 1308636
2 1342476
2 1280340
2 1162341
2 1316367
2 1377468
2 1190088
2 1223541
2 1352934
2 1307934
2 1223505
2 1379052
2 1225854
2 1376991
2 1271232
2 1033362
2 1075536
2 1259901
2 1117665
2 1355742
2 1296819
2 1193238
2 1145727
2 1314585
2 1296009
2 1209420
2 1373103
2 1337949
2 1355193
2 1258047
2 1259298
2 1261620
2 1116171
2 1410552
2 1267650
2 1289196
2 1261017
2 1099764
2 1190079
2 1344357
2 1335996
2 1229058
2 1337634
2 1336644
2 1183590
2 1294137
2 1304352
2 1196829
2 1167210
2 1311633
2 1391751
2 1179801
2 1291365
2 1337094
2 1265508
2 1212804
2 1265958
2 1139076
2 1262214
2 1136817
2 1210698
2 1264464
2 1276920
2 1133478
2 1346661
2 1321110
2 1228383
2 1325466
2 1249335
2 1148211
2 1335645
2 1322712
2 1175616
2 1271133
2 1328787
2 1362726
2 1319868
2 1328796
2 1262142
2 1255104
2 1190376
2 1191132
2 1140498
2 1002681
2 1381896
2 953631
2 1246923
2 1250073
2 1112949
2 1201050
2 1302444
2 1240506
2 1347075
2 1144962
2 1337985
2 1356021
2 1076130
2 1240695
2 1348056
2 1316952
2 1148265
2 1297674
2 1343088
2 1228806
2 1301949
2 1269567
2 1267965
2 1302921
2 1101780
2 1343592
2 1410660
2 1137897
2 1372608
2 1268253
2 1270134
2 1304280
2 1293228
2 1274085
2 1201617
2 1302543
2 1281411
2 1334511
2 1272600
2 1063746
2 1193697
2 1322487
2 1366713
2 1337859
2 1230804
2 1306620
2 1091655
2 1277577
2 1186596
2 1251648
2 1354797
2 1262250
2 1213542
2 1360071
2 1360152
2 1290186
2 1268514
2 1321281
2 1287630
2 1398159
2 1278531
2 1142199
2 1237347
2 1243422
2 1288854
2 1339983
2 1301976
2 1163394
2 1380807
2 1245420
2 1214100
2 1297719
2 1272573
2 1232937
2 1337796
2 1313919
2 1312434
2 1302606
2 1198368
2 1399068
2 1077327
2 1337769
2 1185426
2 1152477
2 1325061
2 1189728
2 1321047
2 1305441
2 1356534
2 1339533
2 1048005
2 1308330
2 1201383
2 1359369
2 1362078
2 1330353
2 1316403
2 1330272
2 1357848
2 1225251
2 1173933
2 1236294
2 1389645
2 1297701
2 1004922
2 1271439
2 1296657
2 1257138
2 1198125
2 1074465
2 1218078
2 1287117
2 1269189
2 1064394
2 1217367
2 1311777
2 1329939
2 1348335
2 1383174
2 1107891
2 1175202
2 1331217
2 1268235
2 1252017
2 1344996
2 1258362
2 1350621
2 1076886
2 1240866
2 1340559
2 1290726
2 1232694
2 1167867
2 1219176
2 1032849
2 1303884
2 1113471
2 1308663
2 1089621
2 1288242
2 1380483
2 1363347
2 1297314
2 1349568
2 1321461
2 1090215
2 1179351
2 1250109
2 1265913
2 1190673
2 985590
2 1269594
2 1240020
2 1299834
2 1329480
2 1358973
2 1286811
2 1298412
2 1368765
2 1281366
2 1278432
2 1277694
2 1312812
2 1138212
2 1350891
2 1276047
2 1389474
2 1378530
2 1134576
2 1278522
2 1278342
2 1264662
2 1228887
2 1248210
2 1304334
2 1359810
2 1155510
2 1198116
2 1323117
2 1067535
2 1265238
2 1256580
2 1243602
2 1380456
2 1340433
2 1159875
2 1391166
2 1299699
2 1333521
2 1337778
2 1382508
2 1321533
2 1241919
2 1236879
2 1298583
2 1229733
2 1237014
2 1305513
2 1387215
2 1382949
2 1250802
2 1173717
2 1362501
2 1131066
2 1234125
2 1258992
2 1329345
2 1245771
2 1256193
2 1377495
2 1317951
2 1272348
2 1356579
2 1305090
2 1360665
2 1326816
2 1224342
2 1363365
2 1367001
2 1375173
2 1224837
2 1388223
2 1236204
2 1360989
2 1209861
2 1313190
2 1274805
2 1244205
2 1264437
2 1182870
2 1266291
2 1295055
2 1260369
2 1232235
2 1291032
2 1098108
2 1285137
2 1387233
2 1376217
2 1191159
2 1250433
2 1142730
2 1292742
2 1062576
2 1069965
2 1371852
2 1364517
2 1309437
2 1137735
2 1142136
2 1144098
2 1235511
2 1195740
2 1142244
2 1219365
2 1175922
2 1280034
2 1228833
2 1343979
2 1229013
2 1348344
2 1004193
2 1350171
2 1272843
2 1158750
2 1235124
2 1051866
2 1207269
2 1239111
2 1310337
2 1250217
2 1260936
2 1074933
2 1119510
2 1332027
2 1269549
2 1365246
2 1216188
2 1293390
2 1156068
2 1210617
2 1189791
2 1341135
2 1321020
2 1355553
2 1296423
2 1250145
2 1196163
2 1314054
2 1415466
2 1370295
2 1317798
2 1127466
2 1298367
2 1255257
2 1367514
2 1309095
2 1257930
2 1143558
2 1295181
2 1265274
2 1045971
2 1350018
2 1096515
2 1340073
2 1313865
2 1320165
2 1400769
2 1276110
2 1278288
2 1273149
2 1227744
2 1104318
2 1314009
2 1129977
2 1301418
2 1283598
2 1229166
2 1140525
2 1392741
2 1356921
2 1153827
2 1241307
2 1318338
2 1382121
2 1073142
2 1334421
2 1255752
2 1205757
2 1242720
2 1275093
2 1356075
2 1271763
2 1318581
2 1255779
2 1268271
2 1295280
2 1201032
2 1234881
2 1387089
2 1325682
2 1367649
2 1326573
2 1341252
2 1129302
2 1332855
2 1214937
2 1216584
2 1398078
2 1195623
2 1210077
2 1318230
2 1365327
2 1391553
2 1326762
2 1397475
2 1279827
2 1362402
2 1307043
2 1354671
2 1096101
2 1387224
2 1233765
2 1328670
2 1001583
2 1343943
2 1220913
2 1353816
2 1253781
2 1341126
2 1260117
2 1252242
2 1263276
2 1320120
2 1372059
2 1377567
2 1408707
2 1264428
2 1252224
2 1190790
2 1121580
2 1367631
2 1303866
2 1274895
2 1199133
2 1187595
2 1269594
2 1240470
2 1283904
2 1207710
2 1211670
2 1155402
2 1229562
2 1255437
2 1265058
2 1246131
2 1025343
2 1312749
2 1039590
2 1340712
2 1307691
2 1246410
2 1321110
2 1302291
2 1185066
2 1253106
2 1316475
2 1353735
2 1228167
2 1314378
2 1093023
2 1240425
2 1317429
2 1218600
2 1081449
2 1344447
2 1369071
2 1369620
2 1308681
2 1414773
2 1186227
2 1310229
2 1356552
2 1153782
2 1355121
2 1206585
2 1335510
2 1214064
2 1213434
2 1239165
2 1256175
2 1299699
2 1301013
2 1300644
2 1057131
2 1352781
2 1242963
2 1125342
2 1224621
2 1368054
2 1336824
2 1327923
2 1271664
2 1275390
2 1338372
2 1238202
2 1364346
2 1355202
2 1317699
2 1358820
2 1095039
2 1252305
2 1352322
2 1226880
2 1287810
2 1218195
2 1171998
2 1113498
2 1336131
2 1176642
2 1341774
2 1319193
2 1293804
2 1186371
2 1333125
2 1195380
2 1342692
2 1322604
2 1255833
2 1184499
2 1249488
2 1412226
2 1064871
2 1303803
2 1122003
2 1328355
2 1315395
2 1206666
2 1374750
2 1321065
2 1111905
2 1267344
2 1188486
2 1243476
2 1228113
2 1327446
2 1300293
2 1279098
2 1295289
2 1233270
2 1336806
2 1222110
2 1325628
2 1205316
2 1260558
2 1300185
2 1164987
2 1398843
2 1293921
2 1288719
2 1170504
2 1319706
2 1352295
2 1346454
2 1368270
2 1321092
2 1270890
2 1224315
2 1254780
2 1285389
2 1270017
2 1356597
2 1322739
2 1312182
2 1389348
2 1330335
2 1203192
2 1232055
2 1144404
2 1196424
2 1205676
2 1312164
2 1319616
2 1362528
2 1333935
2 1354536
2 1411812
2 1135062
2 1221750
2 1092159
2 1343007
2 1346472
2 1203156
2 1382094
2 1122930
2 1316709
2 1064412
2 1305666
2 1190250
2 1304919
2 1399257
2 1262016
2 1204740
2 1229193
2 1089540
2 1373616
2 1357191
2 1353699
2 1108440
2 1385946
2 1157022
2 1364841
2 1241775
2 1368306
2 1355841
2 1190133
2 1329750
2 1326015
2 1247094
2 1295478
2 1253268
2 1269180
2 1329912
2 1309284
2 1336680
2 1251693
2 1340442
2 1246428
2 1358559
2 1364112
2 1288116
2 1285902
2 1274067
2 1288989
2 1303677
2 1261593
2 1342710
2 1221660
2 1295919
2 1192554
2 1248750
2 1174923
2 1388952
2 1216296
2 1252107
2 1225314
2 1289916
2 1354446
2 1328832
2 1155915
2 1293291
2 1179567
2 1134351
2 1339434
2 1324827
2 1141443
2 1301022
2 1254321
2 1175841
2 1327212
2 1318491
2 1260315
2 1291230
2 1213704
2 1198305
2 1258146
2 1260720
2 1374363
2 1234125
2 1311732
2 1054143
2 1314144
2 1126323
2 1179855
2 1180053
2 1192095
2 1301391
2 1380087
2 1401678
2 1039149
2 1197612
2 1335375
2 1311894
2 1185597
2 1169154
2 1201995
2 1156383
2 1344222
2 1155519
2 1223694
2 1306467
2 1203399
2 1359864
2 1383957
2 1374921
2 1301895
2 1251414
2 1264914
2 1066770
2 1372302
2 1245348
2 1288935
2 1212264
2 1349622
2 1386891
2 1400769
2 1167696
2 1355949
2 1307124
2 1348533
2 1341864
2 1224405
2 1283427
2 1273779
2 1020285
2 1332036
2 1325016
2 1291518
2 1351440
2 1320381
2 1299618
2 1256220
2 1316385
2 1255779
2 1280736
2 1127511
2 1242108
2 1094634
2 1222155
2 1032966
2 1381023
2 1221723
2 1212417
2 1129095
2 1152891
2 1261989
2 1280574
2 1279962
2 1349253
2 1257228
2 1373715
2 1354428
2 1410777
2 1288152
2 1335159
2 1062630
2 1293777
2 1341504
2 1333746
2 1281699
2 1303992
2 1240065
2 1251684
2 1214721
2 1377495
2 1290996
2 1327365
2 1158291
2 1309509
2 1334799
2 1360260
2 1267956
2 1287504
2 1226394
2 1334385
2 1094112
2 1352835
2 1340775
2 1235655
2 1105632
2 1178082
2 1319076
2 1274805
2 1376424
2 1345023
2 1148994
2 1214658
2 1199997
2 1298799
2 1297944
2 1158588
2 1354149
2 1269099
2 1270071
2 1370403
2 994302
2 1299879
2 1244079
2 1265148
2 1345680
2 1137123
2 1180647
2 1290078
2 1287072
2 1361034
2 1283211
2 1286514
2 1368360
2 1293372
2 1242783
2 1294272
2 1314261
2 1133649
2 1206072
2 1392714
2 1138752
2 1273887
2 1288674
2 1170882
2 1119906
2 1345599
2 1276974
2 1296135
2 1258965
2 1203543
2 1295028
2 1213641
2 1331361
2 1244097
2 1139607
2 1343088
2 1283679
2 1229715
2 1190403
2 1288332
2 1197558
2 1388052
2 1336995
2 1263852
2 1279521
2 1366965
2 1375857
2 1318194
2 1215063
2 1336077
2 1315161
2 1250388
2 1210320
2 1045341
2 1317294
2 1317384
2 1309770
2 1318392
2 1300005
2 1329867
2 1268055
2 1367802
2 1352331
2 1282905
2 1222254
2 1286361
2 1269198
2 1381581
2 1259478
2 1294875
2 1291617
2 1378062
2 1255185
2 1245285
2 1336644
2 1238058
2 1228599
2 1075959
2 1242279
2 1244745
2 1293147
2 942804
2 1253817
2 1177578
2 1189575
2 1283562
2 1409697
2 1232424
2 1242639
2 1227789
2 1380456
2 1243377
2 1291005
2 1226565
2 1237527
2 1221750
2 1325394
2 1372248
2 1375533
2 1258416
2 1314855
2 1223307
2 1214694
2 1257237
2 1209501
2 1096794
2 1332063
2 1244871
2 1300896
2 1113498
2 1370844
2 1302012
2 1395396
2 1320165
2 1371960
2 1265490
2 1216647
2 1270206
2 1249839
2 1274472
2 1132524
2 1235502
2 1206342
2 1308933
2 1350396
2 1304919
2 1204218
2 1255500
2 1411983
2 1347759
2 1259550
2 1333548
2 1213092
2 1179351
2 1262916
2 1319247
2 1123668
2 1353402
2 1328058
2 1214874
2 1075158
2 1339857
2 1380366
2 1338489
2 1308771
2 1252458
2 1371708
2 1283760
2 1361772
2 1336266
2 1230354
2 1300023
2 1149390
2 1335339
2 1242225
2 1323027
2 1245600
2 1325979
2 1256157
2 1281015
2 1287540
2 1233693
2 1331334
2 1208637
2 1228302
2 1030977
2 1344195
2 1381158
2 1354770
2 1054557
2 1324548
2 1382094
2 1337841
2 1292022
2 1315899
2 1243341
2 1155879
2 1220697
2 1225089
2 1366983
2 1332882
2 1225881
2 1381734
2 1280952
2 1391049
2 1194057
2 1354131
2 1295586
2 1261944
2 1254429
2 1302921
2 1257327
2 1369314
2 1407564
2 1155654
2 1263159
2 1263780
2 1150371
2 1132902
2 1367217
2 1305999
2 1413621
2 1278999
2 1273932
2 1270026
2 1377900
2 1347849
2 1268523
2 1376100
2 1241199
2 1314648
2 1203039
2 1324656
2 1050849
2 1254321
2 1051281
2 1079316
2 1183329
2 1195785
2 1335051
2 1328994
2 1172907
2 1316817
2 1248903
2 1261638
2 1191339
2 1351881
2 1207422
2 1281915
2 1277406
2 1326186
2 1206801
2 1381617
2 1243827
2 1294398
2 1271745
2 1199646
2 1287414
2 1273131
2 1394991
2 1299438
2 1228140
2 1065654
2 1335312
2 1189323
2 1367352
2 1111527
2 1326060
2 1337121
2 1091790
2 1253565
2 1192095
2 1283373
2 1373958
2 1183752
2 1224639
2 1349505
2 1249551
2 1039131
2 1347345
2 1261440
2 1161909
2 1356048
2 1329570
2 1358334
2 1236762
2 1210536
2 1056393
2 1363752
2 1161180
2 1172133
2 1275093
2 1288998
2 1345878
2 1211652
2 1328121
2 1263330
2 1217286
2 1363014
2 1343493
2 1353996
2 1338849
2 1320318
2 1208286
2 1166904
2 1161162
2 1161882
2 1222803
2 1250658
2 1285938
2 1318419
2 1266831
2 1330596
2 1272141
2 1189296
2 1308069
2 1349100
2 1205757
2 1220031
2 1226619
2 1320300
2 1254942
2 1197594
2 1231317
2 1317402
2 1144251
2 1253628
2 1324521
2 1126233
2 1305792
2 1350414
2 1333629
2 1289934
2 1195929
2 1342773
2 1233450
2 1250892
2 1152576
2 1262889
2 1377720
2 1391589
2 1197360
2 1205577
2 1282608
2 1343853
2 1118673
2 1268514
2 1141830
2 1263195
2 1234107
2 1302219
2 1231713
2 1169577
2 1099503
2 1302291
2 1403829
2 1291986
2 1159650
2 1320327
2 1276632
2 1282545
2 1321416
2 1216341
2 1297188
2 1191015
2 1311219
2 1243422
2 1400436
2 1359549
2 1252152
2 1333998
2 1172934
2 1361349
2 1326933
2 1231902
2 1349109
2 1249956
2 1155051
2 1223955
2 1272870
2 1316277
2 1227105
2 1289475
2 1238283
2 1261998
2 1239462
2 1351602
2 1282914
2 1348479
2 1050084
2 1110843
2 1250775
2 1248111
2 1153719
2 1396539
2 1234809
2 1303551
2 1404423
2 1301616
2 1185084
2 1373751
2 1048365
2 1356219
2 1296531
2 1214172
2 1265571
2 1200879
2 1201518
2 1247148
2 1270755
2 1110573
2 1390077
2 1247850
2 1182780
2 1260405
2 1380897
2 1206711
2 1303542
2 1224882
2 1307052
2 1287927
2 1297899
2 1261467
2 1315746
2 1304370
2 1283553
2 1327176
2 1292823
2 1167300
2 1323288
2 1131516
2 1317789
2 1044477
2 1359468
2 1385847
2 1350657
2 1281168
2 1232469
2 1164114
2 1148967
2 1342062
2 1246527
2 1269909
2 1274004
2 1124982
2 1333872
2 1378485
2 1294704
2 1344258
2 1294758
2 1319652
2 1330551
2 1300644
2 1393353
2 1245951
2 1318167
2 1271664
2 1196082
2 1296702
2 1319391
2 1233819
2 1349928
2 1337886
2 1224540
2 1158966
2 1312911
2 1263375
2 1223433
2 1354950
2 1292832
2 1319013
2 1327392
2 1242441
2 1046007
2 1378449
2 1341891
2 1380915
2 1321578
2 1298853
2 1084212
2 1178172
2 1319715
2 1293786
2 1302948
2 1139796
2 1376883
2 1266867
2 1362177
2 1249740
2 1369845
2 1300140
2 1242891
2 1339911
2 1100907
2 1192140
2 1169325
2 1334799
2 1369989
2 1288341
2 1252305
2 1238931
2 1292463
2 1205424
2 1222362
2 1368828
2 1291095
2 1239552
2 1314198
2 1352565
2 1412127
2 1214721
2 1350027
2 1348560
2 1288746
2 1262583
2 1060074
2 1226889
2 1381167
2 1339443
2 1339065
2 1401516
2 1346544
2 1232118
2 1371141
2 1344087
2 1079946
2 1299042
2 1143981
2 1158588
2 1230705
2 1382013
2 1341801
2 1287027
2 1231407
2 1231101
2 1251477
2 1118529
2 1245924
2 1314414
2 1167966
2 1115541
2 1243728
2 1263438
2 1343835
2 1318869
2 1380564
2 1321956
2 1399320
2 1317168
2 1273230
2 1197162
2 1305009
2 1252395
2 1288206
2 1318905
2 1256508
2 1194381
2 1334097
2 1256931
2 1258956
2 1339326
2 1332315
2 1316961
2 1289898
2 1273356
2 1363626
2 1399131
2 1350945
2 1149471
2 1129941
2 1180242
2 1231146
2 1249839
2 1217007
2 1275030
2 1271907
2 1361259
2 1385352
2 1388340
2 1362078
2 1256031
2 1236375
2 1313046
2 1223091
2 1317816
2 1271241
2 1175751
2 1265940
2 1360215
2 1339470
2 1257030
2 1281231
2 1333152
2 1314036
2 1348353
2 1330947
2 1178613
2 1376964
2 1344834
2 1195542
2 1201275
2 1302705
2 970866
2 1387890
2 1188675
2 1323783
2 1273347
2 1399032
2 1262043
2 1156446
2 1166112
2 1377612
2 1239363
2 1158192
2 1257795
2 1277892
2 1324251
2 1298583
2 1265139
2 1316052
2 1183428
2 1230336
2 1345257
2 1364616
2 1326456
2 1195362
2 1030113
2 1284930
2 1291644
2 1366893
2 1253358
2 1280313
2 1185930
2 1339083
2 1347192
2 1061073
2 1350936
2 1062657
2 1371060
2 1130328
2 1289889
2 1356777
2 1333746
2 1178649
2 1373463
2 1298259
2 1341666
2 1293579
2 1214181
2 1320678
2 1220022
2 1169082
2 1333341
2 1291338
2 1287027
2 1163250
2 1295118
2 1223586
2 1396494
2 1277955
2 1254987
2 1252629
2 1125279
2 1377936
2 1343997
2 1317276
2 1273230
2 1381689
2 1325979
2 1190007
2 1150407
2 1201869
2 1253925
2 1161549
2 1150650
2 1330191
2 1313280
2 1067715
2 1040661
2 1136412
2 1221057
2 1319778
2 1331370
2 1215180
2 1273221
2 1280511
2 1276866
2 1211823
2 1176750
2 1345581
2 1342773
2 1281969
2 1285551
2 1249434
2 1293660
2 1176471
2 1300167
2 1395774
2 1273716
2 1289628
2 1240578
2 1343718
2 1235718
2 1396242
2 1384083
2 1350531
2 1338435
2 1308033
2 1298754
2 1349370
2 1357299
2 1317033
2 1223046
2 1306188
2 1314063
2 1339119
2 1310022
2 1282761
2 1279773
2 1375362
2 1346508
2 1048518
2 1047033
2 1244547
2 1054341
2 978507
2 1322595
2 1318986
2 1113336
2 1346733
2 1246824
2 1287315
2 1313433
2 1263519
2 1137465
2 1205487
2 1254006
2 964296
2 1105290
2 1348524
2 1371546
2 1214829
2 1194246
2 1372185
2 1312155
2 1269387
2 1271898
2 1339830
2 1283904
2 1368045
2 1242207
2 1120635
2 1321740
2 1323459
2 1294254
2 1235691
2 1227798
2 1389015
2 1290618
2 1308870
2 1360017
2 1373031
2 1344969
2 1314099
2 1298349
2 1261656
2 1346643
2 1082592
2 1219266
2 1130292
2 1343151
2 1334970
2 1308402
2 1145934
2 1215756
2 1245168
2 1298871
2 1248282
2 1218600
2 1110915
2 1263573
2 1350792
2 1318329
2 1270197
2 1114488
2 1310787
2 1242378
2 1271520
2 1257345
2 1255905
2 1403793
2 1205622
2 1254384
2 1312533
2 1320399
2 1412820
2 1247004
2 1302174
2 1138662
2 1255140
2 1258182
2 1371123
2 1388439
2 1375533
2 1133847
2 1220670
2 1245744
2 1175436
2 1325439
2 1107351
2 1107081
2 1229544
2 1288719
2 1352034
2 1300068
2 1379205
2 1220715
2 1383093
2 1385352
2 1287270
2 1333080
2 1282617
2 1255257
2 1315755
2 1218735
2 1366839
2 1382220
2 1185102
2 1298214
2 1283832
2 1347633
2 1340874
2 1165284
2 1253925
2 1369278
2 1275822
2 1294704
2 1315854
2 1105119
2 1348272
2 1208673
2 1174257
2 1329273
2 1297710
2 1183698
2 1341999
2 1349451
2 1253835
2 1336104
2 1013985
2 1179351
2 1328841
2 1377027
2 1300518
2 1315215
2 1392273
2 1030743
2 1125810
2 1325556
2 1282734
2 1340838
2 1218699
2 1305135
2 1384038
2 1192104
2 1353420
2 1074465
2 1310022
2 1322910
2 1347750
2 1376685
2 1319319
2 1267146
2 1340037
2 1159974
2 1314063
2 1160802
2 1285407
2 1075455
2 1264446
2 1377801
2 1285965
2 1311183
2 1247868
2 1287045
2 1296036
2 1229112
2 1341117
2 1259892
2 1365048
2 1397259
2 1263744
2 1113039
2 1340172
2 1290357
2 1233837
2 1277613
2 1109907
2 1264563
2 1277820
2 1316052
2 1188819
2 1258713
2 1307529
2 1275336
2 1094454
2 1209006
2 1283517
2 1302381
2 1083024
2 1349811
2 1235079
2 1210590
2 1304874
2 1151973
2 1365237
2 1209321
2 1316970
2 1277307
2 1217007
2 1365624
2 1231767
2 1206702
2 1347048
2 1264428
2 1201023
2 1348587
2 1310958
2 1277235
2 1073565
2 1128852
2 1385865
2 1204245
2 1307700
2 1184166
2 1243836
2 1342899
2 1217268
2 1237482
2 1340586
2 1282509
2 1345662
2 1306602
2 1352637
2 1333728
2 1278486
2 1321875
2 1324908
2 1362672
2 1177038
2 1258749
2 1203669
2 1248471
2 1327950
2 1346148
2 1236483
2 1360467
2 1350351
2 1342251
2 1318086
2 1321497
2 1339092
2 1172295
2 1128555
2 1274301
2 1289565
2 1089603
2 1405593
2 1237185
2 1359189
2 1392174
2 1175391
2 1228959
2 1131120
2 1080171
2 1333413
2 1233072
2 1203471
2 1268730
2 1355931
2 1262169
2 1343709
2 1359495
2 1114353
2 1301157
2 1307016
2 1362456
2 1356300
2 1315377
2 1052208
2 1284606
2 1130184
2 1338975
2 1262007
2 1273257
2 1414152
2 1329660
2 1213578
2 1234575
2 1369260
2 1232055
2 1251018
2 1295100
2 1258038
2 1226412
2 1316475
2 1357722
2 1320948
2 1209798
2 1280142
2 1260972
2 1217565
2 1212597
2 1300644
2 1256499
2 1225395
2 1397673
2 1221219
2 1241244
2 1302417
2 1253763
2 1232910
2 1329057
2 1301400
2 1304073
2 1350477
2 1314000
2 1350234
2 1215513
2 1080486
2 1171890
2 1330686
2 1360665
2 1177281
2 1315431
2 1360233
2 1250919
2 1246221
2 1220463
2 1286028
2 1185489
2 1224216
2 1138743
2 1258452
2 1255491
2 1277091
2 1140516
2 1283544
2 1233855
2 1235709
2 1250424
2 1317240
2 1359999
2 1315719
2 1319076
2 1368108
2 1297044
2 1331352
2 1107963
2 1348164
2 1203120
2 1281726
2 1280187
2 1268604
2 1349172
2 1128879
2 1339002
2 1273968
2 1275876
2 1303353
2 1343781
2 1278585
2 1284327
2 1116333
2 1313541
2 1304262
2 1270719
2 1254924
2 1356273
2 1380132
2 1311561
2 1192149
2 1236087
2 1206063
2 1389555
2 1355454
2 1323045
2 1246248
2 1166940
2 1392768
2 1396341
2 1290735
2 1190376
2 1225332
2 1356822
2 1269054
2 1095048
2 1193544
2 1309824
2 1368783
2 1274121
2 1319913
2 1300977
2 1151559
2 1289151
2 1181736
2 1256508
2 1199826
2 924615
2 1377441
2 1375893
2 1297215
2 1213524
2 1316430
2 1172205
2 1177317
2 1313766
2 1192950
2 1353222
2 1335510
2 1283760
2 1302894
2 1340712
2 1373958
2 1227888
2 1043442
2 1391256
2 1146096
2 1304010
2 1371735
2 1335888
2 1225755
2 1313847
2 1299501
2 1304595
2 1321308
2 1334331
2 1094373
2 1324188
2 1356021
2 1206252
2 1399212
2 1370646
2 1064268
2 1403883
2 1329156
2 1344807
2 1359738
2 1251963
2 1257264
2 1178748
2 1209069
2 1327374
2 1231308
2 1296720
2 1270386
2 1179198
2 1179522
2 1104696
2 1178271
2 1129320
2 1208619
2 1161549
2 1291698
2 1156275
2 1307781
2 1225269
2 1357803
2 1339884
2 1218519
2 1134486
2 1251324
2 1293498
2 1253997
2 1294587
2 1190151
2 1289412
2 1351710
2 1235430
2 1358586
2 1184292
2 1309113
2 1351710
2 1217844
2 1112346
2 1272051
2 1292112
2 1239147
2 1242585
2 1343070
2 1281240
2 1251549
2 1267326
2 1328598
2 1337526
2 1294020
2 1289169
2 1157409
2 1286433
2 1360368
2 1285281
2 1212435
2 1343988
2 1319490
2 1368207
2 1309878
2 1107369
2 1230480
2 1245159
2 1264995
2 1327482
2 1321011
2 1355157
2 1118430
2 1414017
2 1334034
2 1349937
2 1224810
2 1281051
2 1361592
2 1164528
2 1326753
2 1351125
2 1306485
2 1386900
2 1295073
2 1268901
2 1356705
2 1354554
2 1226763
2 1050939
2 1389933
2 1152342
2 1252386
2 1230219
2 1265346
2 1327680
2 1149867
2 1304307
2 1311714
2 1244826
2 1327968
2 1336545
2 1156500
2 1324854
2 1241523
2 1312191
2 1261926
2 1247472
2 1352268
2 1168974
2 1271655
2 1307700
2 1119645
2 1185237
2 1114893
2 1232595
2 1222713
2 1283139
2 1095084
2 1220832
2 1316853
2 1305045
2 1320885
2 1306818
2 1259028
2 1320714
2 1127772
2 1389033
2 1042929
2 1117908
2 1222488
2 1237167
2 1278999
2 1349370
2 1085283
2 1326735
2 1358820
2 1254465
2 1319427
2 1358280
2 1315233
2 1009242
2 1360530
2 1208196
2 1314207
2 1121616
2 1382832
2 1265607
2 1382121
2 1195074
2 1280520
2 1330227
2 1321434
2 1362807
2 1193580
2 1241460
2 1227060
2 1308654
2 1316259
2 1296558
2 1352646
2 1211463
2 1325286
2 1305981
2 1279611
2 1386729
2 1354896
2 1365858
2 1178829
2 1237338
2 1269207
2 1235151
2 1397664
2 1261998
2 1343547
2 1246176
2 1280349
2 1346463
2 1233999
2 1354185
2 1121949
2 1363338
2 1362555
2 1188630
2 1214082
2 1068327
2 1391607
2 1327347
2 1297818
2 1266768
2 1260810
2 1293885
2 1258515
2 1268991
2 1280394
2 1031904
2 1252980
2 1239255
2 1325277
2 1252701
2 1340073
2 1239129
2 1269504
2 1202742
2 1341378
2 1345914
2 1212534
2 1301724
2 1200186
2 1410435
2 1319706
2 1261548
2 1235646
2 1057977
2 1328544
2 1340298
2 1305189
2 1291329
2 1215810
2 1261782
2 1215774
2 1267434
2 1289205
2 1324197
2 1332909
2 1147905
2 1210014
2 1202913
2 1145061
2 1290078
2 1137951
2 1197405
2 1349262
2 1366641
2 1319085
2 1325502
2 1296117
2 1364526
2 1322730
2 1073457
2 1376118
2 1356966
2 1262610
2 1265841
2 1219131
2 1088568
2 1254537
2 1159560
2 1396125
2 1334241
2 1189674
2 1250037
2 1247040
2 1238013
2 1290924
2 1162368
2 1268253
2 1056987
2 1280331
2 1314756
2 1242243
2 1393326
2 1347912
2 1205613
2 1314558
2 1261845
2 1368396
2 1241829
2 1332675
2 1161423
2 1272690
2 1208088
2 1211463
2 1283472
2 1209546
2 1197936
2 1300401
2 994671
2 1367262
2 1293480
2 1293516
2 1273527
2 1333638
2 1040571
2 1353987
2 1283454
2 1220679
2 1251000
2 1397052
2 1314198
2 1339848
2 1376928
2 1222416
2 1293201
2 1361088
2 1229040
2 1291149
2 1314639
2 1356291
2 1368198
2 1325106
2 1275282
2 1332810
2 966195
2 985050
2 1350324
2 1121445
2 1011096
2 1339875
2 1314135
2 1071810
2 1174545
2 1265571
2 1168605
2 1318761
2 1283355
2 1361727
2 1272546
2 1319229
2 1344681
2 1302426
2 1310724
2 1267614
2 1278180
2 1328139
2 1130508
2 1373130
2 1335312
2 1387017
2 1330281
2 1287936
2 1319031
2 1248993
2 1343826
2 1345401
2 1322667
2 1335591
2 1216053
2 1133901
2 1350441
2 1317267
2 1181727
2 1304559
2 1335915
2 1338633
2 1341918
2 1241460
2 1193625
2 1288728
2 1325097
2 1181754
2 1177191
2 1346940
2 1298178
2 1221381
2 1340325
2 1210311
2 1355175
2 1297854
2 1311948
2 1190952
2 1280133
2 1146699
2 1263411
2 1315296
2 1090926
2 1235268
2 1213245
2 1219122
2 1234512
2 1331523
2 1356912
2 1208061
2 1263627
2 1064025
2 1330308
2 1148229
2 1193499
2 1198053
2 1093392
2 1235898
2 1257336
2 1367613
2 1324548
2 1356120
2 1290330
2 1276911
2 1397790
2 1270017
2 1186299
2 1234260
2 1251936
2 1206072
2 1329138
2 1395378
2 1285326
2 1346211
2 1157544
2 1277820
2 1199232
2 1320372
2 1286703
2 1305981
2 1298358
2 1316070
2 1050489
2 1337436
2 1348056
2 1333107
2 1374237
2 1343358
2 1275579
2 1049031
2 1393992
2 1319535
2 1326771
2 1314774
2 1383471
2 1317564
2 1316826
2 1263546
2 1193841
2 1081755
2 1386531
2 1245195
2 1289304
2 1320237
2 1402317
2 1387332
2 1365372
2 1279125
2 1129149
2 1326636
2 1051101
2 1386054
2 1192545
2 1270206
2 1281375
2 1259469
2 1324926
2 1118466
2 1317285
2 1382706
2 1211454
2 1101249
2 1324881
2 1351863
2 1192806
2 1258938
2 1325187
2 1289889
2 1136466
2 1325160
2 1342269
2 1303263
2 1207413
2 1333656
2 1145565
2 1260819
2 1306206
2 1310616
2 1275561
2 1307187
2 1226502
2 1154637
2 1319481
2 1317258
2 1310292
2 1140012
2 1214775
2 1211652
2 1164042
2 1240416
2 1368180
2 1402317
2 1245267
2 1369530
2 988443
2 1242900
2 1194750
2 1375038
2 1183338
2 1230930
2 1381707
2 1308519
2 1318572
2 1272636
2 1281996
2 1130553
2 1275444
2 1250910
2 1184688
2 1179099
2 1153044
2 1238184
2 1330758
2 1268073
2 1354752
2 1082079
2 1280214
2 1322235
2 1379916
2 1326600
2 1040301
2 1309554
2 1238391
2 1093608
2 1321524
2 1413369
2 1041984
2 1370475
2 1246824
2 1315638
2 1286001
2 1314090
2 1331874
2 1264455
2 1066086
2 1334160
2 1198179
2 1084779
2 1265940
2 1312380
2 1218537
2 1378773
2 1284903
2 1356021
2 1216629
2 1237014
2 1276542
2 1363266
2 1190043
2 1306593
2 1163160
2 1245348
2 1307799
2 1261854
2 1259649
2 1251072
2 1253106
2 1056789
2 1332639
2 1345590
2 1278027
2 1280250
2 1294587
2 1320768
2 1283706
2 1323216
2 1224720
2 1169739
2 1355346
2 1279962
2 1288323
2 1081251
2 1163052
2 1217466
2 1156347
2 1239507
2 1310805
2 1252512
2 1134486
2 1362051
2 1372617
2 1040751
2 1300626
2 1383039
2 1258884
2 1368162
2 941085
2 1357173
2 1343466
2 1275678
2 1235106
2 1289898
2 1268370
2 1287108
2 1125747
2 1022796
2 1377747
2 1229238
2 1335663
2 1296378
2 1226592
2 1281915
2 1313361
2 1016505
2 1247580
2 1335618
2 1148742
2 1239201
2 1325826
2 1220292
2 1225107
2 1291644
2 1358181
2 1330920
2 1372473
2 1270431
2 1221993
2 1233315
2 1337580
2 1265634
2 1309986
2 1347822
2 1231200
2 1174455
2 1201410
2 1087659
2 1134864
2 1227951
2 1401363
2 1102797
2 1205379
2 1290834
2 1263069
2 1408554
2 1291059
2 1303983
2 1135386
2 1131039
2 1305000
2 1206747
2 1252089
2 1359810
2 1126098
2 1246266
2 1321281
2 1131759
2 1158066
2 1315962
2 1189395
2 1396683
2 1412154
2 1287972
2 1283940
2 1218069
2 1352025
2 1181007
2 1136043
2 1340325
2 1186542
2 1084815
2 1260558
2 1220211
2 1146897
2 1364085
2 1376172
2 1257417
2 1343142
2 1320552
2 1195407
2 1252998
2 1185876
2 1257552
2 1288998
2 1263951
2 1030095
2 1293858
2 1306044
2 1237545
2 1023930
2 1120995
2 1335843
2 1275039
2 1195263
2 1205496
2 1086561
2 1391688
2 1276299
2 1246635
2 1188495
2 1353591
2 1170000
2 1320093
2 1307187
2 1207521
2 1129239
2 1362690
2 1381887
2 1281321
2 1283670
2 1183374
2 1254699
2 1366668
2 1207305
2 1072926
2 1285110
2 1257975
2 1226871
2 1176129
2 1257336
2 1339866
2 1282788
2 1297800
2 1273959
2 1287432
2 1208142
2 1264824
2 1272375
2 1308897
2 1254483
2 1204515
2 1305153
2 1239741
2 1278738
2 1130823
2 1251099
2 1273095
2 1253124
2 1149309
2 1173141
2 1261935
2 1373265
2 1226394
2 1315026
2 1261233
2 1324422
2 1231389
2 1335600
2 1314153
2 1306908
2 1406304
2 1292643
2 1094670
2 1355634
2 1274391
2 1216467
2 1358739
2 1413243
2 1267344
2 1344726
2 1266930
2 1174419
2 1346067
2 1214343
2 1269072
2 1246941
2 1203822
2 1336680
2 1325061
2 1300923
2 1290015
2 1381779
2 1236555
2 1277001
2 1216854
2 1365417
2 1377567
2 1336626
2 1081035
2 1257741
2 1365102
2 1411848
2 1250847
2 1290753
2 1275228
2 1186749
2 1285731
2 1317672
2 1381392
2 1210995
2 1320741
2 1247193
2 1312290
2 1373805
2 1267164
2 1375308
2 1236663
2 1387404
2 1170495
2 1210320
2 1353186
2 1279134
2 1366929
2 1297818
2 1155114
2 1223082
2 1273446
2 1191042
2 1313208
2 1174518
2 1273221
2 1316610
2 1260648
2 1295091
2 1232946
2 1223100
2 1301310
2 1265922
2 1176984
2 1009755
2 1242873
2 1174086
2 1349568
2 1266336
2 1329939
2 1347075
2 1211877
2 1228131
2 1194309
2 1332711
2 1309941
2 1393200
2 1258542
2 1404999
2 1398375
2 1288503
2 1316223
2 1008207
2 1330794
2 1295127
2 1193598
2 1313379
2 1087902
2 1347138
2 1317816
2 1262754
2 1359486
2 1272276
2 1394253
2 1185012
2 1282536
2 1239687
2 1220697
2 1303380
2 1243908
2 1229202
2 1122507
2 1350738
2 1352655
2 1291653
2 1249434
2 1254069
2 1294812
2 1372734
2 1213002
2 1203237
2 1313154
2 1342827
2 1277379
2 1141974
2 1308753
2 1281456
2 1338975
2 1269234
2 1328220
2 1193715
2 1389492
2 1219185
2 1034757
2 1396944
2 1132965
2 1360863
2 1356093
2 1265760
2 1263411
2 1362132
2 1185471
2 1351791
2 1230471
2 1317924
2 1221768
2 1298268
2 1273374
2 1076598
2 1241109
2 1238688
2 1327896
2 1323414
2 1357101
2 1308825
2 1192140
2 1179972
2 1288746
2 1155816
2 1218816
2 1275453
2 1075725
2 1145592
2 1299762
2 1272834
2 1330749
2 1303209
2 1292310
2 1214838
2 1259379
2 1135719
2 1360827
2 1241217
2 1320075
2 1051371
2 1348803
2 1268523
2 1356237
2 1361799
2 1383651
2 1095876
2 1387827
2 1342899
2 1244457
2 1265013
2 1279332
2 1362978
2 1177578
2 1380033
2 1228464
2 1308249
2 1122093
2 1382814
2 1306494
2 1304010
2 1281348
2 1200231
2 1205379
2 1317024
2 1301310
2 1317411
2 1242864
2 1377819
2 1161441
2 1154124
2 1303983
2 1275615
2 1412847
2 1317042
2 1277271
2 1235889
2 1330371
2 1248480
2 1279521
2 1209456
2 1233630
2 1377135
2 1213236
2 1307331
2 1318068
2 1274832
2 1396962
2 1365516
2 1196829
2 1251711
2 1339371
2 1228788
2 1353474
2 1308546
2 1254690
2 1278225
2 1224243
2 1185309
2 1355760
2 1225215
2 1404909
2 1150191
2 1313460
2 1261836
2 1290474
2 1255572
2 1325574
2 1193184
2 1268478
2 1313046
2 1108107
2 1308834
2 1365444
2 1247913
2 1311201
2 1109907
2 1275012
2 1361943
2 1256130
2 1321650
2 1169001
2 1315665
2 1131525
2 1287405
2 1299654
2 1376721
2 1300788
2 1373562
2 1299555
2 1316943
2 1319571
2 1297512
2 1314684
2 1232361
2 1306638
2 1266192
2 1300500
2 1216017
2 1175868
2 1084023
2 1254006
2 1190079
2 1323279
2 1229508
2 1286235
2 1185552
2 1218213
2 1342431
2 1294983
2 1244070
2 1348272
2 1343916
2 1289520
2 1324197
2 1183788
2 1196694
2 1249938
2 1314027
2 1338750
2 1379916
2 1303128
2 1230381
2 1232586
2 1345167
2 1375344
2 1166535
2 1292463
2 1269891
2 1140966
2 1298997
2 1208448
2 1280745
2 1140516
2 1141857
2 1359405
2 1203849
2 1240488
2 1294848
2 1247040
2 1386441
2 1352043
2 1230255
2 1253736
2 1232784
2 1341648
2 1302390
2 1302525
2 1151352
2 1318365
2 1396503
2 1224585
2 1142802
2 1393803
2 1400616
2 1351449
2 1313433
2 1314009
2 1356921
2 1346868
2 1293102
2 962955
2 1272285
2 1093950
2 1119240
2 1176084
2 1249263
2 1350234
2 1267245
2 1362222
2 1313379
2 1241010
2 1223505
2 1133199
2 1374066
2 1138608
2 1228410
2 1131435
2 1247481
2 1085886
2 1304649
2 1231524
2 1258569
2 1413792
2 1243575
2 1245546
2 1236762
2 1216764
2 1188864
2 1297719
2 1334925
2 1335060
2 1102770
2 1302516
2 1213785
2 1250730
2 1176156
2 1394028
2 1140903
2 1376109
2 1240227
2 1307268
2 1261071
2 1281978
2 1303002
2 1389429
2 1272933
2 1300581
2 1240848
2 1215234
2 1195155
2 1281609
2 1225269
2 1242459
2 1239111
2 1273464
2 1047159
2 1375929
2 1239372
2 1284039
2 1306287
2 1272798
2 1391427
2 1197171
2 1393398
2 1333998
2 1197009
2 1313586
2 1304091
2 1278567
2 1092636
2 1235655
2 1376946
2 1296693
2 1362762
2 1371474
2 1302291
2 1166292
2 1216215
2 1279881
2 1341189
2 1114497
2 1151028
2 1187118
2 1266768
2 1388385
2 1059057
2 1218384
2 1222542
2 1256364
2 1331325
2 1240731
2 1177740
2 1185003
2 1324368
2 1243026
2 1324413
2 1310994
2 1326951
2 1169028
2 1263564
2 1158813
2 1223874
2 1357938
2 1335195
2 1335663
2 1308195
2 1241829
2 1185372
2 1298403
2 1343835
2 1216818
2 1261467
2 1315242
2 1241703
2 1252980
2 1375272
2 1279395
2 1387971
2 1271052
2 1294488
2 1298790
2 1319400
2 1342575
2 1149030
2 1229652
2 1320777
2 1216764
2 1347561
2 1274931
2 1272645
2 946683
2 1336734
2 1376181
2 1290807
2 1236735
2 1375578
2 1211913
2 1066068
2 1120905
2 1131570
2 1274148
2 1147257
2 1407510
2 1241820
2 1231587
2 1008738
2 1359693
2 1275372
2 1323135
2 1355742
2 1286181
2 1232118
2 1316286
2 1360854
2 1324359
2 1213578
2 1234773
2 1303623
2 1130508
2 1253853
2 1273311
2 1254258
2 1246959
2 1221399
2 1336698
2 1108602
2 1353591
2 1315278
2 1239228
2 1348344
2 1164204
2 1395396
2 1184877
2 1285596
2 1357578
2 1267146
2 1375785
2 1236015
2 1239138
2 1274751
2 979668
2 1273590
2 1213488
2 1272429
2 1266273
2 1255725
2 1075734
2 1242351
2 1155816
2 1210599
2 1265112
2 1131345
2 1345311
2 1225746
2 1347228
2 1302138
2 1304649
2 1284318
2 1244115
2 1329606
2 1234377
2 1275993
2 1331640
2 1198440
2 1291860
2 1298349
2 1104606
2 1314990
2 1326726
2 1264680
2 1241496
2 1188918
2 1124082
2 1354941
2 1408869
2 1219257
2 1328499
2 1280322
2 1264176
2 1276812
2 1273716
2 1292490
2 1286388
2 1301121
2 1335123
2 1310220
2 1306377
2 1242666
2 1232730
2 1141524
2 1282131
2 1185930
2 1335654
2 1276848
2 1301688
2 1148877
2 1367712
2 1388430
2 1235070
2 1197207
2 1171161
2 1289430
2 1346031
2 1306530
2 1108179
2 1301148
2 1230660
2 1271583
2 1340514
2 1387719
2 1413981
2 1380465
2 1310895
2 1244862
2 1262124
2 1196838
2 1271538
2 1318590
2 1294407
2 1249605
2 1213443
2 1315314
2 1114209
2 1208799
2 1122426
2 1304352
2 1394856
2 1178451
2 1378089
2 1373841
2 1238598
2 1301670
2 1288998
2 1210176
2 1155087
2 1355499
2 1275138
2 1289178
2 1320210
2 1331856
2 1042551
2 1282941
2 1282698
2 1166994
2 1312641
2 1302264
2 1396917
2 1363023
2 1275282
2 1227978
2 1101906
2 1282374
2 1196442
2 1210914
2 1361529
2 1236276
2 1239201
2 1335114
2 1183554
2 1171962
2 1287333
2 1377378
2 1276497
2 1407285
2 1344420
2 1228923
2 1327014
2 1309581
2 1355355
2 1319328
2 1008378
2 1380303
2 1399617
2 1378152
2 1324791
2 1334349
2 1216125
2 1165050
2 1127223
2 1163556
2 1266273
2 1231029
2 1209951
2 1291563
2 1243413
2 1315485
2 1358253
2 1294461
2 1289844
2 1253457
2 1212246
2 1224549
2 1329273
2 1284237
2 1211427
2 1203030
2 1215540
2 1368054
2 1255131
2 1274904
2 1187559
2 1239858
2 1373085
2 1204209
2 1223415
2 1398843
2 1348929
2 1114830
2 1263294
2 1190052
2 1223676
2 1284201
2 1220211
2 1223190
2 1271538
2 1274616
2 1266498
2 1283589
2 1296081
2 1159722
2 1176696
2 1207134
2 1252521
2 1274157
2 1194255
2 1360071
2 1177344
2 1274652
2 1339461
2 1290906
2 1289061
2 1103967
2 1258614
2 1164024
2 1283229
2 1351161
2 1244448
2 1216458
2 1175823
2 1281645
2 1309752
2 1251063
2 1348758
2 1362285
2 1379565
2 1142703
2 1289277
2 1231641
2 1337796
2 1315908
2 1326411
2 1368045
2 1312344
2 1020600
2 1256373
2 1334934
2 1222200
2 1194750
2 1323720
2 1329300
2 1242189
2 1213200
2 1348884
2 1275624
2 1381275
2 1341486
2 1277433
2 1060596
2 1346553
2 1415106
2 1301427
2 1160028
2 1276353
2 1329084
2 1329174
2 1262547
2 1270188
2 1138905
2 1259208
2 1390851
2 1309122
2 1353231
2 1230174
2 1386315
2 1256373
2 1212714
2 1267254
2 1262025
2 1228266
2 1322226
2 1260819
2 1366641
2 1411992
2 1360809
2 1116774
2 1224099
2 1291536
2 1387602
2 1273131
2 1300131
2 1303587
2 1341027
2 1337670
2 1290816
2 1350441
2 1074951
2 1216656
2 1341882
2 1329255
2 1296819
2 1344978
2 1245564
2 1161729
2 997227
2 1326942
2 1340352
2 1250046
2 1331730
2 1337463
2 1329021
2 1198008
2 1257642
2 1297008
2 1398618
2 1397655
2 1334934
2 1348371
2 1099692
2 1256490
2 1264788
2 1326348
2 1186569
2 1293966
2 1122804
2 1248705
2 1299123
2 1292004
2 1383840
2 1336257
2 1216152
2 1276794
2 1343520
2 1237518
2 1243557
2 1341648
2 1196982
2 1197585
2 1235286
2 1308042
2 1312362
2 1251495
2 1320903
2 1280466
2 1288350
2 1303911
2 1379871
2 1386108
2 1378269
2 1404432
2 1263528
2 1207764
2 1253934
2 1403415
2 1377108
2 1105479
2 1170918
2 1367883
2 1210491
2 1221363
2 1258911
2 1248318
2 1247427
2 1225890
2 1260324
2 1330128
2 1291329
2 1308627
2 1226664
2 1219905
2 1336077
2 1295451
2 1105002
2 1361430
2 1157841
2 1362618
2 1299852
2 1362231
2 1300248
2 1247967
2 1321794
2 1318896
2 1335753
2 1379160
2 1317447
2 1236204
2 1324395
2 1042965
2 1287819
2 1345779
2 1378458
2 1287405
2 1344834
2 1246338
2 1346058
2 1231344
2 1321497
2 1270755
2 1173834
2 1269747
2 1284003
2 1193274
2 1276587
2 1247121
2 1321389
2 1295172
2 1278468
2 1217799
2 1282869
2 1392444
2 1256238
2 1067724
2 1157346
2 1323693
2 1372491
2 1247427
2 1260387
2 1240020
2 1165428
2 1392768
2 1118871
2 1201005
2 1197810
2 1311561
2 1120545
2 1377000
2 1270026
2 1387512
2 1140408
2 1226862
2 1337760
2 1366623
2 1231452
2 1186713
2 1106964
2 1367640
2 1269234
2 1356912
2 1354275
2 1133694
2 1383048
2 1325241
2 1235826
2 1305297
2 1339065
2 1371357
2 1180782
2 1265949
2 1383372
2 1327311
2 1341711
2 1106010
2 1213155
2 1239687
2 1282284
2 1405845
2 1174392
2 1116756
2 1325385
2 1327437
2 1372725
2 1332396
2 1054251
2 1324188
2 1125531
2 1227888
2 1288035
2 1281879
2 1090386
2 1262727
2 1328103
2 1349208
2 1342881
2 1206360
2 1052190
2 1193103
2 1208673
2 1258470
2 1275948
2 1352385
2 1314405
2 1348731
2 1234206
2 1211481
2 1292049
2 1259478
2 1122489
2 1236123
2 1200573
2 1224414
2 1320921
2 1329012
2 1365507
2 1223028
2 1354329
2 1398078
2 1370691
2 1324998
2 1190547
2 1131669
2 1272744
2 1328886
2 1284273
2 1321740
2 1208241
2 1281321
2 1282140
2 1386954
2 1211040
2 1273626
2 1196676
2 1082511
2 1364994
2 1278855
2 1300752
2 1314090
2 1336383
2 1408140
2 1242081
2 1318329
2 1059543
2 1222227
2 1277424
2 1256112
2 1112760
2 1358757
2 1343943
2 1376271
2 1388970
2 1180179
2 1304793
2 1380924
2 1174662
2 1270818
2 1089540
2 1255752
2 1164753
2 1368432
2 1268451
2 1359018
2 1352133
2 1116072
2 1258416
2 1179153
2 1200798
2 1306278
2 1087839
2 1287486
2 1054692
2 1333080
2 1252089
2 1352205
2 1323819
2 1315134
2 1371159
2 1348425
2 1090413
2 1332630
2 1333881
2 1309005
2 1204884
2 1229184
2 1109124
2 1175202
2 1111788
2 1299969
2 1324980
2 1344870
2 1262043
2 1087479
2 1125279
2 1190889
2 1319913
2 1323972
2 1345293
2 1256454
2 1341738
2 1266525
2 1128753
2 1217808
2 1102491
2 1237140
2 1259442
2 1278837
2 1098144
2 1328094
2 1248993
2 1294110
2 1298736
2 1146330
2 1188630
2 1283859
2 1193076
2 1193373
2 1369422
2 1053000
2 1333872
2 1311273
2 1268001
2 1334997
2 1247877
2 1391301
2 1337094
2 1172709
2 1293948
2 1329624
2 1236816
2 1255590
2 1252665
2 1370268
2 1297116
2 1322865
2 1403694
2 1360989
2 1315170
2 1266219
2 1261116
2 1284309
2 1158777
2 1220589
2 1225539
2 1152153
2 1085436
2 1322649
2 1382598
2 1404027
2 1295577
2 1315647
2 1347714
2 1301580
2 1208106
2 1042380
2 1319166
2 1033191
2 1267848
2 1373040
2 1368045
2 1108341
2 1345860
2 1320012
2 1276218
2 1102905
2 1326213
2 1368297
2 1383066
2 1375335
2 1357479
2 1361808
2 1193220
2 1243989
2 1152909
2 1358415
2 1342602
2 1320255
2 1357884
2 1304748
2 1329660
2 1142964
2 1302237
2 1311516
2 1065195
2 1315872
2 1339092
2 1196667
2 1243881
2 1261989
2 1299393
2 1335384
2 1208043
2 1367055
2 1280736
2 1327842
2 1243080
2 1333557
2 1223379
2 1267389
2 1287828
2 1109547
2 1219293
2 1242216
2 1272996
2 1339731
2 1191024
2 1277667
2 1230138
2 1317132
2 1135323
2 1245186
2 1280358
2 1295829
2 1314324
2 1365525
2 1348434
2 1016163
2 1304136
2 1307277
2 1256490
2 1397304
2 1225404
2 1130049
2 1361124
2 1343610
2 1217367
2 1201635
2 1298016
2 1266372
2 1374579
2 1213092
2 1134036
2 1325394
2 1288917
2 1256301
2 1331307
2 1345905
2 1131318
2 1287351
2 1313082
2 1330299
2 1404450
2 1315674
2 1289295
2 1201266
2 1125171
2 1240569
2 1073061
2 1282203
2 1364040
2 1034766
2 1364139
2 1065951
2 1334880
2 1295262
2 1228302
2 1145619
2 1358946
2 1220913
2 1347894
2 1163259
2 1300473
2 1271574
2 1083339
2 1249686
2 1366065
2 1223361
2 1268019
2 1293633
2 1233927
2 1309959
2 1408986
2 1180422
2 1328868
2 1351701
2 1255887
2 1078614
2 1228293
2 1179612
2 1320624
2 1107720
2 1135467
2 1158381
2 1206711
2 1329453
2 1258434
2 1282905
2 953811
2 1281402
2 1295100
2 1234620
2 1214730
2 1234512
2 1239966
2 1245465
2 1280349
2 1307169
2 1340766
2 1387683
2 1299510
2 1240866
2 1319247
2 1130472
2 1184778
2 1218186
2 1274877
2 1179207
2 1383759
2 1317843
2 1295253
2 1305225
2 1326816
2 1231470
2 1130031
2 1136358
2 1049400
2 1289007
2 1093275
2 1218384
2 1258479
2 1295811
2 1164573
2 1169910
2 1195020
2 1242936
2 1339128
2 1241937
2 1358172
2 1330380
2 1293849
2 1212156
2 1328076
2 1282545
2 1343592
2 1354365
2 1284327
2 1129779
2 1350747
2 1289781
2 1335321
2 1293741
2 1195092
2 1205154
2 1211814
2 1172007
2 1316745
2 1234170
2 1097235
2 1329948
2 1220355
2 1350837
2 1303038
2 1119888
2 1293345
2 1284516
2 1295334
2 1367658
2 1312173
2 1083771
2 1261485
2 1245150
2 1265454
2 1162296
2 1312650
2 1158696
2 1207422
2 1287963
2 1289439
2 1183878
2 1103814
2 1086255
2 1149615
2 1147905
2 1351899
2 1095273
2 1227816
2 1346553
2 1353627
2 1328589
2 1314000
2 1202571
2 1273896
2 1203867
2 1233378
2 1332972
2 1074951
2 1376604
2 1075914
2 1238274
2 1240389
2 1082016
2 1411434
2 1239174
2 1304505
2 1266579
2 1334007
2 1148076
2 1115856
2 1325367
2 1294227
2 1252521
2 1232100
2 1218231
2 1375956
2 1330146
2 1327194
2 1070811
2 1345581
2 1339830
2 1088586
2 1146771
2 1075410
2 1112283
2 1234683
2 1215549
2 1259946
2 1366533
2 1361601
2 1322478
2 1338894
2 1235754
2 1319049
2 1138185
2 1325016
2 1235925
2 1071855
2 1341558
2 1256544
2 1377387
2 1147554
2 1248705
2 1375227
2 1300392
2 1305891
2 1282662
2 1350126
2 1281816
2 1319328
2 1223730
2 1267857
2 1362978
2 1208610
2 1228248
2 1217214
2 1286163
2 1231578
2 1253655
2 1358703
2 1295685
2 1371924
2 1373337
2 1319553
2 1128492
2 1409265
2 1328202
2 1231299
2 1196622
2 1098549
2 1108872
2 1366524
2 1286901
2 1366884
2 1317375
2 1290555
2 1294245
2 1320021
2 1276560
2 1279917
2 1200834
2 1119285
2 1110411
2 1140381
2 1222497
2 1370475
2 1222434
2 1292706
2 1310850
2 1273545
2 1132794
2 1204542
2 1253826
2 1201356
2 1222641
2 1359252
2 1331352
2 1328868
2 1289421
2 1299177
2 1238940
2 1190448
2 1285119
2 1238715
2 1369251
2 1368594
2 1327230
2 1191339
2 1321983
2 1303938
2 1257399
2 1100826
2 1290024
2 1311570
2 1315953
2 1071477
2 1169757
2 1319742
2 1378863
2 1222380
2 1209357
2 1337562
2 1338345
2 1397106
2 1263654
2 1291293
2 1336509
2 1312596
2 1218798
2 1176885
2 1265634
2 1302408
2 1287657
2 1291842
2 1204785
2 1286001
2 1275075
2 1335879
2 1338858
2 1016100
2 1342692
2 1237275
2 1322136
2 1283256
2 1288881
2 1347273
2 1390590
2 1282005
2 1318644
2 1323135
2 1343043
2 1321920
2 1323468
2 1103463
2 1052883
2 1262934
2 1347723
2 1175841
2 1363887
2 1227150
2 1364031
2 1168902
2 1367784
2 1306044
2 1265688
2 1302165
2 1201068
2 1266336
2 1223208
2 1211085
2 1275372
2 1152603
2 1326348
2 1245528
2 1345923
2 1355661
2 1318086
2 1297323
2 1223334
2 1159992
2 1235493
2 1286271
2 1223451
2 1254438
2 1209114
2 1133748
2 1339803
2 1305477
2 1156824
2 1004490
2 1371636
2 1241172
2 1372509
2 1383561
2 1048473
2 1303641
2 1361988
2 1342800
2 1168884
2 1069857
2 1355301
2 1236708
2 1196424
2 1359603
2 1295532
2 1301589
2 1238436
2 1336212
2 1294164
2 1312245
2 1249290
2 1086696
2 1172529
2 1378611
2 1387638
2 1277271
2 1232793
2 1214919
2 1298997
2 1151181
2 1042479
2 1231398
2 1198161
2 1281762
2 1197990
2 1335285
2 1334331
2 1281312
2 1204920
2 1277622
2 1367244
2 1359414
2 1138635
2 1228014
2 1273572
2 1151334
2 1316547
2 1369341
2 1278450
2 1331217
2 1217169
2 1285659
2 1353546
2 1259973
2 1253340
2 1310418
2 1347048
2 1364625
2 1279098
2 1270152
2 1360629
2 1353177
2 1121751
2 1153962
2 1270827
2 1318410
2 1331559
2 1300959
2 1341711
2 1349352
2 1087767
2 1306863
2 1230165
2 1296171
2 1266066
2 1251900
2 1222839
2 1242972
2 1055691
2 996165
2 1230489
2 1208979
2 1168272
2 1279008
2 1240875
2 1288062
2 1243332
2 1314387
2 1260999
2 1079001
2 1299789
2 1368342
2 1237554
2 1242117
2 1296189
2 1231632
2 1367127
2 1346958
2 1267272
2 1320984
2 1256625
2 1412172
2 1379340
2 1407852
2 1356588
2 1398366
2 1187613
2 1364724
2 1295892
2 1200834
2 1266363
2 1155537
2 1356093
2 1284993
2 1336032
2 1330308
2 1342845
2 1340397
2 1193076
2 1273275
2 1287045
2 1350243
2 1129581
2 1251360
2 1289376
2 1308114
2 1270449
2 1374867
2 1277847
2 1215045
2 1314990
2 1273014
2 1171503
2 1337067
2 1273185
2 1087614
2 1290663
2 1300482
2 1370376
2 1187955
2 1257318
2 1277001
2 1132056
2 1257885
2 1353852
2 1340991
2 1380843
2 1299393
2 1289232
2 1335762
2 1344897
2 1169820
2 1215387
2 1213443
2 1195146
2 1182645
2 1287918
2 1409904
2 1302687
2 1278135
2 1255986
2 1273707
2 1306359
2 1272510
2 1289340
2 1129086
2 1315368
2 1166283
2 1309842
2 1206522
2 1353024
2 1308627
2 1236492
2 1176327
2 1156797
2 1291554
2 1268388
2 1211706
2 1235502
2 1362609
2 1284066
2 1192869
2 1365084
2 1304262
2 1309761
2 1209348
2 1328355
2 1395927
2 1216269
2 1273104
2 1174716
2 1336662
2 1263870
2 1216134
2 1106280
2 1164267
2 1141965
2 1292778
2 1286523
2 1314342
2 1272276
2 1276200
2 1290798
2 1328688
2 1395369
2 1107414
2 1216395
2 1364706
2 1339119
2 1306368
2 1385856
2 1196010
2 1286406
2 1333692
2 1177776
2 1407555
2 1345095
2 1330542
2 1138104
2 1379088
2 1244061
2 1319868
2 1325232
2 1284813
2 1273698
2 1360323
2 1335051
2 1353150
2 1276641
2 1234620
2 1332738
2 1337013
2 1296522
2 1264401
2 1288017
2 1264140
2 1347318
2 996372
2 1192185
2 1247031
2 1171953
2 1095048
2 1243593
2 1290699
2 1322613
2 1208169
2 1293912
2 1127214
2 1372788
2 1294335
2 1275822
2 1280691
2 1296288
2 1235070
2 1262970
2 1158075
2 1199817
2 1215486
2 1159551
2 1043964
2 1274697
2 1328985
2 1290834
2 1166238
2 1341351
2 1279701
2 1309410
2 1199025
2 1305936
2 1221453
2 974655
2 1081548
2 1320165
2 1349784
2 1336077
2 1213839
2 1271880
2 1182789
2 1091457
2 1177218
2 1235349
2 1262655
2 1169577
2 1253268
2 1269864
2 1370097
2 1371591
2 1127484
2 1121067
2 1299699
2 1307061
2 1402434
2 1225296
2 1240146
2 1205073
2 1275750
2 1166121
2 1034721
2 1302804
2 1078632
2 1353564
2 1269810
2 1226700
2 1360962
2 1348677
2 1307871
2 1241982
2 1270773
2 1149390
2 1378089
2 1341432
2 1095093
2 1330641
2 1323819
2 1253376
2 1059192
2 1304757
2 1317717
2 1379961
2 1341972
2 1186875
2 1271232
2 1304028
2 1340703
2 1325799
2 1224522
2 1333359
2 1281339
2 1235475
2 1277766
2 1234611
2 1344798
2 1152576
2 1366902
2 1342881
2 1362807
2 1168371
2 1320417
2 1366029
2 1277865
2 1083897
2 1297575
2 1044405
2 1295388
2 1360665
2 1300059
2 1163313
2 1258965
2 1029159
2 1239417
2 1346067
2 1269891
2 1226943
2 1049949
2 1289061
2 1271358
2 1354932
2 1300617
2 1331217
2 1314405
2 1340370
2 1346724
2 1204866
2 1327914
2 1364841
2 1282329
2 1290438
2 1285875
2 1266525
2 1305207
2 1325709
2 1268973
2 1361214
2 1238193
2 1295091
2 1366479
2 1270890
2 1169613
2 1397295
2 1317186
2 1218951
2 1199817
2 1209636
2 1311642
2 1257921
2 1261827
2 1168821
2 1362186
2 1229850
2 1225953
2 1271061
2 1359810
2 1343952
2 1369449
2 1355058
2 1107171
2 1305486
2 1248426
2 1277118
2 1271223
2 1332144
2 1211076
2 1308204
2 1302552
2 1248129
2 1375857
2 1103949
2 1335339
2 1297620
2 1338084
2 1246311
2 1259514
2 1347390
2 1367469
2 1379124
2 1209861
2 1250388
2 1134549
2 1263564
2 1364229
2 1252053
2 1320984
2 994230
2 1208655
2 1141128
2 1302066
2 1193175
2 1213920
2 1073592
2 1136853
2 1172394
2 1284615
2 1339785
2 1298745
2 1319562
2 1319535
2 1346436
2 965727
2 1220373
2 1174878
2 1269549
2 1320993
2 1306467
2 1282158
2 1245843
2 1085877
2 1242639
2 1176687
2 1191690
2 1311210
2 1323270
2 1344087
2 1289655
2 1341891
2 1269189
2 1364265
2 1302363
2 1240047
2 1286064
2 1140696
2 1330578
2 1390257
2 996975
2 1318896
2 1283886
2 1336644
2 1232649
2 1267299
2 1216908
2 1272213
2 1362897
2 1324611
2 1256085
2 1177605
2 1268037
2 1279863
2 1248462
2 1279404
2 1226439
2 1346715
2 1288926
2 1043379
2 1210806
2 1385487
2 1262214
2 1325916
2 1258209
2 1332558
2 1211589
2 1256895
2 1205073
2 1293795
2 1222326
2 1248066
2 1082691
2 1312335
2 1341504
2 1231677
2 1175814
2 1183212
2 1314855
2 1224225
2 1094058
2 1200294
2 1261476
2 972945
2 1163043
2 1234404
2 1266147
2 1252728
2 1196541
2 1238211
2 1034604
2 1100403
2 1408176
2 1358262
2 1267659
2 1266750
2 1289754
2 1200447
2 1315782
2 1340613
2 1270602
2 1132587
2 1324062
2 1354968
2 1390851
2 1251810
2 1189764
2 1300581
2 1299321
2 1151847
2 1074744
2 1364940
2 1233990
2 1263267
2 1305342
2 1140669
2 1209609
2 1301211
2 1169010
2 1097991
2 1184607
2 1328013
2 1209888
2 1396845
2 1227816
2 1346760
2 1266300
2 1258164
2 1087407
2 1247130
2 1291356
2 1317087
2 1230525
2 1368801
2 1243791
2 1253565
2 1220643
2 1290366
2 1281042
2 1284768
2 1361106
2 1298628
2 1195524
2 1080405
2 1271979
2 1318581
2 1248444
2 1248984
2 1058616
2 1273977
2 1219869
2 1238517
2 1321551
2 1321488
2 1378476
2 1374165
2 1336617
2 1384641
2 1274148
2 1368279
2 1313622
2 1196640
2 1131264
2 1388322
2 1299609
2 1282797
2 1178199
2 1264734
2 1361304
2 1188684
2 1243134
2 1097136
2 1248651
2 1261413
2 1219851
2 1073934
2 1196622
2 1033749
2 1298052
2 1395153
2 1206189
2 1224027
2 1237392
2 1299114
2 1330497
2 1286100
2 1227060
2 1292868
2 1226241
2 1201428
2 1325214
2 1297377
2 1304820
2 1380825
2 1292148
2 1270143
2 1253943
2 1359819
2 1009620
2 1129023
2 1112904
2 1396161
2 1302525
2 1281546
2 1294722
2 1164456
2 1317699
2 1327500
2 1214415
2 1319184
2 1378395
2 1299564
2 1378854
2 1333134
2 1180548
2 1208601
2 1288314
2 1328562
2 1337022
2 1331496
2 1354698
2 1155213
2 1200321
2 1284408
2 1353150
2 1247202
2 1319571
2 1277937
2 1309257
2 1336689
2 1242639
2 1225998
2 1264932
2 1321803
2 1291365
2 1314927
2 1351782
2 1141875
2 1369170
2 1380987
2 1080567
2 1366452
2 1118133
2 1312434
2 1309023
2 1268361
2 1153665
2 1238193
2 1292607
2 1319490
2 1290429
2 1156437
2 1133856
2 1257831
2 1363941
2 1290024
2 1220328
2 1246329
2 1221327
2 1359594
2 1363374
2 1252566
2 1298547
2 1288242
2 1213317
2 1298790
2 1263006
2 1368945
2 1346715
2 1234134
2 1238751
2 1219050
2 1268955
2 1414539
2 1132902
2 1218060
2 1237563
2 1282086
2 1341837
2 1214226
2 1374327
2 1313775
2 1136961
2 1103679
2 1257939
2 1353690
2 1176678
2 1304955
2 1273770
2 1120770
2 1309671
2 1280736
2 1331676
2 1353600
2 1341000
2 1195128
2 1228446
2 1236564
2 1087164
2 1300257
2 1275444
2 1330749
2 1224342
2 1272699
2 1212183
2 1318185
2 1247895
2 1332612
2 1355625
2 1356822
2 1053009
2 1287801
2 1238454
2 1306755
2 1203849
2 1277460
2 1296540
2 1263825
2 1312335
2 1258965
2 1237770
2 1351080
2 1405611
2 1230048
2 1226583
2 1260459
2 1338066
2 1387485
2 1289781
2 1180944
2 1309212
2 1363284
2 1319373
2 1292895
2 1289196
2 1114263
2 1201824
2 1262466
2 1256166
2 1032291
2 1070388
2 1359441
2 1306098
2 1258767
2 1289907
2 1287774
2 1279989
2 1397088
2 1301058
2 1148067
2 1214523
2 1225341
2 1349964
2 1203408
2 1260018
2 1163151
2 1200816
2 1359117
2 1141740
2 1357947
2 1301715
2 1340838
2 1384218
2 1346229
2 1304559
2 1288431
2 1247661
2 1210095
2 1179270
2 1271421
2 1285056
2 1208115
2 1109475
2 1350855
2 1344114
2 1369332
2 1176930
2 1151703
2 1344546
2 1324368
2 1364814
2 1279602
2 1275147
2 1201878
2 1154835
2 1254303
2 1243485
2 1285983
2 1342881
2 1327221
2 1243494
2 1180980
2 1237320
2 1270674
2 1382355
2 1176804
2 1204272
2 1292355
2 1208016
2 1245447
2 1317285
2 1201896
2 1282905
2 1231929
2 1207566
2 1333548
2 1125216
2 1347057
2 1365165
2 1309383
2 1153296
2 1371843
2 1349496
2 1333584
2 1292418
2 1276110
2 1240605
2 1303155
2 1342611
2 1389627
2 1349037
2 1359216
2 1357704
2 1369638
2 1204803
2 1208394
2 1305828
2 1190745
2 1367109
2 1343988
2 1336275
2 1289682
2 1205109
2 1309599
2 1351206
2 1219122
2 1164447
2 1275363
2 1251441
2 1306431
2 1066932
2 1033911
2 1409571
2 1341981
2 1321479
2 1215450
2 1253529
2 1290969
2 997758
2 1329939
2 1227150
2 1152900
2 1242855
2 1211274
2 1299501
2 1082349
2 1304280
2 1136664
2 1173105
2 1313820
2 1398087
2 1279593
2 1325871
2 1389807
2 1086147
2 1308555
2 1308204
2 1351764
2 1337256
2 1283076
2 1335600
2 1365228
2 1238481
2 1314270
2 1320372
2 1393794
2 1247148
2 1300806
2 1251171
2 1182843
2 1297062
2 1385694
2 1321812
2 1259280
2 1329021
2 1212300
2 1258227
2 1379691
2 1298709
2 1226286
2 1309446
2 1296540
2 1294992
2 1207989
2 1398195
2 1074879
2 1276218
2 1209663
2 1291815
2 1265067
2 1290240
2 1362483
2 1177182
2 1354689
2 1274337
2 1316349
2 1309743
2 1296108
2 1392399
2 1270773
2 1227294
2 1349721
2 1178712
2 1363761
2 1193238
2 1377801
2 1250703
2 1202148
2 1160028
2 1263096
2 1247778
2 1268946
2 1207305
2 1349163
2 1314792
2 1321794
2 1279521
2 1269027
2 1307061
2 1310193
2 1285101
2 1249884
2 1333575
2 1181061
2 1328841
2 1240938
2 1214289
2 1253448
2 1166805
2 1317249
2 1310598
2 1199781
2 1189863
2 1358109
2 1321983
2 1293480
2 1304118
2 1338876
2 1286775
2 1139616
2 1363203
2 1355805
2 1248705
2 1318581
2 1386783
2 1141272
2 1065114
2 1323216
2 1369728
2 1167084
2 1349406
2 1204659
2 1366371
2 1343673
2 1234143
2 1252323
2 1319949
2 1257300
2 1230021
2 1146060
2 1104768
2 1341864
2 1345824
2 1199358
2 1256508
2 1292553
2 1355742
2 1187127
2 1264635
2 1229922
2 1283355
2 1311102
2 1161261
2 1344096
2 1344105
2 1279773
2 1268730
2 1332756
2 1004895
2 1350207
2 1214424
2 1136781
2 1367766
2 1356300
2 1276569
2 1113372
2 1210383
2 1259496
2 1127349
2 1198215
2 1314981
2 1244250
2 1331739
2 1170702
2 1392705
2 1330101
2 1343601
2 1186569
2 1305018
2 1303740
2 1070802
2 1250550
2 1322883
2 1286091
2 1300230
2 1363041
2 1274319
2 1162215
2 1329345
2 1297017
2 1157418
2 1257120
2 1330992
2 1341945
2 1240155
2 1282446
2 1126260
2 1372635
2 1291374
2 1248201
2 1259937
2 1365597
2 1217781
2 1329462
2 1271862
2 1279260
2 1290141
2 1163745
2 1360341
2 1365606
2 1068048
2 1257678
2 1337661
2 1290510
2 1323333
2 1363797
2 1268856
2 1327005
2 1328940
2 1290816
2 1316016
2 1223676
2 1395711
2 1369674
2 1261692
2 1316547
2 1181538
2 1344915
2 1360170
2 1249911
2 1233234
2 1260567
2 1196838
2 1340082
2 1281645
2 1287432
2 1314819
2 1311984
2 1325088
2 1372050
2 1344645
2 1340820
2 1355229
2 1344258
2 1193472
2 1379547
2 1299168
2 1337571
2 1357425
2 1316430
2 1214658
2 1366929
2 1287612
2 1213389
2 1291608
2 1105794
2 1400580
2 1356444
2 1319382
2 1337139
2 1230552
2 1255581
2 1384002
2 1299942
2 1269612
2 1156086
2 1296414
2 1345473
2 1301634
2 1215720
2 1206216
2 1163925
2 1211094
2 1292373
2 1156239
2 1188990
2 1333296
2 1331505
2 1175157
2 1396971
2 1328274
2 1178154
2 1246617
2 1337103
2 1347714
2 1402947
2 1305225
2 1124622
2 1254015
2 1266624
2 1236573
2 1109079
2 1299663
2 1274391
2 1317996
2 1301922
2 1201536
2 1237491
2 1354977
2 1232703
2 1236492
2 1272564
2 1286235
2 1307853
2 1235898
2 1279323
2 1164834
2 1268514
2 1177335
2 1078092
2 1333179
2 1154034
2 1328337
2 1149102
2 1279026
2 1290069
2 1329453
2 1378224
2 1375632
2 1399968
2 1326456
2 1381950
2 1165752
2 1250010
2 1157076
2 1220544
2 1196487
2 1349847
2 1295667
2 1280574
2 1119609
2 1285263
2 1229112
2 1271835
2 1147689
2 1233522
2 1318590
2 1320354
2 1219626
2 1305027
2 1337967
2 1346445
2 1144314
2 1183185
2 1171278
2 1279413
2 1194480
2 1278549
2 1181853
2 1365030
2 1357911
2 1297881
2 1188000
2 1267641
2 1274859
2 1308519
2 1405890
2 1392822
2 1318734
2 1187055
2 1223685
2 1072557
2 1266786
2 1229652
2 1393677
2 1402101
2 1258893
2 1135953
2 1318320
2 1310076
2 1269432
2 1317753
2 1263924
2 1375011
2 1284021
2 1254627
2 1154430
2 1222542
2 1298133
2 1333260
2 1094022
2 1280835
2 1270035
2 1380843
2 1364985
2 1235313
2 1388439
2 1268055
2 1251414
2 1297629
2 1128357
2 1328436
2 1381842
2 1352997
2 1207152
2 1378035
2 1303254
2 1096605
2 1319616
2 1176228
2 1348785
2 1251261
2 1282842
2 1300608
2 1340505
2 1298088
2 1036116
2 1166967
2 1259217
2 1398582
2 1240056
2 1302462
2 1107450
2 1278360
2 1311327
2 1151748
2 1324746
2 1410840
2 1249758
2 1115955
2 1248822
2 1362771
2 1254159
2 1297890
2 1277064
2 1183446
2 1398231
2 1317663
2 1201293
2 1213479
2 1217547
2 1297098
2 1294425
2 1216683
2 1101339
2 1413207
2 1203453
2 1375020
2 1341513
2 1198836
2 1403505
2 1365894
2 1350315
2 1195722
2 1344114
2 1339002
2 1225071
2 1320381
2 1288071
2 1360404
2 1298268
2 1389141
2 1197873
2 1380402
2 1129617
2 1349199
2 1209159
2 1172925
2 1280637
2 1079784
2 1375119
2 1252854
2 1123119
2 1315674
2 1276155
2 1191789
2 1400400
2 1228527
2 1016487
2 1315800
2 1194021
2 1313046
2 1375002
2 1273167
2 1258146
2 1333395
2 1184346
2 1378953
2 1100520
2 1254042
2 1278585
2 1272483
2 1118394
2 1266390
2 1223865
2 1341216
2 991224
2 1268973
2 1292886
2 1288251
2 1253610
2 1243332
2 1345725
2 1265715
2 1381059
2 1301283
2 1293282
2 1285740
2 1230039
2 1133424
2 1097955
2 1415295
2 1342386
2 1350936
2 1275525
2 1342872
2 1282275
2 1319859
2 1385721
2 1357992
2 1360143
2 1380690
2 1272888
2 1077813
2 1238337
2 1395054
2 1360620
2 1095921
2 1341171
2 1335195
2 1367226
2 1327131
2 1162116
2 1266552
2 1339065
2 1273635
2 1279647
2 1322748
2 1282725
2 1315116
2 1395522
2 1264905
2 1396566
2 1335321
2 1294425
2 1234233
2 1348380
2 1307466
2 1390428
2 1292715
2 1242468
2 1127484
2 1174176
2 1282626
2 1123614
2 1276398
2 1293129
2 1324827
2 1300068
2 1220004
2 1235394
2 1190187
2 1159677
2 1115541
2 1317843
2 1394568
2 1290645
2 1213470
2 1205811
2 1220148
2 1247382
2 1106325
2 1297188
2 1130436
2 1058976
2 1280520
2 1309347
2 1335249
2 1139436
2 1284093
2 1169622
2 1216044
2 1167030
2 1244511
2 1234701
2 1236330
2 1239210
2 1330785
2 1350567
2 1363815
2 1221057
2 1337427
2 1078947
2 1284849
2 1253178
2 1354410
2 1309077
2 1368657
2 1290096
2 1310688
2 1267641
2 1413900
2 1244385
2 1226907
2 1359567
2 1186830
2 1117728
2 1168641
2 1365345
2 1349010
2 1286874
2 1134369
2 1204137
2 1363194
2 1320912
2 1360368
2 1374723
2 1323990
2 1264041
2 1179126
2 1173366
2 1231659
2 1386279
2 1230795
2 1225566
2 1363500
2 1221633
2 1230939
2 1236636
2 1230264
2 1352457
2 1389879
2 1088541
2 1140570
2 1261926
2 1132200
2 1261404
2 1303740
2 1210302
2 1287693
2 1247994
2 1359621
2 1093311
2 1313217
2 1243422
2 1338930
2 1342485
2 1295505
2 1181196
2 1348542
2 1286739
2 1286388
2 1263249
2 1231191
2 1392111
2 1251747
2 1376415
2 1264464
2 1307745
2 1281636
2 1369449
2 1244457
2 1316997
2 1308510
2 1340910
2 1302183
2 1220922
2 1123047
2 1202418
2 1050525
2 1309113
2 1367118
2 1269855
2 1297647
2 1300041
2 1011033
2 1369485
2 1225215
2 1401426
2 1231155
2 1381464
2 1321281
2 1070469
2 1362402
2 1357047
2 1306575
2 1063944
2 1305720
2 987777
2 1216359
2 1361853
2 1266606
2 1280529
2 1358775
2 1260603
2 1304478
2 1386216
2 1295802
2 1295208
2 1411218
2 1334844
2 1327734
2 1350315
2 1308690
2 1327725
2 1311912
2 1251747
2 1387530
2 1235349
2 1095579
2 1185795
2 1311669
2 1358820
2 1275129
2 1198593
2 1383399
2 1141065
2 1276983
2 1254177
2 1333728
2 1243548
2 1258137
2 1178415
2 1325547
2 1293156
2 1255311
2 1214784
2 1311192
2 1373472
2 1039824
2 1210356
2 1192374
2 1341837
2 1223469
2 1337913
2 1332126
2 1283553
2 1157886
2 1184805
2 1024092
2 1323261
2 1361250
2 1099035
2 1250064
2 1155528
2 1301634
2 1258641
2 1280916
2 1220382
2 1312884
2 1286622
2 1271034
2 1294560
2 1404585
2 1304127
2 1385631
2 1099989
2 1259577
2 1338912
2 1304118
2 1385235
2 1204569
2 1230102
2 1370835
2 1144368
2 1302291
2 1241820
2 1196766
2 1311417
2 1329930
2 1265805
2 1219851
2 1189647
2 1396791
2 1256013
2 1220580
2 1235232
2 1357236
2 1362060
2 1259523
2 1269549
2 1341513
2 1224288
2 1347876
2 1187640
2 1224891
2 1390014
2 1335825
2 1097739
2 1296675
2 1224405
2 1274229
2 1150137
2 1332450
2 1340712
2 1322010
2 1194183
2 1092033
2 1288737
2 1327203
2 1027620
2 1230723
2 1267704
2 1350576
2 1111995
2 1379889
2 1296351
2 1277901
2 1003266
2 1383984
2 1256355
2 1284381
2 1370106
2 1360638
2 1231047
2 1312542
2 1258758
2 1326402
2 1285866
2 1261980
2 1217286
2 1223802
2 1335231
2 1381896
2 1315998
2 1226052
2 1032822
2 1211112
2 1385748
2 1180251
2 1256058
2 1315314
2 1235637
2 1340100
2 1203498
2 1282428
2 1353537
2 1333071
2 1226286
2 1287378
2 1365156
2 1244106
2 1254753
2 1186371
2 1260036
2 1184283
2 1339533
2 1330011
2 1277631
2 1388232
2 1202706
2 1228779
2 1364904
2 1253997
2 1225530
2 1332756
2 1318473
2 1281672
2 1174959
2 1263870
2 1284831
2 1349289
2 1325394
2 1238040
2 1395648
2 1207485
2 1279242
2 1256418
2 1324845
2 1126215
2 1232127
2 1321740
2 1214595
2 1263060
2 1189575
2 1303074
2 1061919
2 1367730
2 1312659
2 1155024
2 1357578
2 1274283
2 1299168
2 1284543
2 1279476
2 1277757
2 1255482
2 1344852
2 1340523
2 1063386
2 1264968
2 1267911
2 1181439
2 1212048
2 1233297
2 1213830
2 1278450
2 1342269
2 1253187
2 1077453
2 1367361
2 1297287
2 1344573
2 1261008
2 1285992
2 1283724
2 1274769
2 1275579
2 1285389
2 1349073
2 1256040
2 1209717
2 1287468
2 1371744
2 1063917
2 1191996
2 1190871
2 1361097
2 1207035
2 1247193
2 1308105
2 1256220
2 1340532
2 1405575
2 1263186
2 1165428
2 1216080
2 1286091
2 1304568
2 1108935
2 1270593
2 1294551
2 1370790
2 1324323
2 1148409
2 1243656
2 1383102
2 1252044
2 1239813
2 1344879
2 1372995
2 1309014
2 1414935
2 1350972
2 1313370
2 1301517
2 1406061
2 1342125
2 1321308
2 1277127
2 1273410
2 1315377
2 1302561
2 1349388
2 1038744
2 1230813
2 1299357
2 1306260
2 1288296
2 1253745
2 1328085
2 1293336
2 1358685
2 1318932
2 1242747
2 1357722
2 1331352
2 1257579
2 1274553
2 1292247
2 1344492
2 1309833
2 1190025
2 1406016
2 1224657
2 1262259
2 1145142
2 1233360
2 1388376
2 1255410
2 1253025
2 1175481
2 1302291
2 1387476
2 1360503
2 1356345
2 1296594
2 1224927
2 1138176
2 1217718
2 1327428
2 1192149
2 1293930
2 1208457
2 1406700
2 1176021
2 1012266
2 1396935
2 1165608
2 1273581
2 1259739
2 1277343
2 1191033
2 1210131
2 1191339
2 1365057
2 1127079
2 1325115
2 1260864
2 1178640
2 1290357
2 1311264
2 1302255
2 1384506
2 1281186
2 1183203
2 1253367
2 1302003
2 1192104
2 1275579
2 1183500
2 1203651
2 1337508
2 1360773
2 1277964
2 1356831
2 1312578
2 1172304
2 1259415
2 1300851
2 1140012
2 1319211
2 1317483
2 1311921
2 1183653
2 1233000
2 1324998
2 1360179
2 1342440
2 1240857
2 1269234
2 1352439
2 1358766
2 1392165
2 1043739
2 1300968
2 1145385
2 1334871
2 1221435
2 1343988
2 1290402
2 1289817
2 1162161
2 1372284
2 1305747
2 1234944
2 1198107
2 1306206
2 1204038
2 1243494
2 1344411
2 1346103
2 1357317
2 1377711
2 1372329
2 1108377
2 1131462
2 1267713
2 1157166
2 1322829
2 1362249
2 1184229
2 1256769
2 1334484
2 1325277
2 1362114
2 1254429
2 1261899
2 1308537
2 1300743
2 1326078
2 1329192
2 1283823
2 1256004
2 1348137
2 1350963
2 1202571
2 1213362
2 1257840
2 1275138
2 1084356
2 1370970
2 1241433
2 1214766
2 1379052
2 1324017
2 1139292
2 1367109
2 1153548
2 1328076
2 1379565
2 1122804
2 1145241
2 1290159
2 1280277
2 1288305
2 1156581
2 1332045
2 1364184
2 1170558
2 1334286
2 1351593
2 1317870
2 1297728
2 1348551
2 1379160
2 1149129
2 1152306
2 1281951
2 1225098
2 1211508
2 1402974
2 1272996
2 1405278
2 1274967
2 1270575
2 1293507
2 1335240
2 1318500
2 1248894
2 1262133
2 1304082
2 1128843
2 1069362
2 1266192
2 1349784
2 1289178
2 1299411
2 1153980
2 1280547
2 1180125
2 1283166
2 1317186
2 1298259
2 1409715
2 1330740
2 1348335
2 1221939
2 1342881
2 1258119
2 1180404
2 1353735
2 1275192
2 1259991
2 1185273
2 1374912
2 1365624
2 1139868
2 1344339
2 1345221
2 1354923
2 1166301
2 1310202
2 1332918
2 1253601
2 1275714
2 1353186
2 1051011
2 1071882
2 1398618
2 1196271
2 1261575
2 1298349
2 1280124
2 1289700
2 1260459
2 1307187
2 1155051
2 1360188
2 1185822
2 1374795
2 1278459
2 1266939
2 1250199
2 1280925
2 1061361
2 1210581
2 1215702
2 1316124
2 1261098
2 1274598
2 1360827
2 1332234
2 1229589
2 1351395
2 1057140
2 1305036
2 1086219
2 1354608
2 1099818
2 1267380
2 1350162
2 1302237
2 1288044
2 1280718
2 1232577
2 1323720
2 1077129
2 1331514
2 1251729
2 1059237
2 1166499
2 1183554
2 1240416
2 1306485
2 1219149
2 1274994
2 1202004
2 1357596
2 1204515
2 1246932
2 1244808
2 1289151
2 1114299
2 1254465
2 1286685
2 1256643
2 1088127
2 1354050
2 1235142
2 1232550
2 1314648
2 1247436
2 1353213
2 1304469
2 1312515
2 1231650
2 1262907
2 1345689
2 1242972
2 1255095
2 1305261
2 1218969
2 1341765
2 1345401
2 1263834
2 1360953
2 1266678
2 1275570
2 1256139
2 1332027
2 1290213
2 1238328
2 1307970
2 1339947
2 1279818
2 1178127
2 1324620
2 1346625
2 1320957
2 1302354
2 1308456
2 1235403
2 1353582
2 1235250
2 1258164
2 1090737
2 1355724
2 1177497
2 1391931
2 1223181
2 1236897
2 1298844
2 1302732
2 1360368
2 1331577
2 1346796
2 1121211
2 1338192
2 1360332
2 1308105
2 1174545
2 1173834
2 1303704
2 1204038
2 1200708
2 1206576
2 1276011
2 1365354
2 1334781
2 1007172
2 1315413
2 1247481
2 1334142
2 1301994
2 1232622
2 1266975
2 1059111
2 1370745
2 1132767
2 1355805
2 1245771
2 1001817
2 1373220
2 1291707
2 1277307
2 1278963
2 1252809
2 1307502
2 1338309
2 1365444
2 1281924
2 1295109
2 1393227
2 1228806
2 1296477
2 1105254
2 1327716
2 1269279
2 1228194
2 1320768
2 1250127
2 1273113
2 1346544
2 1080378
2 1216125
2 1224756
2 1286649
2 1222983
2 1108350
2 1260801
2 1031733
2 1238022
2 1267839
2 1408779
2 1132830
2 1070388
2 1263681
2 1255383
2 1184958
2 1231938
2 1295640
2 1235142
2 1197333
2 1372977
2 1203120
2 1250622
2 1303695
2 1265805
2 1086588
2 1333692
2 1331379
2 1323036
2 1159803
2 1309869
2 1300842
2 1280106
2 1257264
2 1404621
2 1372977
2 1349163
2 1240146
2 1317222
2 1298034
2 1274382
2 1041471
2 1228068
2 1363428
2 1252980
2 1198116
2 1224468
2 1349820
2 1198080
2 1284615
2 1144836
2 1241082
2 1285182
2 1183626
2 1248714
2 1191672
2 1303038
2 1240011
2 1302165
2 1236303
2 1209762
2 1261701
2 1219392
2 1271016
2 1299969
2 1244043
2 1316421
2 1218537
2 1175292
2 1311552
2 1162881
2 1199709
2 1351287
2 1091286
2 1211508
2 1344564
2 1366416
2 1400445
2 1379160
2 1169550
2 1340640
2 1156167
2 1347957
2 1324971
2 1391013
2 1270494
2 1172619
2 1091781
2 1274229
2 1296450
2 1371357
2 1286073
2 1223217
2 1359072
2 1255680
2 1346274
2 1237041
2 1311579
2 1198692
2 1282860
2 1387872
2 1289718
2 1397169
2 1300635
2 1357506
2 1217241
2 1194435
2 1139337
2 1202040
2 1228554
2 1372662
2 1182492
2 1322226
2 1358478
2 1323567
2 1204407
2 1087794
2 1099503
2 1396926
2 1359828
2 1374579
2 1295199
2 1323315
2 1103184
2 1041345
2 1294758
2 1200141
2 1287801
2 1258983
2 1097766
2 1397952
2 1295289
2 1269531
2 1320462
2 1383831
2 1249191
2 1278099
2 1363428
2 1364301
2 1316790
2 1291059
2 1304289
2 1300518
2 1260405
2 1313865
2 1238292
2 1283121
2 1278252
2 1301346
2 1253898
2 1197540
2 1281861
2 1200105
2 1293048
2 1296378
2 1207116
2 1241307
2 1291230
2 1255023
2 1145466
2 1103067
2 1382805
2 1173888
2 1261737
2 1207206
2 1070667
2 1171143
2 1311273
2 1145367
2 1374453
2 1327284
2 1270971
2 1166742
2 1059426
2 1160325
2 1347849
2 1363950
2 1232559
2 1229481
2 1337823
2 1345914
2 1281960
2 1149840
2 1205730
2 1359207
2 1308024
2 1350198
2 1147905
2 1139814
2 1247355
2 1147212
2 1117296
2 1362564
2 1323648
2 1310616
2 1314621
2 1261773
2 1255707
2 1289268
2 1250865
2 1224090
2 1365129
2 1105236
2 1186173
2 1256652
2 1257048
2 1340352
2 1141371
2 1317195
2 1284138
2 1324305
2 1254573
2 1396746
2 1345635
2 1363248
2 1240092
2 1329075
2 1388340
2 1193391
2 1134459
2 1254015
2 1167759
2 1287702
2 1364166
2 1376577
2 1356750
2 1247229
2 1083465
2 1308672
2 1302498
2 1252224
2 1271925
2 1284291
2 1246293
2 1113039
2 1324404
2 1203327
2 1325970
2 1323315
2 1241748
2 1185876
2 1232199
2 1298169
2 1216476
2 1315233
2 1275741
2 1320273
2 1169037
2 1154268
2 1291824
2 1121877
2 1172475
2 1260198
2 1237941
2 1258425
2 1202355
2 1394604
2 1115712
2 1312749
2 1205397
2 1271106
2 1363104
2 1275732
2 1129185
2 1200879
2 1315269
2 1250865
2 1365300
2 1182429
2 1403046
2 1318356
2 1350342
2 1372995
2 1216818
2 1267812
2 1272177
2 1371672
2 1290375
2 1258704
2 1387818
2 1247211
2 1166598
2 1229436
2 1322001
2 1328031
2 1297620
2 1320894
2 1239426
2 1265274
2 1352943
2 1402578
2 1315359
2 1368009
2 1108350
2 1324386
2 1275012
2 1251729
2 1296162
2 1300194
2 1351305
2 1336527
2 1311570
2 1169415
2 1210302
2 1242324
2 1270890
2 1261971
2 1280448
2 1117566
2 1208826
2 1317717
2 1202886
2 1325601
2 1125666
2 1397403
2 1325880
2 1274661
2 1285812
2 1266057
2 1307844
2 1223838
2 1265931
2 1281969
2 1225701
2 1347588
2 1360125
2 1308483
2 1210410
2 1343115
2 1163052
2 1316745
2 1275930
2 1362555
2 1361313
2 1301094
2 1224270
2 1318770
2 1291950
2 1164249
2 1276587
2 1212867
2 1375542
2 1210239
2 1347030
2 1343511
2 1369458
2 1152441
2 1301760
2 1402398
2 1317996
2 1371726
2 1238688
2 1339407
2 1254258
2 1387638
2 1133937
2 1312263
2 1265427
2 1343772
2 1213020
2 1232154
2 1072998
2 1351134
2 1279485
2 1295622
2 1375227
2 1069344
2 1263420
2 1118844
2 1305981
2 1263312
2 1303533
2 1304118
2 1113282
2 1331847
2 1113588
2 1288449
2 1339038
2 1302381
2 1242459
2 1291761
2 1156941
2 1314558
2 1386828
2 1286262
2 1290573
2 1379340
2 1270881
2 1389159
2 1093887
2 1245384
2 1293966
2 1328814
2 1387422
2 1276866
2 1157562
2 1309959
2 1322820
2 1283850
2 1209753
2 1325232
2 1220553
2 1254717
2 1149336
2 1297494
2 1220697
2 1299474
2 1231164
2 1300329
2 1385613
2 1297998
2 1365795
2 1016289
2 1331568
2 1311039
2 1198701
2 1348065
2 1323819
2 1298637
2 1384191
2 1170036
2 1357956
2 1361673
2 1360062
2 1258587
2 1232523
2 1303047
2 1359711
2 1328067
2 1274148
2 1306071
2 1331217
2 1262637
2 1290762
2 1402137
2 1397583
2 1213155
2 1307538
2 1352187
2 1106298
2 1147707
2 1262655
2 1269603
2 1342107
2 1294353
2 1340001
2 1161909
2 1023048
2 1310490
2 1049490
2 1171530
2 1308069
2 1198755
2 1310832
2 1332396
2 1171746
2 1120770
2 1283922
2 1349793
2 1284660
2 1214937
2 1294398
2 1203597
2 1369566
2 1189152
2 1297305
2 1219050
2 1194786
2 1173798
2 1237590
2 1268523
2 1208430
2 1179702
2 1251810
2 1358550
2 1320966
2 1338192
2 1261791
2 1107900
2 1273248
2 1249506
2 1280511
2 1260063
2 1240785
2 1365894
2 1215468
2 1269432
2 1303119
2 1357497
2 1250145
2 1241073
2 1226799
2 1175022
2 1197567
2 1109241
2 1101780
2 1178829
2 1263105
2 991260
2 1338741
2 1274652
2 1388070
2 1314207
2 1300590
2 1199889
2 1338534
2 1271205
2 1318239
2 1318374
2 1231344
2 1294749
2 1346760
2 1281042
2 1210590
2 1303281
2 1275588
2 1319310
2 1273725
2 1282365
2 1401093
2 1368990
2 1357245
2 1152531
2 1328535
2 1351089
2 1394847
2 1289781
2 1338984
2 1395918
2 1144818
2 1303569
2 1316151
2 1364265
2 1188387
2 1277514
2 1252386
2 1181844
2 1296207
2 1271745
2 1346337
2 1314639
2 1154682
2 1323657
2 1151298
2 1255176
2 1153611
2 1134387
2 1280745
2 1396224
2 1226484
2 1241082
2 1344645
2 1244313
2 1336833
2 1258560
2 1348533
2 1329768
2 1351323
2 1181637
2 1110420
2 1226700
2 1195785
2 1198647
2 1343124
2 1199898
2 1338147
2 1103598
2 1263825
2 1242531
2 1359639
2 1264428
2 1222533
2 1235007
2 1365642
2 1307799
2 1233063
2 1381905
2 1361952
2 1294308
2 1340730
2 1362186
2 1160154
2 1287756
2 1071243
2 1221480
2 1274706
2 1308267
2 1312416
2 1385568
2 1231335
2 1180206
2 1260819
2 1285506
2 1313694
2 1346904
2 1325781
2 1251927
2 1301949
2 1321092
2 1190430
2 1224999
2 1249200
2 1094256
2 1136682
2 1136322
2 1394739
2 1326141
2 1229274
2 1254294
2 1269846
2 1288269
2 1067229
2 1199277
2 1359927
2 1123560
2 1167642
2 1389717
2 1288908
2 1381230
2 1215108
2 1345086
2 1107522
2 1097379
2 988110
2 1304532
2 1313658
2 1274454
2 1266921
2 1361070
2 1224477
2 1273356
2 1217295
2 1167714
2 1259910
2 1002186
2 1373004
2 1248606
2 1381896
2 1302300
2 1192536
2 1358820
2 1156104
2 1259370
2 1293480
2 1366650
2 1385775
2 1367748
2 1338723
2 1355706
2 1387413
2 1192032
2 1265697
2 1286091
2 1219509
2 1299213
2 1266264
2 1332414
2 1281312
2 1347867
2 1094193
2 1357596
2 1311831
2 1338822
2 1362366
2 1243593
2 1298754
2 1169595
2 1184580
2 1381734
2 1362114
2 1209438
2 1154637
2 1053054
2 1315233
2 1299825
2 1282860
2 1341828
2 1335555
2 1067850
2 1152558
2 1248264
2 1258200
2 1114209
2 1329750
2 987696
2 1232289
2 1111617
2 1351449
2 1279674
2 1285947
2 1296468
2 1270647
2 1319580
2 1341261
2 1311885
2 1096461
2 1247751
2 1251981
2 1318527
2 1289412
2 1300770
2 1187991
2 1159821
2 1366983
2 1306215
2 1297458
2 1228626
2 1315224
2 1365003
2 1358280
2 1390194
2 1269144
2 1312677
2 1328292
2 1222101
2 1100268
2 1415259
2 1215171
2 1274805
2 1373778
2 1375758
2 1359999
2 1227042
2 1298448
2 1324395
2 1307475
2 1400652
2 1301472
2 1176804
2 1286928
2 1125738
2 1018386
2 1207584
2 1296531
2 1242441
2 1306053
2 1375848
2 1325034
2 1357011
2 1184202
2 1325943
2 1218762
2 1389780
2 1348416
2 1277901
2 1316574
2 1304280
2 1126971
2 1281159
2 1203174
2 1316025
2 1221390
2 1231209
2 1312803
2 1304613
2 1279566
2 1298853
2 1282734
2 1374300
2 1238823
2 1176966
2 1302102
2 1369683
2 1338084
2 1137951
2 1313793
2 1116648
2 1333125
2 1337778
2 1213119
2 1334052
2 1317924
2 1318545
2 1171395
2 1326447
2 1253502
2 1397655
2 1226673
2 1328733
2 1285848
2 1295055
2 1289448
2 1196307
2 1187316
2 1205352
2 1370979
2 1310049
2 1366731
2 1257687
2 1314234
2 1296207
2 1274229
2 1270656
2 1125540
2 1197459
2 1188486
2 1329948
2 1340676
2 1276182
2 1366272
2 1198035
2 1322280
2 1242594
2 1042650
2 1307601
2 1069020
2 1290582
2 1356570
2 1182222
2 1278486
2 1268847
2 1298673
2 1308870
2 1340964
2 1110834
2 1210761
2 1154106
2 1275408
2 1196964
2 1278198
2 1255419
2 1244673
2 1311381
2 1313388
2 1192194
2 1004760
2 1222650
2 1382292
2 1375164
2 1182996
2 1064889
2 1297296
2 1227717
2 1281510
2 1278117
2 1210158
2 1157607
2 1370727
2 1286703
2 1293417
2 1145214
2 1309221
2 1269882
2 1303911
2 1312182
2 1269117
2 1367163
2 1225557
2 1183284
2 1148274
2 1214739
2 1174095
2 1390941
2 1284633
2 1106001
2 1086039
2 1369305
2 1295820
2 1269270
2 1191132
2 1347759
2 1304829
2 1347975
2 1156725
2 1355769
2 1242909
2 1398843
2 1308078
2 1036053
2 1342818
2 1347903
2 1224927
2 1209006
2 1354032
2 1303857
2 1264185
2 1234512
2 1236654
2 1369989
2 1152585
2 1184391
2 1278180
2 1353798
2 1385730
2 1176399
2 1131588
2 1338003
2 1281438
2 1181160
2 1301184
2 1297845
2 1208691
2 1181079
2 1069398
2 1370133
2 1226115
2 1323909
2 1339209
2 1065357
2 1289025
2 1314972
2 1242720
2 1353771
2 1345149
2 937071
2 1278009
2 1360827
2 1337175
2 1341522
2 1247976
2 1378836
2 1344015
2 1240965
2 1098927
2 1231371
2 1079424
2 1369287
2 1339200
2 1390527
2 1169181
2 1230264
2 1316520
2 1274229
2 1403010
2 1324287
2 1131831
2 1294119
2 1338696
2 1334880
2 1311462
2 1003725
2 1243674
2 1245204
2 1331289
2 1245141
2 1090269
2 1266732
2 1348866
2 1289574
2 1278792
2 1305369
2 1353618
2 1131642
2 1200726
2 1257624
2 1196478
2 1311264
2 1368666
2 1340118
2 1250802
2 1169361
2 1287657
2 1290141
2 1306854
2 1382841
2 1079478
2 1175481
2 1199250
2 1208844
2 1180809
2 1371186
2 1276542
2 1343187
2 1267272
2 1319679
2 1393065
2 1248516
2 1355949
2 1415412
2 1251639
2 1324629
2 1392003
2 1298583
2 1309185
2 1356993
2 1412766
2 1293210
2 1047708
2 1387989
2 1272312
2 1364940
2 1239201
2 1380663
2 1386999
2 1222443
2 1254951
2 1182474
2 1352178
2 1207341
2 1159119
2 1273059
2 1183968
2 1243647
2 1171557
2 1289493
2 1188405
2 1301184
2 1374948
2 1375650
2 1093572
2 1345338
2 1218393
2 1209384
2 1123389
2 1297611
2 1283220
2 1254996
2 1389132
2 1273608
2 1296666
2 1366884
2 1337706
2 1284426
2 1380771
2 1322010
2 1252449
2 960453
2 1360089
2 1305693
2 1176156
2 1224234
2 1275372
2 1272177
2 1258335
2 1317879
2 1308384
2 1333296
2 1399608
2 1209600
2 1286622
2 1405458
2 1275300
2 1312011
2 1322289
2 1243323
2 1293318
2 1221903
2 1383381
2 1075428
2 1355589
2 1375443
2 1302885
2 1177146
2 1364184
2 1221795
2 1208484
2 1250253
2 1251045
2 1170945
2 1291473
2 1241523
2 1388232
2 1300626
2 1329048
2 1284804
2 1344582
2 1171278
2 1258758
2 1342854
2 1210563
2 1049337
2 1266489
2 1154250
2 1161243
2 1314162
2 1337922
2 1265706
2 1269396
2 1205622
2 1333377
2 1183563
2 1295100
2 1235016
2 1253871
2 1316340
2 1199295
2 1223343
2 1347309
2 1331028
2 1208448
2 1276983
2 1274598
2 1336230
2 1202706
2 1243134
2 1332072
2 1404765
2 1182213
2 1343502
2 1268073
2 1258497
2 1346400
2 1287981
2 1341954
2 1379691
2 1375092
2 1211940
2 1261179
2 1147230
2 1169091
2 1273653
2 1158282
2 1268208
2 1325961
2 1210185
2 1343628
2 1220796
2 1196919
2 1291113
2 1140363
2 1165923
2 1192194
2 1218852
2 1238967
2 1362330
2 1254933
2 1407825
2 1251081
2 1249020
2 1299114
2 1261710
2 1068669
2 1406619
2 1243539
2 1269945
2 1302903
2 1219842
2 1277712
2 1289871
2 1170630
2 1355409
2 1139436
2 1402362
2 1275660
2 1214298
2 1228059
2 1207125
2 1355211
2 1339074
2 1298961
2 1366146
2 1216503
2 1090656
2 1342314
2 1236843
2 1317249
2 1331019
2 1037529
2 1278639
2 1278513
2 1206468
2 1267371
2 1361052
2 1371366
2 1320588
2 1332675
2 1246626
2 1144386
2 1303515
2 1266507
2 1234305
2 1269414
2 1384092
2 1247913
2 1388115
2 1288341
2 1272123
2 1357749
2 1184733
2 1163367
2 1242387
2 1268757
2 1239354
2 1093023
2 1328706
2 1267812
2 1147221
2 1292094
2 1271034
2 1184751
2 1302651
2 1231956
2 1302750
2 1211922
2 1171755
2 1278855
2 1202247
2 1269900
2 1037844
2 1183329
2 1402605
2 1374453
2 1210302
2 1376676
2 1264104
2 1388007
2 1213938
2 1355292
2 1059021
2 1259604
2 1322694
2 1202445
2 1296666
2 1111896
2 1269621
2 1305549
2 1242306
2 1321992
2 1337688
2 1322424
2 1369557
2 1287477
2 1312668
2 1143027
2 1312065
2 1376073
2 1371681
2 1332909
2 1276605
2 1308663
2 1236681
2 1260702
2 1060227
2 1397691
2 1180494
2 1349010
2 1232208
2 1274589
2 1378107
2 1130913
2 1341657
2 1348119
2 1290096
2 1156329
2 1279962
2 1304136
2 1338795
2 1396602
2 1279998
2 1249326
2 1320480
2 1139472
2 1222272
2 1277577
2 1260909
2 1260144
2 1332531
2 1187289
2 1346652
2 1382355
2 1369908
2 1328031
2 1382409
2 1368693
2 1390725
2 1327347
2 1271556
2 1287018
2 1314495
2 1275570
2 1379322
2 1322973
2 1408050
2 1297944
2 1371204
2 1215522
2 1197756
2 1265796
2 1130562
2 1320588
2 1367163
2 1225863
2 1335231
2 1268262
2 1273572
2 1356390
2 1114722
2 1203075
2 1392714
2 1221057
2 1312884
2 1244196
2 1176165
2 1289196
2 1305747
2 1376703
2 1119492
2 1204776
2 1339830
2 1327707
2 1300617
2 1213371
2 1349379
2 1299348
2 1379475
2 1284498
2 1335312
2 1334898
2 1125702
2 1176363
2 1245330
2 1203912
2 1235646
2 1138725
2 1320930
2 1350468
2 1371888
2 1283247
2 1280394
2 1270269
2 1137969
2 1282338
2 1324674
2 1087713
2 1084167
2 1281222
2 1271583
2 1279422
2 1380528
2 1309590
2 1181412
2 1341108
2 1146573
2 1201860
2 1103931
2 1299987
2 1322280
2 1158030
2 1360944
2 1295226
2 1194534
2 1198476
2 1335303
2 1262223
2 1094373
2 1178766
2 1245177
2 1354104
2 1224828
2 1359657
2 1312704
2 1265670
2 1299204
2 1232919
2 1396764
2 1144008
2 1305639
2 1141146
2 1251513
2 1348893
2 1085616
2 1210590
2 1221642
2 1229436
2 1246914
2 1375110
2 1259208
2 1197360
2 1296720
2 1135818
2 1295127
2 1364202
2 1255896
2 1186407
2 1279026
2 1375686
2 1219005
2 1050570
2 1256589
2 1289097
2 1293597
2 1022715
2 1322352
2 1332351
2 1103616
2 1334196
2 1296153
2 1207809
2 1195335
2 1232685
2 1185597
2 1042092
2 1193670
2 1381023
2 1331127
2 1359045
2 1254528
2 1310229
2 1294578
2 1035180
2 1284156
2 1214802
2 1131507
2 1277370
2 1271304
2 1339533
2 1348272
2 1358028
2 1033713
2 1241946
2 1256535
2 1287396
2 1377558
2 1265040
2 1253313
2 1358901
2 1332207
2 1305396
2 1254015
2 1387899
2 1209033
2 1257606
2 1378053
2 1328562
2 1286055
2 1380852
2 1323504
2 1077138
2 1125450
2 1191078
2 1269846
2 1327347
2 1280898
2 1315611
2 1228545
2 1265715
2 1332207
2 1102329
2 1241568
2 1306521
2 1128258
2 1265571
2 1325097
2 1213029
2 1322514
2 1104534
2 1281780
2 1144062
2 1289880
2 1239030
2 1284363
2 1304361
2 1295460
2 1198728
2 1258119
2 1155762
2 1116522
2 1304181
2 1327851
2 1093140
2 1233765
2 1352592
2 1344438
2 1291833
2 1345023
2 1409049
2 1144629
2 1206018
2 1220787
2 1362555
2 1350621
2 1305036
2 1318860
2 1349631
2 1325988
2 1236033
2 1399302
2 1346328
2 1299015
2 1254213
2 1081863
2 1163700
2 1266111
2 1341702
2 1329381
2 1315899
2 1352790
2 1097613
2 1199628
2 1352304
2 1316025
2 1189593
2 1409940
2 1278909
2 1259271
2 1315467
2 1325529
2 1297170
2 1298178
2 1367298
2 1222263
2 1369332
2 1192815
2 1377774
2 1269099
2 1375947
2 1269108
2 1394775
2 1301463
2 1299033
2 1157832
2 1220157
2 1085481
2 1270116
2 1349073
2 1279980
2 1412460
2 1238607
2 1305423
2 1317114
2 1410318
2 1332900
2 1373238
2 1306593
2 1193319
2 1271601
2 1323450
2 1362222
2 1379943
2 1250694
2 1327869
2 1265382
2 1165779
2 1227501
2 1300437
2 1208511
2 1137321
2 1209825
2 1318122
2 1373814
2 1153944
2 1278747
2 1252800
2 1317627
2 1281951
2 1225656
2 1400517
2 1189377
2 1228374
2 1132425
2 1016334
2 1212894
2 1282176
2 1369971
2 1256922
2 1282851
2 1282977
2 1341675
2 1363599
2 1162161
2 1261539
2 1308996
2 1312947
2 1387206
2 1314369
2 1307961
2 1291158
2 1279953
2 1207116
2 1210392
2 1390302
2 1208682
2 1247094
2 1291410
2 1285506
2 1311822
2 1284084
2 1180773
2 1281465
2 1374597
2 1314234
2 1117161
2 1376397
2 1281357
2 1193175
2 1166094
2 1244457
2 1166967
2 1164555
2 1322523
2 1318257
2 1214856
2 1313523
2 1275273
2 1253682
2 1310607
2 1238562
2 1230822
2 1366686
2 1099440
2 1261989
2 1025469
2 1328112
2 1090584
2 1259109
2 1208277
2 1236582
2 1130130
2 1381167
2 1260261
2 1148904
2 1300077
2 1388187
2 1119105
2 1298475
2 1125648
2 1262214
2 1322694
2 1307295
2 1360134
2 1191861
2 1317996
2 1319616
2 1306692
2 1148832
2 1184625
2 1162818
2 1101681
2 1364130
2 1349883
2 1376847
2 1188450
2 1301463
2 1317384
2 1347399
2 1247355
2 962955
2 1148841
2 1240758
2 1309968
2 1328850
2 1342944
2 1270926
2 1179171
2 1341657
2 1204929
2 1353546
2 1290078
2 1276290
2 1341981
2 1236672
2 1327914
2 1181691
2 1370250
2 1346544
2 1354770
2 1300068
2 1324350
2 1158687
2 1300797
2 1343691
2 1288395
2 1306782
2 1048563
2 1284309
2 1315296
2 1196298
2 1317807
2 1054647
2 1188801
2 1181970
2 1249425
2 1244241
2 1328292
2 1304469
2 1330371
2 1293831
2 1392750
2 1203372
2 1297431
2 1301274
2 1415007
2 1260378
2 1336239
2 1306782
2 1180656
2 1372122
2 1346355
2 1340082
2 1335366
2 1298286
2 1313100
2 1352250
2 1311957
2 1288818
2 1245330
2 1383084
2 1334574
2 1084851
2 1343304
2 1231398
2 1377774
2 1279899
2 1293552
2 1263600
2 1328193
2 1260918
2 1361097
2 1263123
2 1410057
2 1297935
2 1334646
2 1303065
2 1249776
2 1147563
2 1150263
2 1315035
2 1262232
2 1262763
2 1266579
2 1210770
2 1320147
2 1261809
2 1256832
2 1302588
2 1242018
2 1250910
2 965817
2 1311795
2 1329831
2 1236006
2 1270278
2 1271709
2 1335168
2 1233207
2 1347129
2 1276191
2 1191240
2 1195839
2 1093023
2 1093230
2 1237032
2 1194381
2 1311579
2 1370502
2 1256382
2 1197432
2 1185669
2 1199412
2 1298403
2 1327500
2 1362564
2 1089261
2 1335717
2 1221912
2 1329669
2 1286820
2 1319202
2 1367757
2 1306035
2 1400157
2 1331991
2 1221075
2 1341279
2 1376118
2 1405818
2 1323360
2 1373499
2 1258470
2 1253745
2 1297512
2 1070253
2 1075950
2 1050642
2 1379223
2 1208025
2 1253223
2 1233945
2 1281492
2 1107990
2 1243503
2 1325529
2 1252170
2 1353519
2 1363365
2 1271385
2 1188009
2 1251828
2 1316331
2 1236258
2 1340127
2 1232370
2 1340235
2 1393677
2 1126341
2 1267704
2 1356516
2 1148094
2 1309275
2 1336581
2 1144260
2 1153872
2 1217232
2 1349865
2 1363086
2 1413009
2 1251009
2 1174563
2 1334241
2 1293651
2 1269405
2 1366326
2 1293912
2 1234224
2 1042983
2 1347138
2 1182249
2 1244475
2 1301481
2 1285839
2 1245843
2 1246149
2 1265670
2 1257516
2 1220031
2 1240425
2 1400913
2 1338687
2 1313361
2 1251963
2 1208682
2 1123263
2 1306350
2 1311471
2 1222443
2 1321245
2 1172340
2 1324269
2 1339767
2 1373625
2 1244268
2 1346787
2 1274949
2 1203669
2 1380924
2 1254024
2 1310967
2 1388718
2 1206009
2 1271151
2 1286496
2 1275732
2 1257966
2 1269279
2 1324512
2 1178865
2 1185426
2 1278297
2 1117377
2 1290231
2 1308312
2 1217151
2 1272807
2 1214865
2 1362636
2 1211391
2 1394703
2 1400760
2 1340757
2 1318563
2 1297728
2 1322487
2 1263231
2 1359711
2 1245537
2 1094859
2 1323522
2 1262736
2 1100700
2 1265121
2 1374201
2 1367370
2 1233774
2 1245852
2 1221165
2 1263690
2 1307547
2 1104633
2 1047510
2 1411092
2 1259964
2 1275174
2 1091628
2 1314135
2 1336500
2 1341378
2 1132623
2 1331415
2 1234557
2 1296279
2 1234251
2 1022130
2 1310103
2 1368801
2 1120401
2 1330515
2 1223442
2 1352790
2 1318689
2 1338543
2 1397727
2 1284102
2 1263438
2 1307853
2 1110006
2 969075
2 1361754
2 1410363
2 1268379
2 1363860
2 1050318
2 1197594
2 1165086
2 1332630
2 1341270
2 1261098
2 1242108
2 1266471
2 1323423
2 1379907
2 1374759
2 1344231
2 1318788
2 1303272
2 1319706
2 1362159
2 1039563
2 978255
2 1224837
2 1270593
2 1281537
2 1298871
2 1202715
2 1080540
2 1335168
2 1385865
2 1301661
2 1295397
2 1117332
2 1223721
2 1206963
2 1358253
2 1293012
2 1347111
2 1273329
2 1321533
2 1308447
2 1399140
2 1264257
2 1171296
2 1303794
2 1283823
2 1270476
2 1088064
2 1383219
2 1219590
2 1301400
2 1247292
2 1190151
2 1204857
2 1228176
2 1289466
2 1330749
2 1285398
2 1348389
2 1333971
2 1176453
2 1348299
2 1228572
2 1258326
2 1296972
2 1327761
2 1248426
2 1117953
2 1135566
2 1335519
2 1241676
2 1395108
2 1321560
2 1229706
2 1272879
2 1139391
2 1183860
2 1327716
2 1063170
2 1217691
2 1166049
2 1199493
2 1395513
2 1345428
2 1276092
2 1108908
2 1292958
2 1236492
2 1346193
2 1383237
2 1277640
2 1361178
2 1275948
2 1318032
2 1065231
2 1407573
2 1119708
2 1130031
2 1358712
2 1274202
2 1360107
2 1214406
2 1167723
2 1338732
2 1258056
2 1271691
2 1143873
2 1274877
2 1389780
2 1360395
2 1270431
2 1384857
2 1339956
2 1256463
2 1113687
2 1322235
2 1087092
2 1341288
2 1029069
2 1199295
2 1400085
2 1064673
2 1323225
2 1357938
2 1239669
2 1332315
2 1269081
2 1363752
2 1357659
2 1228680
2 1099197
2 1371123
2 1317033
2 1297314
2 1407258
2 1225359
2 1267398
2 1350513
2 1103508
2 1341108
2 1223631
2 1323441
2 1309554
2 1335609
2 1402065
2 1300176
2 1211571
2 1268253
2 1375452
2 1346337
2 1307340
2 1032633
2 1310364
2 1267722
2 1372104
2 1076922
2 1141677
2 1252683
2 1384524
2 1183626
2 1285542
2 1288773
2 1079811
2 1061766
2 1297179
2 1280907
2 1297035
2 1300869
2 1394757
2 1361097
2 1265085
2 1395936
2 1283355
2 1214559
2 1241289
2 1237914
2 1172250
2 1396458
2 1181835
2 1351179
2 1321479
2 1297350
2 1317843
2 1314477
2 1267065
2 1258749
2 1332621
2 1045701
2 1233054
2 1234296
2 1350801
2 1272204
2 1269351
2 1238958
2 1315998
2 1267902
2 1196883
2 1361358
2 1245519
2 1293642
2 1345518
2 1306962
2 1272564
2 1253367
2 1196874
2 1361655
2 1299888
2 1249902
2 1267794
2 1353186
2 1316160
2 1405971
2 1173915
2 1135917
2 1300716
2 1271061
2 1130463
2 1271997
2 1282743
2 1394460
2 1239633
2 1165374
2 1313082
2 957645
2 1297818
2 1125252
2 1284048
2 1219779
2 1041489
2 1272015
2 1365210
2 1245618
2 1322451
2 1240461
2 1257174
2 1263996
2 1342332
2 949968
2 1131426
2 1333872
2 1246419
2 1320444
2 1265346
2 1279467
2 1318716
2 1202841
2 1288368
2 1202886
2 1369737
2 1282437
2 1283184
2 1322658
2 1202310
2 1302246
2 1220580
2 1204659
2 1118646
2 1264878
2 1328445
2 1182753
2 1226430
2 1261269
2 1341990
2 1254906
2 1274220
2 1092024
2 1349037
2 1268370
2 1160109
2 1224423
2 1207458
2 1279449
2 1323378
2 1152450
2 1341594
2 1376379
2 1161927
2 1252044
2 1330155
2 1239255
2 1327347
2 1250037
2 1317546
2 1362168
2 1239498
2 1293426
2 1371267
2 1346859
2 1285803
2 1262646
2 1163142
2 1298520
2 1288989
2 1171287
2 1187739
2 1180971
2 1373238
2 1279728
2 1323945
2 1077156
2 1330659
2 1348497
2 1176525
2 1285668
2 1274013
2 1252836
2 1269927
2 1368675
2 1248561
2 1327815
2 1394163
2 1349424
2 1323855
2 1270341
2 1158489
2 1357758
2 1280592
2 1192122
2 1297035
2 1313919
2 1336527
2 1243107
2 1300761
2 1360665
2 1323909
2 1251135
2 1342413
2 1262772
2 1231245
2 1224864
2 1298529
2 1372401
2 1354167
2 1373967
2 1253925
2 1383606
2 1293714
2 1312911
2 1276560
2 1217808
2 1284183
2 1185075
2 1102509
2 1190556
2 1293939
2 1308798
2 1289268
2 1223469
2 1236240
2 1154493
2 1334340
2 1179612
2 1331739
2 1261386
2 1355886
2 1172835
2 1223793
2 1310787
2 1092411
2 1335825
2 1384893
2 1098225
2 1291293
2 1232820
2 1039977
2 1380942
2 1354653
2 1181853
2 1348560
2 1292778
2 1290438
2 1177146
2 1211508
2 1146807
2 1199637
2 1192158
2 1151604
2 1352583
2 1302696
2 1215945
2 1402722
2 1086399
2 1209969
2 1352700
2 1115235
2 1327050
2 1335285
2 1166805
2 1254501
2 1274346
2 1308276
2 1300788
2 1059930
2 1353816
2 989379
2 1301616
2 1159002
2 1221624
2 1315332
2 1338975
2 1225377
2 1338795
2 1367865
2 1288170
2 1290861
2 1408482
2 1330614
2 1226745
2 1195965
2 1345995
2 1188261
2 1319472
2 1268037
2 1234341
2 1249794
2 1327428
2 1247400
2 1386972
2 1264563
2 1355490
2 1365318
2 1349055
2 1326033
2 1386882
2 974448
2 1374111
2 1227672
2 1347831
2 1366920
2 1241721
2 1305063
2 1291455
2 1077084
2 1327959
2 1087398
2 1177632
2 1336806
2 1380897
2 1355247
2 1312929
2 1266741
2 1387476
2 1321686
2 1289799
2 1243125
2 1282311
2 1305846
2 1360008
2 1264176
2 1233288
2 1258902
2 1285308
2 1257588
2 1291104
2 1099341
2 1346310
2 1351269
2 1265391
2 1073979
2 1348641
2 1169145
2 1355490
2 1092978
2 1235961
2 1285488
2 1251981
2 1203183
2 1339695
2 1127907
2 1340550
2 1332819
2 1235925
2 1269801
2 1272663
2 1280142
2 1271754
2 1258794
2 1412838
2 1058040
2 1389006
2 1164780
2 1286442
2 1064646
2 1370088
2 1366065
2 1233009
2 1377801
2 1183320
2 1185012
2 1293876
2 1197540
2 1311939
2 1332603
2 1138491
2 1252242
2 1245816
2 1258236
2 1323855
2 1331109
2 1188414
2 1243332
2 1254519
2 1103634
2 1331766
2 1164717
2 1333386
2 1379655
2 1270971
2 1295685
2 1344825
2 1272015
2 1219734
2 1332981
2 1296630
2 1403586
2 1282203
2 1285002
2 1367586
2 1326780
2 1317591
2 1203246
2 1332153
2 1197153
2 1130373
2 1262916
2 1221930
2 1342971
2 1350918
2 1364913
2 1350981
2 1363833
2 1391085
2 1117107
2 1355841
2 1397646
2 938403
2 1297233
2 1196640
2 1175805
2 1327167
2 1319670
2 1261467
2 1293327
2 1367397
2 1077507
2 1319913
2 1296783
2 1292139
2 1274679
2 1269918
2 1297503
2 1296828
2 1303695
2 1169784
2 1357605
2 1378431
2 1330506
2 1347381
2 1319382
2 1333395
2 1364391
2 1361835
2 1090197
2 1293633
2 1410597
2 1344609
2 1215720
2 1296288
2 1334592
2 1343421
2 1345419
2 1213839
2 1033533
2 1331667
2 1357047
2 1389798
2 1205721
2 1266255
2 1305810
2 1264932
2 1288386
2 1266858
2 1356903
2 1361196
2 1342269
2 1338894
2 1208862
2 1333413
2 1169370
2 1295505
2 1323549
2 1357443
2 1261962
2 1196190
2 1132677
2 1185093
2 1212372
2 1342377
2 1206369
2 1328877
2 1180602
2 1205748
2 1106694
2 1262583
2 1349937
2 1127511
2 1376253
2 1208655
2 1330227
2 1123713
2 1282815
2 1361079
2 1321767
2 1298997
2 1018557
2 1309374
2 1329795
2 1114443
2 1321857
2 1294938
2 1259847
2 1192347
2 1156950
2 1252953
2 1025856
2 1230021
2 1254744
2 1366992
2 1243386
2 1262808
2 999198
2 1222740
2 1188549
2 1324782
2 976059
2 1293543
2 1296819
2 1243683
2 1196046
2 1290366
2 1352628
2 1301589
2 1187064
2 1299762
2 1293570
2 1165842
2 1200258
2 1323828
2 1294362
2 1104462
2 1208268
2 1297332
2 1375452
2 1160649
2 1267155
2 1341090
2 1232235
2 1351305
2 1365975
2 1357029
2 1165527
2 1081134
2 1191438
2 1274697
2 1215396
2 1328688
2 1231173
2 1336491
2 1192581
2 1407258
2 1295136
2 1265310
2 1362069
2 1253610
2 1303740
2 1391787
2 1230471
2 1310328
2 1327509
2 1290393
2 1175058
2 1329066
2 1363005
2 1367172
2 1350729
2 1362978
2 1109925
2 1268001
2 1120995
2 1114065
2 1357596
2 1184643
2 1253772
2 1346526
2 1189638
2 1092807
2 1324341
2 1378116
2 1048446
2 1300545
2 1283211
2 1317060
2 1383273
2 1197081
2 1296459
2 1302102
2 1177506
2 1270062
2 1331757
2 1287810
2 1342602
2 1118556
2 1378530
2 1237482
2 1262817
2 1226385
2 1203705
2 1132776
2 1218177
2 1300662
2 1293552
2 1339308
2 1313244
2 1106784
2 1261485
2 1335537
2 1356300
2 1280925
2 1155780
2 1276821
2 1328571
2 1046592
2 1339992
2 1338264
2 1074411
2 1396341
2 1242405
2 1296261
2 1299168
2 1229634
2 1353069
2 1216179
2 1036197
2 1228275
2 1207701
2 1263168
2 1258587
2 1167147
2 1349586
2 1128888
2 1341648
2 1135188
2 1340946
2 1175823
2 1406493
2 1212894
2 1071621
2 1339227
2 1334898
2 1405881
2 1272609
2 1270755
2 1300122
2 1210608
2 1364688
2 1033497
2 1284435
2 1157697
2 1343817
2 1275327
2 1319292
2 1360161
2 1328013
2 1123344
2 1218177
2 1337040
2 1324413
2 1245429
2 1329561
2 1308474
2 1058886
2 1224630
2 1293777
2 1299456
2 1302300
2 1205325
2 1376523
2 1268748
2 1150551
2 1209969
2 1338264
2 1271340
2 1277865
2 1260900
2 1351170
2 1260234
2 1315953
2 1122840
2 1262313
2 1312119
2 1301355
2 1161234
2 1269477
2 1401264
2 1356876
2 1156644
2 966240
2 1127016
2 1336581
2 1364031
2 1206945
2 1039212
2 1289781
2 1369872
2 1207260
2 1280844
2 1323045
2 1233450
2 1369071
2 1317132
2 1236240
2 1238607
2 1284318
2 1315251
2 1286883
2 1344087
2 1342818
2 1278117
2 1277181
2 1280025
2 1243242
2 1286784
2 1196910
2 1294092
2 1213722
2 1195821
2 1338156
2 1330101
2 1365138
2 1246320
2 1273374
2 1162368
2 1261692
2 1333629
2 1283733
2 1302831
2 1230768
2 1368504
2 1223064
2 1383273
2 1082961
2 1156455
2 1157904
2 1139598
2 1210284
2 1112859
2 1366371
2 1302390
2 1395333
2 1297278
2 1144872
2 1224981
2 1125585
2 1311111
2 1198791
2 1239885
2 1282986
2 1313550
2 1156950
2 1176759
2 1155330
2 1310544
2 1300581
2 1333314
2 1362762
2 1355985
2 1185345
2 1340739
2 1255131
2 1196190
2 1290132
2 1414566
2 1304658
2 1266858
2 1246041
2 1391148
2 1286550
2 1278207
2 1256364
2 1041435
2 1276380
2 1177119
2 1156446
2 1239093
2 1163439
2 1200006
2 1161099
2 1328544
2 1299465
2 1371204
2 1308663
2 1238877
2 1307988
2 1053747
2 1254672
2 1155078
2 1264986
2 1256319
2 1272510
2 1360737
2 1303200
2 1215783
2 1292256
2 1327149
2 1272096
2 1172790
2 1227249
2 1279107
2 1312155
2 1265814
2 1231713
2 1327032
2 1227888
2 1282644
2 1290339
2 1351935
2 1337526
2 1337787
2 1230048
2 1407636
2 1160424
2 1351746
2 1169595
2 1307574
2 1201140
2 1265211
2 1219617
2 1333071
2 1317348
2 1142568
2 1195236
2 1238148
2 1347318
2 1230363
2 1262781
2 1231155
2 1325205
2 1198287
2 1366020
2 1195722
2 1290942
2 1269288
2 1242810
2 1357857
2 1158777
2 1249677
2 1121328
2 1215873
2 1368783
2 1232073
2 1373841
2 1300050
2 1409544
2 1360476
2 1375038
2 1268676
2 1354041
2 1352421
2 1208565
2 1124487
2 1278180
2 1251648
2 1244196
2 1259316
2 1411407
2 1369719
2 1246113
2 1172133
2 1312965
2 1177659
2 1349874
2 1338750
2 1370205
2 1345455
2 1284462
2 1288971
2 1314522
2 1220661
2 1297413
2 1288368
2 1273230
2 1354905
2 1366929
2 1231002
2 1040517
2 1218402
2 1197486
2 1251198
2 1301535
2 1255590
2 1305081
2 1294929
2 1318842
2 1355679
2 1238805
2 1312677
2 1261512
2 1310544
2 1388250
2 1314837
2 1234413
2 1163556
2 1302633
2 1310418
2 1230777
2 1127142
2 1360395
2 1346796
2 1314144
2 1177326
2 1274364
2 1269261
2 1140822
2 1143090
2 1324251
2 1333548
2 1337148
2 1348002
2 1260774
2 1326168
2 1350414
2 1362123
2 1232847
2 1346769
2 1335645
2 1132110
2 1187280
2 1260936
2 1219545
2 1409931
2 1319481
2 1246248
2 1296315
2 1232262
2 1144944
2 1240848
2 1288665
2 1237473
2 1276758
2 1311381
2 1355940
2 1330947
2 1260495
2 1325718
2 1261710
2 1273662
2 1353690
2 1090098
2 1369197
2 1327131
2 1262952
2 1046736
2 1135341
2 1399077
2 1265877
2 1233162
2 1309059
2 1224936
2 1262916
2 1117044
2 1316691
2 1333953
2 1286712
2 1332252
2 1246014
2 1336743
2 1316178
2 1144800
2 1285191
2 1319841
2 1297089
2 1141740
2 1298394
2 1231218
2 1154727
2 1292553
2 1330929
2 1397007
2 1242765
2 1055619
2 1145646
2 1223199
2 1174338
2 1351539
2 1288008
2 1272078
2 1082745
2 1399284
2 1331037
2 1189431
2 1316430
2 1166292
2 1225701
2 1383318
2 1171323
2 1265445
2 1287810
2 1412856
2 1108224
2 1255149
2 1075167
2 1243206
2 1331226
2 1313406
2 1311948
2 1343448
2 1288998
2 1290978
2 1282869
2 1328859
2 1293777
2 1236546
2 1187010
2 1228500
2 1369944
2 1294686
2 1224972
2 1152504
2 1278189
2 1393938
2 1302201
2 1179045
2 1162737
2 1254690
2 1182006
2 1187649
2 1296009
2 1227663
2 1219356
2 1238598
2 1258893
2 1128636
2 1212021
2 1130787
2 1206729
2 1254987
2 1326528
2 1295082
2 1304775
2 1395396
2 1227546
2 1262376
2 1145700
2 1132722
2 1172358
2 1270629
2 1350108
2 1391040
2 1369935
2 1322208
2 1302075
2 1301679
2 1216917
2 1146267
2 1347300
2 1392741
2 1222425
2 1120392
2 1170351
2 1259964
2 1290609
2 1390752
2 1245438
2 1061928
2 1339497
2 1168713
2 1361943
2 1082250
2 1050165
2 1226655
2 1334457
2 1258821
2 1132587
2 1324188
2 1346193
2 1370646
2 1364859
2 1286001
2 1404981
2 1349010
2 1410714
2 1315260
2 1291410
2 1146582
2 1381932
2 1272366
2 1211769
2 1285605
2 1281456
2 1310976
2 1324575
2 1075149
2 1400481
2 1149804
2 1317240
2 1227780
2 1295532
2 1339542
2 1186047
2 1154970
2 1270026
2 1265589
2 1345176
2 1219464
2 1327230
2 1244061
2 1247121
2 1369530
2 1187451
2 1288638
2 1246023
2 1365696
2 1363068
2 1246662
2 1376424
2 1342413
2 1222335
2 1326375
2 1305594
2 1412505
2 1293894
2 1278378
2 1218618
2 1269144
2 1257633
2 1367460
2 1366533
2 1386477
2 1362312
