3 44505
3 9216
3 30474
3 16011
3 34749
3 23013
3 33120
3 23265
3 18378
3 43092
3 27036
3 14373
3 25497
3 13491
3 35982
3 13491
3 36900
3 19062
3 27036
3 10521
3 9216
3 25209
3 8100
3 27738
3 16416
3 23643
3 26919
3 22212
3 43623
3 23337
3 9216
3 25803
3 23634
3 14409
3 23643
3 30744
3 37026
3 22221
3 19530
3 19044
3 41247
3 16695
3 47160
3 28989
3 36432
3 7767
3 8253
3 22896
3 33660
3 13788
3 31743
3 19197
3 15804
3 14085
3 39132
3 25056
3 25488
3 23643
3 5805
3 28557
3 7812
3 33444
3 24192
3 7506
3 8739
3 50760
3 39645
3 8505
3 52560
3 19017
3 28944
3 15012
3 20574
3 30870
3 19062
3 13617
3 43479
3 29502
3 33165
3 10998
3 5220
3 30789
3 27882
3 33633
3 28080
3 23148
3 18918
3 20259
3 35973
3 16416
3 23265
3 13860
3 45963
3 36270
3 23643
3 16128
3 25056
3 19062
3 30834
3 14373
3 13491
3 19017
3 33831
3 22383
3 12087
3 19701
3 14085
3 31743
3 19017
3 25803
3 12087
3 12141
3 23265
3 16695
3 33831
3 30096
3 11907
3 12861
3 32112
3 30870
3 28440
3 19530
3 34830
3 19782
3 16191
3 22221
3 19773
3 29538
3 30834
3 16128
3 26379
3 28494
3 13860
3 13860
3 26523
3 23418
3 37377
3 14373
3 13860
3 23058
3 25488
3 29997
3 27738
3 34641
3 21222
3 22851
3 36945
3 29502
3 23643
3 9216
3 13617
3 15633
3 33291
3 11952
3 19017
3 17253
3 13860
3 12087
3 19197
3 30051
3 22896
3 16416
3 20349
3 35550
3 8766
3 28665
3 19197
3 19197
3 9216
3 33453
3 30870
3 12861
3 16191
3 12240
3 16191
3 24048
3 22221
3 22851
3 28557
3 51678
3 36108
3 19197
3 19197
3 11178
3 13617
3 26730
3 40608
3 11133
3 18729
3 41931
3 22212
3 22896
3 33165
3 22896
3 23265
3 15057
3 23418
3 17028
3 18729
3 20349
3 26379
3 22221
3 25803
3 23688
3 12861
3 19197
3 16191
3 33993
3 33678
3 19701
3 33192
3 19701
3 25209
3 24606
3 22212
3 25803
3 18873
3 8631
3 33831
3 28989
3 33696
3 20304
3 22842
3 19017
3 23337
3 15633
3 30870
3 33192
3 22383
3 19197
3 16650
3 54180
3 16416
3 16416
3 30267
3 28368
3 16416
3 24192
3 24048
3 22896
3 19701
3 19197
3 13491
3 48339
3 35973
3 8766
3 21375
3 22212
3 30474
3 19782
3 15102
3 29286
3 27036
3 9270
3 25803
3 24804
3 30267
3 73899
3 28800
3 34749
3 26730
3 16263
3 12861
3 14373
3 20349
3 1935
3 10566
3 16128
3 30267
3 10998
3 16695
3 15804
3 38457
3 36900
3 43470
3 25488
3 39132
3 19197
3 35550
3 16416
3 16740
3 52443
3 30870
3 12861
3 26739
3 20304
3 32112
3 19017
3 16740
3 14751
3 30870
3 18873
3 6795
3 28557
3 13491
3 19062
3 28557
3 14085
3 15633
3 19197
3 23670
3 23904
3 22896
3 30915
3 25254
3 25056
3 12861
3 24048
3 18873
3 35982
3 25209
3 23337
3 45360
3 13464
3 18729
3 9216
3 28665
3 11952
3 28989
3 22896
3 19017
3 35631
3 14085
3 20979
3 2853
3 9900
3 14751
3 25209
3 19017
3 44505
3 30267
3 17307
3 16416
3 23643
3 20376
3 34335
3 19017
3 48609
3 19062
3 19197
3 37413
3 25209
3 15633
3 23688
3 18729
3 22221
3 30744
3 18918
3 33993
3 24192
3 16695
3 44505
3 23265
3 25803
3 27756
3 27756
3 23688
3 16695
3 9216
3 23058
3 33831
3 31311
3 1557
3 17532
3 16191
3 22608
3 19773
3 18873
3 18729
3 19773
3 22221
3 27756
3 18729
3 14373
3 33444
3 25488
3 27756
3 22212
3 19062
3 42651
3 26379
3 25803
3 16263
3 29457
3 31743
3 14085
3 14436
3 47358
3 11952
3 16740
3 15012
3 19197
3 16263
3 20979
3 19773
3 14373
3 16416
3 23643
3 49599
3 18873
3 48339
3 19197
3 16416
3 36900
3 47358
3 52398
3 19197
3 27036
3 14355
3 25497
3 23148
3 14409
3 16416
3 16191
3 12861
3 19701
3 31266
3 33291
3 25236
3 29502
3 28962
3 25803
3 20979
3 13491
3 23616
3 30051
3 33408
3 15075
3 34641
3 22248
3 27738
3 40050
3 22842
3 17847
3 28557
3 14409
3 23643
3 26730
3 26730
3 33660
3 14409
3 33831
3 29997
3 13860
3 18918
3 19197
3 27756
3 18918
3 13491
3 22221
3 9216
3 10998
3 16416
3 11952
3 29502
3 1935
3 36900
3 23148
3 9315
3 15138
3 23103
3 9216
3 16416
3 18873
3 23904
3 22383
3 23733
3 12285
3 20349
3 23265
3 19017
3 19017
3 53415
3 25056
3 25803
3 14373
3 25236
3 28944
3 22896
3 25056
3 25497
3 46728
3 19062
3 12087
3 16191
3 16695
3 8586
3 17028
3 9216
3 22383
3 14409
3 23634
3 28800
3 22221
3 13860
3 12861
3 15804
3 4743
3 30744
3 13491
3 19062
3 19773
3 25488
3 16263
3 27756
3 13491
3 8532
3 34155
3 23643
3 23643
3 24165
3 27036
3 23598
3 16191
3 26730
3 23643
3 19017
3 30267
3 23643
3 23643
3 33633
3 19071
3 45360
3 35982
3 34416
3 11907
3 25497
3 30105
3 21960
3 9216
3 6840
3 14373
3 33831
3 33831
3 9216
3 23598
3 34074
3 18918
3 46008
3 20304
3 13995
3 46008
3 19701
3 28800
3 23148
3 15111
3 16191
3 26055
3 18729
3 16416
3 28665
3 23148
3 16128
3 38925
3 24048
3 16416
3 19062
3 19062
3 23643
3 27036
3 16128
3 38313
3 39177
3 18873
3 23265
3 35550
3 16191
3 16416
3 9900
3 32670
3 9216
3 13464
3 19017
3 22212
3 33444
3 14373
3 25803
3 15057
3 15633
3 30474
3 16263
3 19197
3 12096
3 46458
3 46008
3 28080
3 28080
3 26397
3 7443
3 18918
3 30096
3 28989
3 46998
3 33633
3 15336
3 12861
3 14418
3 16191
3 22383
3 12438
3 21897
3 30744
3 16983
3 23688
3 13860
3 19782
3 13491
3 40050
3 25803
3 11952
3 37413
3 10377
3 12861
3 12861
3 11178
3 33444
3 16191
3 8631
3 10998
3 19701
3 20574
3 55278
3 30834
3 16650
3 23643
3 33660
3 30051
3 41931
3 2115
3 29259
3 47772
3 9216
3 36945
3 19773
3 47835
3 32634
3 30051
3 26730
3 28557
3 12087
3 12861
3 10737
3 19017
3 27036
3 33138
3 19773
3 33993
3 22896
3 28962
3 14328
3 25209
3 18918
3 32634
3 47358
3 18873
3 29538
3 19197
3 44460
3 19782
3 23265
3 11952
3 23688
3 26523
3 24192
3 11889
3 26730
3 27756
3 24048
3 13491
3 18918
3 22896
3 30267
3 51678
3 40752
3 22248
3 12087
3 23733
3 18873
3 14103
3 22896
3 22248
3 7623
3 13860
3 16983
3 36270
3 32112
3 25488
3 16128
3 35631
3 9900
3 28800
3 28800
3 23103
3 23688
3 31581
3 14328
3 33444
3 16191
3 65925
3 23742
3 32760
3 52443
3 18918
3 47340
3 22212
3 15057
3 25488
3 15633
3 23418
3 44505
3 23616
3 22896
3 20979
3 30834
3 14040
3 25488
3 22221
3 21960
3 26991
3 23688
3 23049
3 23337
3 19773
3 33192
3 10737
3 11907
3 14418
3 28962
3 16416
3 29502
3 23103
3 13464
3 41931
3 25803
3 25236
3 25488
3 12087
3 16191
3 12240
3 33138
3 13734
3 24192
3 25209
3 25488
3 4950
3 23688
3 23103
3 19773
3 22248
3 23103
3 18873
3 19017
3 36900
3 16191
3 30096
3 28989
3 16983
3 14355
3 16416
3 22185
3 25488
3 22383
3 15147
3 5499
3 18873
3 35973
3 10998
3 23688
3 25236
3 30267
3 35631
3 22896
3 29997
3 14409
3 23796
3 10998
3 23904
3 20979
3 20979
3 49491
3 29997
3 43578
3 28944
3 40860
3 23265
3 10998
3 22212
3 14373
3 29502
3 14004
3 23103
3 29502
3 26280
3 62334
3 14409
3 25056
3 27036
3 14373
3 30051
3 33165
3 22896
3 23733
3 10998
3 12861
3 11133
3 24489
3 19197
3 30141
3 11133
3 7965
3 5166
3 18873
3 26739
3 49491
3 28557
3 31266
3 34074
3 15633
3 23634
3 5067
3 28989
3 37242
3 14040
3 28125
3 23148
3 19701
3 18873
3 19701
3 25497
3 18729
3 43173
3 37170
3 41931
3 37377
3 33453
3 15021
3 15633
3 31266
3 28800
3 28611
3 30096
3 23085
3 19197
3 29502
3 14373
3 30474
3 23373
3 33831
3 28989
3 17802
3 16695
3 19701
3 18918
3 12861
3 23148
3 20979
3 15804
3 23265
3 13788
3 19701
3 23688
3 23643
3 22212
3 39132
3 19773
3 19062
3 27036
3 20979
3 16416
3 35982
3 9189
3 24048
3 17253
3 23643
3 23688
3 13491
3 24192
3 47340
3 33831
3 44667
3 34335
3 17028
3 20223
3 32715
3 19899
3 32553
3 16263
3 22896
3 37548
3 19773
3 23148
3 28557
3 30051
3 30096
3 23103
3 14103
3 11952
3 31554
3 25803
3 23643
3 33786
3 12663
3 29736
3 23688
3 9216
3 19017
3 19701
3 15057
3 12861
3 14418
3 14328
3 13491
3 12861
3 19701
3 27756
3 30834
3 25056
3 19197
3 18918
3 9900
3 18918
3 23688
3 16416
3 12861
3 18729
3 14373
3 10998
3 14751
3 16416
3 19197
3 7722
3 38502
3 30870
3 19701
3 27756
3 33678
3 27036
3 33633
3 14409
3 16128
3 52398
3 28944
3 23418
3 31599
3 23085
3 16416
3 18918
3 9504
3 27738
3 25488
3 15804
3 28989
3 21222
3 16263
3 17253
3 13491
3 29502
3 16191
3 30474
3 32715
3 19062
3 23265
3 22896
3 36945
3 33678
3 22896
3 34749
3 18873
3 25209
3 20223
3 22248
3 23688
3 32553
3 7965
3 23904
3 34830
3 16263
3 4743
3 27756
3 44505
3 32715
3 33993
3 25488
3 23688
3 37377
3 20979
3 4788
3 19566
3 19701
3 23643
3 30942
3 15633
3 16416
3 23643
3 6840
3 11907
3 18162
3 23643
3 28800
3 17298
3 10737
3 25056
3 45360
3 19017
3 12087
3 30870
3 28989
3 25236
3 20574
3 19017
3 16695
3 43578
3 19062
3 19017
3 42786
3 28989
3 36270
3 22698
3 23085
3 45963
3 37377
3 5211
3 16128
3 24048
3 27702
3 30474
3 33120
3 12087
3 31599
3 14139
3 18378
3 21222
3 28080
3 26055
3 22581
3 25758
3 66492
3 12825
3 33993
3 32553
3 23742
3 15633
3 27036
3 25497
3 36612
3 20574
3 23904
3 22212
3 17253
3 23742
3 27036
3 28080
3 23148
3 34749
3 37170
3 30105
3 14751
3 24192
3 37242
3 14085
3 37377
3 20250
3 23742
3 35550
3 14328
3 35271
3 42651
3 30474
3 19773
3 28989
3 15111
3 27738
3 33831
3 28962
3 25209
3 22221
3 18873
3 23148
3 46998
3 30096
3 16245
3 18918
3 18873
3 17028
3 22185
3 37377
3 49419
3 53721
3 29502
3 28800
3 15102
3 14409
3 34830
3 52272
3 25488
3 23688
3 35982
3 22221
3 12087
3 25056
3 21960
3 32760
3 15057
3 33678
3 25488
3 16650
3 16191
3 16416
3 26055
3 17532
3 16695
3 19773
3 23265
3 46728
3 16416
3 23103
3 30105
3 12861
3 33453
3 20979
3 28989
3 22896
3 29286
3 9315
3 13491
3 32553
3 28962
3 25803
3 33678
3 14418
3 44505
3 34335
3 16416
3 25704
3 37026
3 40050
3 34155
3 30051
3 63297
3 36441
3 26226
3 14328
3 19773
3 18918
3 35631
3 20574
3 22212
3 27036
3 18873
3 20979
3 33192
3 10998
3 9270
3 52560
3 30105
3 27036
3 9144
3 33408
3 33660
3 19773
3 22896
3 15192
3 15111
3 37026
3 16695
3 27756
3 62406
3 19197
3 48141
3 29502
3 14418
3 22896
3 33795
3 27756
3 14373
3 18873
3 19197
3 14373
3 2799
3 9216
3 23265
3 25497
3 26919
3 17253
3 23148
3 33993
3 23094
3 13491
3 22383
3 23265
3 14328
3 31599
3 30870
3 34749
3 19899
3 8253
3 20979
3 42984
3 34794
3 23148
3 23103
3 23058
3 22851
3 23598
3 40005
3 21573
3 30267
3 35550
3 14409
3 5211
3 25488
3 8100
3 25803
3 23733
3 35595
3 18873
3 48330
3 17028
3 11952
3 18873
3 27036
3 13788
3 20979
3 19773
3 20574
3 28989
3 16695
3 16416
3 30267
3 30474
3 39645
3 29502
3 16416
3 25803
3 23688
3 19728
3 23058
3 32292
3 33831
3 19017
3 22212
3 52443
3 16191
3 14373
3 20304
3 28800
3 15768
3 33444
3 25488
3 16011
3 34749
3 43578
3 12861
3 23265
3 18873
3 34749
3 51516
3 35109
3 17028
3 24048
3 23418
3 23643
3 29502
3 27756
3 12861
3 16191
3 50715
3 19017
3 34749
3 19017
3 40005
3 33678
3 22212
3 23643
3 18918
3 33165
3 18873
3 20574
3 30105
3 26172
3 16191
3 16740
3 32112
3 16263
3 25488
3 37377
3 23418
3 23688
3 20304
3 18873
3 28962
3 22383
3 13491
3 10998
3 34335
3 33678
3 10998
3 10998
3 22221
3 13617
3 16416
3 7830
3 22212
3 6840
3 43578
3 32670
3 34749
3 22383
3 20772
3 19701
3 18873
3 44505
3 29736
3 9900
3 22896
3 33993
3 19197
3 30096
3 18873
3 34335
3 16128
3 29286
3 13860
3 10998
3 12276
3 36945
3 16416
3 25488
3 32805
3 44505
3 23013
3 20979
3 16191
3 23265
3 16128
3 18918
3 22896
3 24192
3 37026
3 23148
3 16416
3 32553
3 28611
3 7866
3 46728
3 17532
3 27036
3 16740
3 18153
3 29538
3 12141
3 40050
3 31599
3 24192
3 9900
3 30483
3 15138
3 27783
3 12663
3 27756
3 8586
3 26379
3 14103
3 15633
3 8253
3 30096
3 30834
3 18918
3 19773
3 19062
3 24489
3 25497
3 28611
3 29502
3 15633
3 18873
3 17028
3 10998
3 19017
3 16191
3 20574
3 23643
3 37377
3 27036
3 16263
3 23688
3 14751
3 49491
3 33831
3 12861
3 26523
3 19197
3 28080
3 16191
3 23688
3 9216
3 46503
3 20772
3 33660
3 14751
3 34830
3 33633
3 23688
3 23148
3 16128
3 15804
3 31599
3 12087
3 49419
3 16191
3 19017
3 18729
3 20979
3 28665
3 15633
3 23733
3 23643
3 32715
3 19701
3 65925
3 22221
3 16695
3 14373
3 14409
3 23688
3 20979
3 9216
3 13509
3 17532
3 23904
3 14373
3 38547
3 27702
3 18918
3 16416
3 29736
3 16263
3 20259
3 23643
3 38268
3 25056
3 14373
3 12087
3 10026
3 12483
3 25056
3 26055
3 14328
3 16695
3 23103
3 12285
3 16128
3 27756
3 28989
3 15633
3 13860
3 15633
3 29457
3 12861
3 25056
3 25209
3 5499
3 23265
3 18729
3 23148
3 45270
3 43092
3 19017
3 9216
3 37377
3 19197
3 27756
3 23598
3 38502
3 45675
3 23265
3 33192
3 23643
3 19773
3 25209
3 43299
3 13491
3 23904
3 37242
3 19782
3 30096
3 23688
3 24489
3 19701
3 30483
3 26523
3 12087
3 33678
3 26739
3 26055
3 26397
3 23148
3 33444
3 28665
3 19575
3 19017
3 29736
3 14751
3 14373
3 12825
3 29736
3 26730
3 30834
3 26397
3 23733
3 31599
3 41535
3 34749
3 18873
3 12087
3 42030
3 29538
3 12096
3 13491
3 18873
3 37377
3 23265
3 19773
3 14751
3 48339
3 32715
3 19773
3 14409
3 27756
3 22941
3 9144
3 33633
3 37377
3 33120
3 33678
3 12663
3 22185
3 19062
3 15804
3 30870
3 22896
3 18918
3 30105
3 27036
3 7812
3 16191
3 18918
3 12483
3 36900
3 33678
3 25803
3 28800
3 15804
3 23148
3 19701
3 9315
3 24048
3 5499
3 12087
3 25803
3 19701
3 26739
3 16191
3 47772
3 23616
3 27036
3 30105
3 23643
3 27756
3 16128
3 16191
3 15111
3 22608
3 27036
3 25056
3 17802
3 15093
3 48357
3 27864
3 20304
3 11952
3 19773
3 19701
3 11907
3 16191
3 63297
3 19854
3 25488
3 14409
3 12087
3 21375
3 27756
3 18873
3 33633
3 32247
3 22221
3 23904
3 30267
3 19899
3 14328
3 14040
3 23643
3 7407
3 18729
3 22212
3 49419
3 63342
3 29502
3 23643
3 42030
3 22896
3 22896
3 16740
3 13446
3 27036
3 13491
3 33660
3 33444
3 20979
3 29502
3 22248
3 32670
3 21573
3 21375
3 19197
3 19701
3 23148
3 29502
3 54135
3 26730
3 27036
3 27756
3 19197
3 7443
3 13617
3 22941
3 15633
3 29502
3 33336
3 23148
3 33795
3 28989
3 20574
3 34407
3 23733
3 14040
3 25497
3 45189
3 14418
3 30834
3 29502
3 16128
3 19899
3 33408
3 12861
3 25209
3 29538
3 16191
3 23337
3 28800
3 32112
3 15057
3 34335
3 10737
3 25488
3 19197
3 13860
3 23643
3 19728
3 23013
3 27756
3 33660
3 22212
3 12357
3 25803
3 18873
3 38268
3 8577
3 35973
3 19017
3 25056
3 15633
3 15804
3 46008
3 24489
3 12141
3 16650
3 19899
3 30096
3 16191
3 23643
3 26739
3 14409
3 18873
3 9549
3 52560
3 2115
3 47160
3 12825
3 23643
3 50256
3 46530
3 24192
3 17847
3 12573
3 43299
3 12357
3 9504
3 23904
3 25533
3 26397
3 19773
3 63441
3 27036
3 19197
3 19701
3 32715
3 19773
3 28611
3 30834
3 18873
3 15102
3 46458
3 23148
3 30474
3 23688
3 25209
3 36945
3 25056
3 19017
3 26712
3 45693
3 19017
3 38925
3 25488
3 51516
3 22248
3 33192
3 28584
3 23058
3 26586
3 23742
3 19773
3 19017
3 19728
3 14436
3 19017
3 26730
3 30267
3 28800
3 25803
3 11178
3 23733
3 19062
3 40860
3 22941
3 33993
3 8253
3 16416
3 18729
3 37548
3 19782
3 30474
3 37242
3 19773
3 27630
3 23085
3 44505
3 15633
3 18729
3 33453
3 27756
3 46008
3 12087
3 14373
3 8766
3 14751
3 16650
3 28665
3 22212
3 34893
3 20376
3 29502
3 11952
3 12276
3 14373
3 32553
3 27738
3 22212
3 10998
3 35550
3 19773
3 19701
3 20979
3 35631
3 19197
3 9144
3 34830
3 20304
3 27036
3 18873
3 9243
3 19197
3 23598
3 12861
3 20574
3 15768
3 25488
3 29538
3 15804
3 34749
3 20772
3 30870
3 23148
3 22221
3 11952
3 18918
3 28989
3 16191
3 22896
3 12861
3 29502
3 6795
3 45360
3 54180
3 26055
3 16416
3 19773
3 27036
3 23337
3 26379
3 28962
3 15120
3 39177
3 30096
3 13491
3 27036
3 23049
3 22896
3 9216
3 16416
3 23418
3 18918
3 23643
3 23103
3 19197
3 20304
3 14040
3 26226
3 40050
3 23670
3 19062
3 25236
3 22383
3 24804
3 16191
3 23742
3 40005
3 20574
3 29502
3 26586
3 28989
3 23148
3 26523
3 19197
3 28665
3 30096
3 12663
3 35082
3 12861
3 30096
3 19017
3 19773
3 19197
3 10998
3 38547
3 39132
3 34749
3 27036
3 19197
3 14796
3 26397
3 16191
3 27756
3 24048
3 25236
3 33354
3 36900
3 28989
3 12087
3 14418
3 19197
3 30051
3 30051
3 22842
3 22896
3 16740
3 22221
3 40050
3 19197
3 25488
3 16416
3 36450
3 31599
3 19197
3 40050
3 23148
3 18873
3 46008
3 37026
3 10998
3 10521
3 19773
3 30474
3 15102
3 12861
3 21375
3 23148
3 25803
3 14328
3 40608
3 18918
3 19062
3 25056
3 30834
3 25803
3 22383
3 28944
3 16983
3 19701
3 20403
3 33192
3 19017
3 18729
3 23418
3 13617
3 26397
3 18918
3 18153
3 16416
3 15804
3 18729
3 10737
3 19017
3 23103
3 29538
3 28989
3 20574
3 8532
3 13617
3 23643
3 13860
3 28962
3 25056
3 26739
3 23688
3 34641
3 26964
3 28944
3 28989
3 27756
3 62073
3 28989
3 49491
3 18045
3 30267
3 12285
3 29538
3 27738
3 22212
3 20979
3 22383
3 55755
3 15804
3 13491
3 25209
3 25056
3 18612
3 18873
3 6840
3 16263
3 19017
3 21375
3 19773
3 62181
3 10998
3 28665
3 23058
3 18729
3 23265
3 40005
3 33192
3 18873
3 41247
3 14418
3 32553
3 17253
3 15633
3 23643
3 8253
3 28989
3 10998
3 9144
3 7866
3 24048
3 16650
3 14373
3 53442
3 10998
3 30474
3 34749
3 30870
3 32292
3 16416
3 16416
3 16695
3 10998
3 23337
3 23742
3 23688
3 40050
3 26586
3 16128
3 23688
3 25497
3 23733
3 12861
3 19062
3 23643
3 27036
3 19197
3 28944
3 30474
3 19017
3 29502
3 13617
3 53442
3 12087
3 22941
3 35271
3 52398
3 19773
3 28665
3 22608
3 29736
3 14760
3 33192
3 37377
3 28557
3 12861
3 25056
3 23103
3 42030
3 16191
3 14373
3 7704
3 39681
3 14373
3 42831
3 10998
3 22896
3 18918
3 23148
3 36108
3 33993
3 23742
3 19017
3 22896
3 16191
3 14373
3 33993
3 23103
3 22248
3 12861
3 9981
3 16983
3 25236
3 16191
3 25254
3 25056
3 23643
3 22221
3 22383
3 8253
3 19197
3 23643
3 23103
3 43326
3 30267
3 25803
3 18873
3 17253
3 12861
3 9900
3 14373
3 34074
3 22896
3 14139
3 15804
3 18873
3 33444
3 17253
3 23103
3 40005
3 16191
3 26379
3 23103
3 19782
3 9144
3 28557
3 40005
3 28962
3 28800
3 19197
3 26397
3 19197
3 36900
3 26739
3 32292
3 22842
3 20376
3 28989
3 28989
3 26379
3 26991
3 23418
3 29286
3 14328
3 19062
3 27738
3 19062
3 28944
3 30105
3 12087
3 22212
3 18873
3 38268
3 33993
3 28800
3 25209
3 23643
3 37377
3 26991
3 23643
3 19782
3 28989
3 14040
3 19197
3 9900
3 13491
3 36945
3 13491
3 15057
3 9972
3 28989
3 19773
3 18873
3 5958
3 14436
3 22212
3 9216
3 19773
3 22383
3 16191
3 14751
3 19062
3 16191
3 20979
3 25209
3 13491
3 30096
3 23265
3 11952
3 38925
3 16191
3 25209
3 34893
3 8631
3 12861
3 19017
3 13491
3 9216
3 23103
3 10737
3 16416
3 30267
3 23265
3 27036
3 19782
3 19773
3 29502
3 36945
3 33408
3 14418
3 22221
3 23742
3 18918
3 14040
3 23058
3 16416
3 45963
3 28665
3 12861
3 22383
3 43209
3 40005
3 16263
3 26739
3 30096
3 13860
3 11043
3 23688
3 19197
3 25803
3 23796
3 36441
3 23148
3 15804
3 22896
3 47340
3 23418
3 34074
3 23643
3 27756
3 19773
3 29502
3 30870
3 15633
3 25803
3 16191
3 23643
3 25803
3 36270
3 19062
3 25497
3 14751
3 14373
3 9900
3 19782
3 27153
3 34794
3 32238
3 18873
3 12861
3 25488
3 11133
3 30870
3 16263
3 15111
3 28989
3 19197
3 13491
3 9216
3 23643
3 16191
3 30051
3 22383
3 30105
3 23643
3 19197
3 10998
3 23148
3 11178
3 19062
3 25488
3 30051
3 19782
3 33192
3 27738
3 30051
3 16191
3 25488
3 40491
3 23886
3 30096
3 16128
3 33453
3 24165
3 19017
3 14373
3 22185
3 44460
3 14409
3 19719
3 16416
3 20979
3 15804
3 31590
3 19773
3 12087
3 28449
3 42831
3 16416
3 19773
3 42102
3 32553
3 19017
3 44505
3 8631
3 22896
3 19197
3 27756
3 46728
3 22887
3 15057
3 14373
3 29502
3 16416
3 43434
3 18918
3 19017
3 27738
3 19719
3 22896
3 16128
3 39177
3 23643
3 31743
3 10998
3 34074
3 43479
3 22896
3 23643
3 16416
3 25254
3 19773
3 20484
3 14418
3 14409
3 28989
3 19701
3 4743
3 26739
3 11133
3 37377
3 30267
3 16695
3 6795
3 10737
3 13491
3 43479
3 18873
3 12285
3 17847
3 25056
3 35982
3 23643
3 10998
3 19197
3 7866
3 19062
3 23265
3 11952
3 22743
3 23733
3 29502
3 12087
3 25659
3 27756
3 27756
3 14085
3 11907
3 48330
3 25254
3 23337
3 19017
3 14373
3 62181
3 9144
3 23688
3 33993
3 27036
3 67644
3 14760
3 16191
3 9216
3 43479
3 15804
3 33408
3 27756
3 5805
3 45360
3 33192
3 12861
3 41931
3 14751
3 19062
3 23634
3 18918
3 29547
3 10737
3 22896
3 29502
3 30096
3 45270
3 30096
3 37026
3 16416
3 25803
3 16461
3 6840
3 12825
3 35973
3 19062
3 5211
3 23742
3 18873
3 13788
3 42930
3 7812
3 14220
3 23373
3 29502
3 42066
3 22842
3 38925
3 17028
3 25803
3 37377
3 18873
3 30870
3 46008
3 35973
3 23688
3 14409
3 15057
3 17532
3 26586
3 17253
3 20979
3 5994
3 18918
3 16695
3 19017
3 33660
3 41247
3 17847
3 31599
3 30870
3 20979
3 33408
3 23103
3 27756
3 30267
3 25164
3 23742
3 23337
3 23013
3 20304
3 12861
3 22212
3 28944
3 19197
3 22212
3 26739
3 23049
3 27036
3 22896
3 30474
3 26730
3 54180
3 12825
3 13491
3 17028
3 23643
3 9216
3 30096
3 41247
3 34110
3 11133
3 14373
3 25209
3 33615
3 29538
3 20979
3 8478
3 40752
3 7443
3 58437
3 8766
3 37026
3 51966
3 23265
3 23688
3 15102
3 13464
3 36900
3 28800
3 25209
3 12861
3 10998
3 19773
3 13491
3 16416
3 13491
3 14328
3 27036
3 23688
3 22212
3 20259
3 37377
3 27225
3 18873
3 23679
3 16695
3 30267
3 33408
3 25488
3 22248
3 27036
3 28989
3 30834
3 23688
3 28962
3 15633
3 22896
3 23337
3 23148
3 34749
3 29736
3 19017
3 30267
3 25209
3 53028
3 29502
3 32112
3 28080
3 16416
3 23148
3 18918
3 45963
3 29502
3 14040
3 20979
3 11907
3 33408
3 34110
3 19773
3 19197
3 39798
3 18873
3 14760
3 28449
3 13491
3 23688
3 57186
3 23643
3 23634
3 13491
3 8532
3 28962
3 23148
3 28800
3 34335
3 29538
3 9243
3 33660
3 25488
3 13491
3 13860
3 22212
3 30870
3 33660
3 26379
3 4788
3 25056
3 17253
3 9243
3 33633
3 19017
3 19773
3 19782
3 18873
3 23643
3 24048
3 18873
3 19782
3 26379
3 16416
3 49419
3 25497
3 38628
3 23103
3 15093
3 24804
3 27756
3 27738
3 23103
3 23265
3 18918
3 14373
3 53856
3 30870
3 20979
3 18873
3 36108
3 19017
3 31599
3 29502
3 12861
3 23265
3 24048
3 19017
3 29538
3 25056
3 37170
3 12825
3 16191
3 23643
3 19701
3 47880
3 23733
3 9216
3 43326
3 26379
3 23103
3 16650
3 23103
3 24192
3 43578
3 23643
3 33444
3 14751
3 59499
3 35550
3 29457
3 8100
3 30744
3 27738
3 31599
3 34074
3 19017
3 34749
3 14373
3 15021
3 36900
3 22896
3 40050
3 30105
3 26379
3 13491
3 29538
3 9549
3 28962
3 28989
3 10998
3 34335
3 1503
3 24759
3 20376
3 27756
3 32112
3 19944
3 25497
3 20979
3 23103
3 12276
3 25803
3 43578
3 20979
3 23616
3 23742
3 30834
3 13860
3 25236
3 19017
3 53442
3 19017
3 26739
3 19773
3 29952
3 14373
3 15633
3 18918
3 19773
3 18873
3 23598
3 33678
3 16416
3 17253
3 34074
3 26523
3 23598
3 24804
3 23148
3 23148
3 28989
3 34335
3 13491
3 25056
3 13860
3 19197
3 32715
3 43623
3 25497
3 36945
3 6840
3 16200
3 15111
3 26379
3 36396
3 19062
3 15147
3 36396
3 12087
3 17532
3 9216
3 23598
3 23058
3 25488
3 30870
3 39528
3 16740
3 22383
3 16695
3 18918
3 32634
3 33678
3 38457
3 28557
3 15804
3 20619
3 22212
3 25803
3 15633
3 26379
3 32112
3 19017
3 8505
3 28989
3 24444
3 17253
3 19773
3 43479
3 25488
3 16263
3 16650
3 23688
3 14328
3 33291
3 18873
3 11907
3 30096
3 20979
3 14859
3 30096
3 19062
3 47790
3 24669
3 13617
3 24444
3 7812
3 30744
3 5850
3 22896
3 19701
3 8586
3 16191
3 25056
3 18918
3 18873
3 15804
3 37377
3 9216
3 30096
3 33696
3 43173
3 23733
3 10998
3 21375
3 16740
3 30870
3 33660
3 15057
3 12087
3 25803
3 7506
3 47790
3 39645
3 32112
3 23733
3 44505
3 27756
3 19197
3 19062
3 21375
3 15768
3 9144
3 18918
3 33660
3 24444
3 11178
3 19854
3 22221
3 17253
3 19701
3 18918
3 46008
3 18729
3 30267
3 22896
3 23688
3 23868
3 21222
3 23337
3 23904
3 23643
3 30096
3 12366
3 22212
3 23598
3 18153
3 13860
3 24804
3 25056
3 32490
3 30051
3 26739
3 41616
3 33831
3 14040
3 27756
3 25488
3 22383
3 45693
3 12663
3 30051
3 28944
3 19017
3 23373
3 14418
3 41247
3 46008
3 27756
3 18873
3 13860
3 12861
3 24804
3 10998
3 44505
3 23643
3 28800
3 19773
3 18918
3 31266
3 33768
3 38268
3 23418
3 29502
3 17253
3 57186
3 27036
3 23265
3 24192
3 43479
3 25056
3 31266
3 16200
3 36396
3 16263
3 36900
3 13491
3 43578
3 24048
3 16191
3 23643
3 40050
3 22383
3 19773
3 35982
3 10998
3 19197
3 20574
3 27036
3 29502
3 12861
3 9216
3 18918
3 47790
3 11934
3 33993
3 39528
3 8397
3 30096
3 15057
3 12861
3 33831
3 28665
3 26397
3 30105
3 22212
3 26730
3 19017
3 14085
3 36270
3 12861
3 16416
3 19773
3 40086
3 28080
3 15633
3 16650
3 25803
3 29997
3 19521
3 27756
3 22212
3 23265
3 25209
3 37377
3 24192
3 26586
3 27036
3 19197
3 33660
3 14751
3 25254
3 25488
3 12285
3 20376
3 19197
3 19062
3 14040
3 19062
3 25488
3 18918
3 31599
3 23742
3 18918
3 13491
3 19773
3 28989
3 29502
3 12807
3 22896
3 23148
3 15804
3 16740
3 30051
3 18918
3 27036
3 20979
3 20259
3 28989
3 12276
3 23904
3 23373
3 28944
3 37377
3 21960
3 19017
3 16191
3 44505
3 38916
3 30096
3 19017
3 22212
3 19062
3 16191
3 11907
3 12825
3 23337
3 15138
3 19017
3 14040
3 18918
3 20979
3 16416
3 41796
3 39177
3 22896
3 36945
3 14409
3 33408
3 19197
3 56880
3 18729
3 14436
3 18432
3 12285
3 26397
3 11952
3 18873
3 15633
3 28962
3 16263
3 31599
3 24804
3 30051
3 34749
3 25803
3 27756
3 23265
3 20259
3 34641
3 14040
3 30870
3 18918
3 34335
3 14373
3 24165
3 33120
3 42651
3 18918
3 16128
3 23616
3 28557
3 30105
3 26226
3 31311
3 18162
3 10998
3 30870
3 18153
3 7443
3 34074
3 13860
3 27756
3 28665
3 13464
3 23904
3 43650
3 10026
3 30744
3 25209
3 35550
3 33408
3 13491
3 19521
3 26586
3 13509
3 23085
3 17802
3 27756
3 33408
3 13860
3 22221
3 18873
3 16695
3 18153
3 19773
3 40410
3 19197
3 33831
3 20304
3 19017
3 16191
3 14436
3 33660
3 28080
3 18873
3 19197
3 23688
3 43605
3 20979
3 14373
3 23733
3 28611
3 37548
3 38268
3 39132
3 12663
3 16416
3 30870
3 13491
3 27738
3 23598
3 29538
3 8604
3 19773
3 14373
3 34749
3 22743
3 25803
3 16416
3 26379
3 23265
3 20979
3 34335
3 34641
3 43479
3 23265
3 26379
3 16191
3 29538
3 14085
3 19017
3 16128
3 22212
3 29502
3 15804
3 38457
3 24048
3 11718
3 13617
3 28962
3 13860
3 18873
3 12087
3 15633
3 12861
3 23733
3 18729
3 17802
3 43623
3 27738
3 15336
3 10998
3 23742
3 32553
3 4788
3 19773
3 19773
3 12825
3 29502
3 30834
3 25236
3 8586
3 30834
3 33192
3 35631
3 16416
3 32112
3 15336
3 38457
3 23337
3 18918
3 26280
3 28557
3 23643
3 14373
3 18045
3 5850
3 27036
3 33633
3 30870
3 13491
3 27756
3 36945
3 25488
3 15102
3 25488
3 10566
3 32805
3 47790
3 29502
3 23148
3 16191
3 14040
3 21375
3 34749
3 15057
3 39132
3 23058
3 9216
3 39132
3 19197
3 25488
3 29502
3 16191
3 47160
3 39132
3 15633
3 43326
3 16650
3 23688
3 23085
3 40536
3 17253
3 23643
3 31743
3 19701
3 23103
3 29502
3 7965
3 25497
3 12087
3 27036
3 23643
3 21375
3 28557
3 18918
3 20574
3 14103
3 22824
3 16416
3 9981
3 23643
3 19773
3 22221
3 27036
3 18918
3 23733
3 43479
3 14373
3 30483
3 8532
3 30870
3 12861
3 15804
3 16128
3 16740
3 16191
3 45360
3 28665
3 5805
3 26523
3 36945
3 16128
3 19197
3 9216
3 32112
3 38268
3 27756
3 32112
3 22383
3 18873
3 24192
3 12861
3 24192
3 40005
3 22581
3 15804
3 31743
3 23265
3 19017
3 14418
3 33678
3 27036
3 27756
3 28368
3 14373
3 19017
3 24444
3 34749
3 26379
3 36945
3 23148
3 19017
3 16263
3 36612
3 23337
3 35973
3 28665
3 24192
3 9279
3 10521
3 28989
3 30096
3 19701
3 25236
3 18153
3 14373
3 18873
3 5499
3 19899
3 18162
3 18918
3 42030
3 48267
3 11907
3 16128
3 28296
3 33444
3 19017
3 14373
3 39924
3 42102
3 19701
3 10998
3 27036
3 25056
3 18918
3 15336
3 16740
3 35082
3 22653
3 10998
3 19197
3 16263
3 23265
3 33453
3 11133
3 21222
3 15633
3 10917
3 15336
3 28611
3 29502
3 22185
3 14751
3 14751
3 35631
3 30870
3 22248
3 34110
3 19062
3 27036
3 36900
3 15633
3 19197
3 19197
3 26739
3 26055
3 33192
3 14418
3 30141
3 50256
3 41535
3 44298
3 34749
3 42651
3 28962
3 14760
3 21573
3 22653
3 9900
3 30789
3 23679
3 20016
3 11907
3 25056
3 8631
3 28665
3 16128
3 14373
3 16191
3 23103
3 25056
3 23103
3 23265
3 33993
3 23616
3 26586
3 30105
3 28989
3 31644
3 19773
3 14085
3 33489
3 25704
3 27756
3 16128
3 25236
3 27756
3 16416
3 19701
3 29502
3 13617
3 14409
3 8253
3 25488
3 29502
3 19197
3 49419
3 16650
3 46485
3 35964
3 34830
3 44505
3 43479
3 28800
3 26523
3 36900
3 27756
3 19062
3 29502
3 25803
3 19782
3 16191
3 20223
3 23643
3 30222
3 39132
3 15633
3 22383
3 15102
3 13788
3 23265
3 33831
3 33120
3 29061
3 18729
3 19773
3 10998
3 19197
3 30105
3 13446
3 6795
3 36945
3 43605
3 32760
3 33831
3 33192
3 28665
3 38268
3 47340
3 35109
3 24444
3 31698
3 39132
3 23688
3 43092
3 12861
3 27036
3 36396
3 26379
3 12312
3 23265
3 30096
3 18918
3 15138
3 55503
3 48384
3 30942
3 43479
3 26379
3 33660
3 28962
3 14040
3 13491
3 14796
3 23688
3 19017
3 13491
3 22896
3 23643
3 6795
3 8586
3 15633
3 19773
3 48357
3 16191
3 19701
3 33660
3 19017
3 28989
3 30870
3 37377
3 14751
3 33444
3 12861
3 23337
3 14373
3 23643
3 31743
3 17253
3 8253
3 5067
3 32112
3 24606
3 33660
3 22896
3 18873
3 12861
3 19773
3 13617
3 29997
3 19197
3 45270
3 20574
3 33993
3 33408
3 23103
3 20574
3 13860
3 25056
3 54657
3 39177
3 25488
3 18153
3 20574
3 19782
3 23589
3 16263
3 23373
3 17253
3 25488
3 8586
3 26379
3 19773
3 11133
3 46008
3 20979
3 18873
3 28557
3 30105
3 19566
3 33192
3 34749
3 36828
3 15804
3 19773
3 23688
3 7965
3 27756
3 13860
3 20574
3 27036
3 43524
3 14373
3 19944
3 28962
3 16191
3 52272
3 34641
3 25254
3 13860
3 23733
3 24975
3 35631
3 25488
3 15804
3 29538
3 14373
3 19782
3 29502
3 15633
3 22896
3 9144
3 54603
3 18873
3 19062
3 28962
3 30870
3 29502
3 15804
3 29538
3 33408
3 23418
3 16416
3 22896
3 9981
3 33723
3 25488
3 30105
3 11403
3 49491
3 14796
3 30267
3 7722
3 23724
3 25803
3 19773
3 48339
3 23337
3 28989
3 38925
3 39177
3 19017
3 13491
3 20979
3 6363
3 20979
3 12663
3 6840
3 48330
3 26055
3 31428
3 35271
3 29502
3 16983
3 12438
3 23013
3 38925
3 16416
3 15111
3 20223
3 19854
3 22212
3 13509
3 22896
3 44505
3 12663
3 23085
3 24804
3 25533
3 26379
3 25236
3 13464
3 33192
3 23337
3 28962
3 57321
3 26523
3 15138
3 56016
3 30096
3 28962
3 20304
3 30834
3 16695
3 28989
3 48357
3 23904
3 28080
3 19773
3 12861
3 25803
3 33615
3 19197
3 22896
3 18873
3 23418
3 13509
3 9216
3 9900
3 13860
3 8478
3 30105
3 19899
3 23265
3 13491
3 23688
3 28665
3 40860
3 24048
3 26379
3 14328
3 35550
3 23337
3 26055
3 9216
3 12861
3 18873
3 28557
3 54135
3 16416
3 30267
3 41535
3 16650
3 20259
3 23643
3 9270
3 16416
3 24804
3 22896
3 16695
3 23598
3 37026
3 41931
3 7767
3 22221
3 25056
3 30096
3 29997
3 25209
3 17028
3 16128
3 16416
3 14463
3 10998
3 16695
3 20979
3 13860
3 32112
3 33993
3 20979
3 43173
3 14373
3 32553
3 22212
3 37377
3 33993
3 15336
3 23688
3 22851
3 12087
3 20349
3 37548
3 43299
3 23418
3 8766
3 28800
3 23598
3 9315
3 28485
3 51723
3 25209
3 20979
3 18918
3 47340
3 15408
3 17028
3 19701
3 9900
3 18630
3 22896
3 26739
3 47340
3 30474
3 27036
3 28989
3 18918
3 33723
3 26397
3 25056
3 31599
3 25803
3 7866
3 15057
3 26730
3 23265
3 15057
3 41535
3 35550
3 10998
3 24048
3 28080
3 14409
3 34893
3 48384
3 27756
3 43578
3 23688
3 19197
3 37422
3 10998
3 30870
3 33408
3 10737
3 8253
3 18873
3 14436
3 15408
3 21222
3 38457
3 19017
3 42030
3 12861
3 24804
3 11304
3 53442
3 12663
3 15057
3 16191
3 30096
3 16416
3 47790
3 23688
3 22896
3 22896
3 14373
3 15633
3 29736
3 28665
3 11952
3 27756
3 25803
3 25803
3 31266
3 14409
3 15804
3 13491
3 35973
3 15057
3 22221
3 19017
3 37377
3 26964
3 16236
3 25056
3 33831
3 25488
3 20979
3 18153
3 14040
3 23643
3 19017
3 19773
3 19773
3 36945
3 33678
3 25056
3 9279
3 23688
3 12861
3 20223
3 30096
3 16263
3 10998
3 25029
3 19773
3 12861
3 18162
3 34893
3 5211
3 22896
3 12087
3 30267
3 27036
3 24489
3 28800
3 23679
3 28557
3 25488
3 27756
3 26379
3 22851
3 19197
3 33192
3 19773
3 19773
3 34074
3 23742
3 12573
3 28989
3 28989
3 26226
3 33786
3 34641
3 8253
3 14418
3 22653
3 55296
3 18999
3 21222
3 23103
3 40005
3 19773
3 22221
3 31266
3 19062
3 33444
3 37080
3 26739
3 19197
3 33678
3 30474
3 17253
3 16416
3 25209
3 14103
3 16263
3 31023
3 8253
3 10998
3 30744
3 24048
3 14409
3 12861
3 27036
3 19773
3 30834
3 23418
3 23616
3 23688
3 14373
3 19197
3 27036
3 9216
3 30483
3 48330
3 30870
3 23265
3 16416
3 23103
3 30267
3 14409
3 15138
3 16128
3 15804
3 13212
3 19062
3 22896
3 21375
3 19062
3 19197
3 24804
3 22167
3 19017
3 22608
3 14796
3 20574
3 19773
3 26586
3 33831
3 23733
3 4743
3 36945
3 10998
3 26226
3 28080
3 32670
3 19197
3 23733
3 40752
3 22212
3 36900
3 20304
3 18873
3 27738
3 25488
3 22896
3 23733
3 16695
3 15804
3 29502
3 30474
3 30096
3 8604
3 34830
3 54135
3 18729
3 47097
3 25056
3 23337
3 19701
3 16695
3 23643
3 23337
3 33120
3 29538
3 29538
3 53415
3 18477
3 25488
3 24489
3 33993
3 9900
3 22212
3 29538
3 33660
3 9216
3 32292
3 30267
3 23643
3 18918
3 26523
3 19197
3 14859
3 22383
3 22248
3 40860
3 15633
3 19701
3 23643
3 20979
3 29502
3 7443
3 53442
3 25209
3 19773
3 22221
3 16263
3 44505
3 19701
3 19062
3 8253
3 37377
3 8586
3 19773
3 19197
3 14418
3 23742
3 20574
3 14409
3 33660
3 22221
3 13617
3 19197
3 28962
3 23688
3 22221
3 28557
3 31644
3 15633
3 27927
3 12285
3 19197
3 23418
3 23742
3 50715
3 12087
3 15057
3 22248
3 19521
3 49491
3 14409
3 12861
3 39960
3 5067
3 36945
3 23103
3 18153
3 16650
3 29502
3 15633
3 22248
3 12825
3 13491
3 10998
3 23598
3 18873
3 8631
3 18999
3 29538
3 23634
3 35109
3 12087
3 15804
3 22212
3 16695
3 25497
3 14040
3 16416
3 18378
3 23616
3 43479
3 7812
3 23643
3 45360
3 16740
3 14409
3 11907
3 29502
3 16191
3 16191
3 6795
3 27036
3 7812
3 18918
3 30474
3 23265
3 7812
3 23337
3 22896
3 13860
3 14436
3 19782
3 32553
3 25488
3 14418
3 28989
3 33831
3 51678
3 34893
3 30474
3 26055
3 23733
3 11169
3 47358
3 23688
3 30096
3 43173
3 19773
3 36108
3 14355
3 33993
3 19062
3 20349
3 15111
3 19062
3 14040
3 23643
3 20403
3 19530
3 23688
3 19197
3 27036
3 39132
3 22212
3 29502
3 12861
3 19017
3 11952
3 23103
3 18918
3 23337
3 32112
3 13491
3 5850
3 23085
3 27756
3 36945
3 9315
3 12861
3 16128
3 30096
3 23373
3 39177
3 23688
3 25101
3 25209
3 14373
3 19017
3 9900
3 4248
3 16263
3 28962
3 19701
3 22896
3 28665
3 37377
3 19197
3 28944
3 18873
3 25209
3 32112
3 10998
3 15633
3 19197
3 16416
3 36945
3 18873
3 28665
3 19773
3 33633
3 18873
3 23643
3 20574
3 35982
3 16263
3 23904
3 23688
3 47835
3 33633
3 30096
3 25488
3 56088
3 18918
3 13464
3 8766
3 20979
3 22896
3 8766
3 19017
3 1035
3 18873
3 24192
3 22851
3 23643
3 33192
3 9027
3 30105
3 13617
3 23103
3 14040
3 29538
3 5067
3 8253
3 46485
3 18873
3 53253
3 28989
3 24489
3 16191
3 19773
3 23643
3 36270
3 16011
3 14859
3 19773
3 18873
3 18162
3 26379
3 31644
3 19017
3 14373
3 18873
3 29538
3 30474
3 23373
3 23265
3 25056
3 28989
3 21573
3 19899
3 23643
3 8505
3 8505
3 19017
3 5850
3 14040
3 12861
3 35550
3 12861
3 23337
3 5220
3 25236
3 23265
3 18873
3 13491
3 25533
3 19197
3 28962
3 29538
3 16416
3 26730
3 48267
3 30789
3 14103
3 18918
3 23643
3 14409
3 20979
3 14220
3 14328
3 28962
3 19017
3 13860
3 22185
3 10998
3 53298
3 23688
3 16740
3 18918
3 12087
3 19017
3 28125
3 27756
3 22221
3 34830
3 11952
3 22248
3 31797
3 33993
3 30105
3 23373
3 34893
3 23742
3 18918
3 14373
3 10998
3 28989
3 8631
3 50301
3 19899
3 16416
3 40005
3 32634
3 30105
3 35856
3 28989
3 11133
3 24804
3 23688
3 23148
3 16416
3 12087
3 25488
3 22212
3 18918
3 27036
3 9216
3 40050
3 19017
3 30267
3 27702
3 23337
3 42525
3 18918
3 14859
3 29538
3 28944
3 20376
3 23688
3 13491
3 4698
3 18918
3 19017
3 23148
3 17253
3 9279
3 12861
3 15057
3 30501
3 50715
3 30096
3 15633
3 29538
3 29502
3 12861
3 21573
3 11088
3 19197
3 29538
3 42111
3 14409
3 28557
3 23733
3 30870
3 22221
3 30474
3 34641
3 29502
3 25056
3 29538
3 29502
3 11133
3 14859
3 14103
3 14040
3 16191
3 30105
3 9243
3 30834
3 47340
3 20574
3 14409
3 30051
3 9756
3 25803
3 19899
3 29538
3 25236
3 23058
3 27756
3 6840
3 16191
3 31788
3 10998
3 30051
3 19062
3 16191
3 43623
3 23103
3 19017
3 14373
3 14040
3 38925
3 13464
3 16416
3 23688
3 4788
3 25803
3 20979
3 21222
3 21960
3 12861
3 25488
3 28989
3 45189
3 16740
3 22896
3 12285
3 15138
3 33993
3 33993
3 25488
3 19197
3 36432
3 17532
3 19017
3 24669
3 33678
3 10377
3 16263
3 17847
3 19701
3 28962
3 14040
3 19017
3 14040
3 38547
3 31644
3 31581
3 52272
3 17532
3 22896
3 15804
3 36900
3 30096
3 26379
3 25488
3 37377
3 19701
3 12825
3 18918
3 13617
3 23418
3 26055
3 18918
3 37377
3 25209
3 16416
3 10998
3 9216
3 23103
3 26523
3 33453
3 36900
3 9216
3 27036
3 8586
3 24192
3 20772
3 23148
3 23688
3 23643
3 18918
3 18918
3 22896
3 36900
3 36900
3 14040
3 30051
3 23688
3 16416
3 8505
3 13860
3 23679
3 34938
3 25803
3 26379
3 18873
3 32112
3 24606
3 8253
3 15633
3 33192
3 41931
3 7812
3 26739
3 21375
3 29538
3 16740
3 34749
3 26379
3 19782
3 24192
3 15804
3 37026
3 8586
3 47790
3 17028
3 34749
3 18873
3 18873
3 21573
3 33408
3 47790
3 23688
3 12366
3 26730
3 14409
3 25236
3 41931
3 13491
3 20223
3 23796
3 15723
3 19773
3 28962
3 25209
3 25488
3 44460
3 29502
3 33408
3 24192
3 14373
3 13860
3 31599
3 22896
3 20574
3 19062
3 25236
3 23148
3 28125
3 35982
3 23598
3 9216
3 15138
3 13464
3 19044
3 26586
3 23148
3 22698
3 23904
3 12087
3 27036
3 27036
3 30051
3 14418
3 42651
3 30744
3 4698
3 12825
3 19197
3 26730
3 19017
3 19017
3 29538
3 18729
3 33120
3 19782
3 14859
3 22221
3 8253
3 26379
3 15633
3 14373
3 22851
3 20349
3 27036
3 25056
3 19773
3 26226
3 33291
3 27036
3 13446
3 15804
3 14409
3 19773
3 12861
3 4743
3 26379
3 23418
3 31599
3 13491
3 11952
3 22221
3 33408
3 23634
3 26919
3 16983
3 19062
3 22248
3 23643
3 16416
3 20304
3 13491
3 20979
3 26379
3 22653
3 8100
3 24192
3 29538
3 11907
3 18918
3 19782
3 36270
3 22896
3 23103
3 25488
3 23904
3 11907
3 14040
3 26523
3 11907
3 15633
3 15804
3 22212
3 23265
3 53181
3 22212
3 53298
3 13491
3 22248
3 31599
3 24498
3 46458
3 16416
3 28611
3 19899
3 14409
3 32112
3 16740
3 43209
3 14040
3 43578
3 36945
3 20817
3 30096
3 25488
3 23742
3 9279
3 44505
3 23643
3 14040
3 13617
3 19197
3 46530
3 26379
3 22896
3 35973
3 24192
3 13446
3 65304
3 19782
3 18162
3 35982
3 23103
3 23688
3 25803
3 32112
3 22896
3 14436
3 20574
3 23688
3 20223
3 37026
3 23688
3 23337
3 23148
3 19017
3 22824
3 22221
3 15804
3 13491
3 30096
3 22851
3 28989
3 19773
3 23643
3 22212
3 31599
3 18918
3 22896
3 22248
3 34641
3 26379
3 16128
3 31599
3 19566
3 26397
3 33120
3 39177
3 23148
3 33993
3 22896
3 38457
3 52443
3 35550
3 36945
3 22824
3 17253
3 26775
3 28962
3 18873
3 32112
3 30105
3 23688
3 19062
3 26379
3 23742
3 18873
3 25803
3 10998
3 31743
3 33354
3 29538
3 8397
3 15804
3 34110
3 18873
3 23373
3 14751
3 27738
3 16128
3 32112
3 16191
3 39645
3 32112
3 22221
3 18918
3 25803
3 15768
3 25704
3 33660
3 19899
3 30051
3 30942
3 9216
3 12762
3 27036
3 10998
3 19017
3 28962
3 22842
3 23337
3 18918
3 19017
3 18918
3 23418
3 28989
3 27756
3 20376
3 25497
3 31968
3 19062
3 28080
3 35982
3 12438
3 14373
3 16128
3 43479
3 19197
3 13491
3 23634
3 44505
3 25803
3 14220
3 13491
3 47340
3 10998
3 19062
3 42030
3 28989
3 23373
3 48312
3 34335
3 30870
3 30096
3 25209
3 16416
3 45675
3 37377
3 25470
3 19197
3 27036
3 14373
3 29502
3 18873
3 23733
3 19773
3 18918
3 19197
3 23688
3 47340
3 23868
3 30870
3 35271
3 15633
3 33444
3 23373
3 27756
3 33120
3 19782
3 23103
3 25488
3 23418
3 22248
3 25803
3 17802
3 16416
3 13491
3 16191
3 13491
3 14409
3 28989
3 23643
3 12285
3 19197
3 28962
3 14103
3 19197
3 30267
3 14436
3 12087
3 30834
3 29538
3 33831
3 8604
3 19899
3 15804
3 23643
3 30105
3 23643
3 23265
3 26730
3 25101
3 22653
3 14418
3 25803
3 27036
3 33408
3 27756
3 15633
3 14373
3 15804
3 12861
3 19701
3 22212
3 30474
3 13464
3 18918
3 28557
3 23418
3 34749
3 15057
3 28962
3 32634
3 9216
3 30051
3 14409
3 25803
3 20259
3 22383
3 24192
3 36900
3 19062
3 25209
3 33678
3 19782
3 16263
3 50751
3 14373
3 45360
3 15804
3 25578
3 23265
3 20259
3 30051
3 23598
3 25803
3 9270
3 26991
3 30834
3 19062
3 24786
3 24804
3 20979
3 46008
3 16191
3 19701
3 25209
3 32553
3 25209
3 23103
3 34794
3 26586
3 25056
3 25236
3 35271
3 25056
3 30096
3 14418
3 30789
3 23418
3 18873
3 69633
3 36945
3 14751
3 20574
3 8532
3 23688
3 9504
3 36945
3 19017
3 10998
3 9900
3 30105
3 27756
3 12861
3 18873
3 25803
3 36945
3 23796
3 9900
3 18873
3 29286
3 24048
3 17532
3 38925
3 23265
3 25056
3 20979
3 30870
3 43326
3 14040
3 9216
3 23103
3 16263
3 24048
3 30834
3 34335
3 16416
3 17028
3 13491
3 13491
3 23643
3 34893
3 19197
3 31599
3 30834
3 19197
3 23418
3 14373
3 14751
3 30834
3 16416
3 33444
3 30267
3 15408
3 22896
3 27738
3 25488
3 27702
3 23796
3 37377
3 22896
3 30870
3 29538
3 26397
3 16416
3 36612
3 22896
3 19197
3 19854
3 25488
3 19773
3 28611
3 25209
3 22896
3 31743
3 30105
3 39798
3 16128
3 13860
3 23265
3 16191
3 33354
3 13617
3 14409
3 18873
3 25803
3 14751
3 25803
3 9216
3 13860
3 11133
3 16128
3 31743
3 25236
3 23733
3 16650
3 24048
3 19773
3 12861
3 15804
3 23643
3 20376
3 30834
3 30267
3 23337
3 50796
3 23373
3 47790
3 22896
3 24048
3 27153
3 16416
3 17802
3 24192
3 23643
3 32553
3 30051
3 14103
3 31599
3 27036
3 33831
3 15804
3 23679
3 19197
3 29502
3 16263
3 23643
3 28125
3 5067
3 15066
3 33444
3 22383
3 31644
3 24759
3 12861
3 27036
3 46566
3 19197
3 9900
3 21375
3 16695
3 29502
3 32715
3 14040
3 16650
3 22896
3 46728
3 29502
3 30096
3 23013
3 23337
3 26226
3 16416
3 23643
3 14040
3 12861
3 18873
3 19197
3 22896
3 15057
3 12330
3 35028
3 9216
3 23418
3 33831
3 13788
3 36396
3 18729
3 19773
3 25236
3 18729
3 56088
3 23886
3 19701
3 25488
3 18873
3 9216
3 20574
3 44505
3 19017
3 25803
3 29538
3 13617
3 18729
3 8586
3 35154
3 21375
3 27738
3 23643
3 25056
3 23103
3 27756
3 33831
3 33660
3 19017
3 16416
3 19197
3 20376
3 28368
3 15633
3 22842
3 27756
3 30096
3 11952
3 14040
3 28080
3 30267
3 22608
3 34830
3 12861
3 22248
3 24669
3 38268
3 16461
3 28341
3 27036
3 16191
3 24048
3 33831
3 25803
3 43479
3 23148
3 16263
3 26055
3 10998
3 28665
3 16263
3 23589
3 37377
3 30105
3 24048
3 12825
3 23148
3 22824
3 26739
3 33120
3 23688
3 23265
3 23733
3 26397
3 18873
3 12357
3 12825
3 25236
3 19773
3 35982
3 23688
3 19017
3 36612
3 22698
3 23643
3 15633
3 18873
3 22221
3 22896
3 19062
3 23616
3 19782
3 19197
3 35028
3 36945
3 31599
3 8505
3 23643
3 5589
3 33831
3 25209
3 23418
3 33723
3 23103
3 34893
3 14409
3 15408
3 46008
3 18873
3 20979
3 14409
3 18873
3 23598
3 38502
3 39627
3 17532
3 10998
3 25488
3 63783
3 19197
3 14418
3 15633
3 46728
3 19575
3 40050
3 33291
3 10998
3 33831
3 25488
3 23148
3 34641
3 30267
3 22221
3 29538
3 27756
3 23643
3 1935
3 12861
3 16740
3 27036
3 19071
3 13491
3 30105
3 30834
3 30267
3 19899
3 47772
3 16191
3 9981
3 22896
3 30870
3 28989
3 26055
3 13860
3 15633
3 17028
3 22896
3 14040
3 30096
3 19197
3 27756
3 47340
3 36612
3 14328
3 27738
3 16416
3 9216
3 24489
3 28989
3 25488
3 29736
3 19017
3 25488
3 25488
3 28962
3 13509
3 17028
3 33993
3 25803
3 13491
3 25488
3 24192
3 28494
3 16191
3 22383
3 13860
3 23148
3 19530
3 21222
3 39222
3 37377
3 16650
3 36900
3 16983
3 23733
3 7767
3 46503
3 23265
3 31599
3 23103
3 23013
3 28962
3 19017
3 19701
3 11178
3 9243
3 33786
3 16695
3 32670
3 7137
3 26172
3 62073
3 27036
3 23688
3 18153
3 16695
3 25488
3 10998
3 13491
3 43299
3 25488
3 35550
3 12087
3 33165
3 9900
3 10026
3 27036
3 22383
3 15633
3 28989
3 48357
3 22212
3 30222
3 25209
3 33660
3 25209
3 42606
3 19773
3 24048
3 23337
3 9981
3 27756
3 19782
3 23103
3 19701
3 10782
3 24804
3 14373
3 28962
3 22212
3 14373
3 33291
3 18918
3 18729
3 19197
3 18873
3 34641
3 32112
3 19530
3 8586
3 23688
3 29502
3 45189
3 30096
3 40050
3 29538
3 25056
3 12861
3 9900
3 19782
3 35595
3 20223
3 46485
3 12861
3 43605
3 18162
3 18873
3 27036
3 13491
3 20979
3 33192
3 20376
3 50751
3 33993
3 24048
3 23688
3 43479
3 16263
3 22896
3 16416
3 19701
3 19062
3 22248
3 13491
3 15111
3 16416
3 26397
3 25488
3 13491
3 32805
3 25803
3 16191
3 25056
3 30096
3 13617
3 19062
3 14409
3 15309
3 16416
3 32715
3 25209
3 22185
3 17307
3 38547
3 19197
3 30096
3 22212
3 16416
3 7965
3 23688
3 23058
3 30150
3 16191
3 15606
3 22698
3 30870
3 32634
3 61164
3 14040
3 28080
3 27747
3 24444
3 20979
3 30744
3 42066
3 46485
3 11907
3 18729
3 13446
3 16128
3 19197
3 14085
3 23643
3 53298
3 13860
3 13491
3 5220
3 27036
3 19773
3 23904
3 42651
3 8631
3 16416
3 30915
3 30834
3 45315
3 16416
3 28989
3 23643
3 11133
3 39528
3 32634
3 18918
3 28962
3 25488
3 9900
3 19197
3 39132
3 30105
3 25803
3 46008
3 33678
3 36945
3 23688
3 16128
3 8253
3 33399
3 22383
3 16191
3 9999
3 20574
3 38547
3 22941
3 12087
3 47358
3 30051
3 33678
3 15804
3 26397
3 15111
3 41616
3 33444
3 30744
3 33354
3 17307
3 19017
3 9270
3 19062
3 10998
3 47358
3 23013
3 7704
3 23688
3 16695
3 23058
3 23103
3 29502
3 19197
3 25488
3 22248
3 20772
3 20979
3 26379
3 12861
3 25488
3 19773
3 14373
3 23904
3 26991
3 18918
3 10998
3 19017
3 16128
3 19944
3 34749
3 39645
3 27738
3 23643
3 28989
3 23643
3 16128
3 11133
3 14373
3 28800
3 12087
3 9999
3 23742
3 31599
3 35982
3 29502
3 16416
3 28989
3 23103
3 12285
3 24804
3 22896
3 25488
3 25353
3 22212
3 46008
3 39177
3 49491
3 12096
3 17532
3 19197
3 42066
3 33138
3 33831
3 19017
3 19017
3 38790
3 14751
3 15633
3 23103
3 18729
3 32112
3 19521
3 23643
3 19062
3 22851
3 35631
3 36900
3 14373
3 23337
3 28080
3 25803
3 25056
3 31581
3 46458
3 19197
3 40050
3 36900
3 30051
3 4923
3 34794
3 14373
3 32553
3 33444
3 14418
3 18612
3 36900
3 12087
3 29502
3 19548
3 12861
3 12825
3 72378
3 23418
3 26397
3 14373
3 19197
3 50499
3 19197
3 23148
3 25209
3 25497
3 16650
3 26055
3 23634
3 9216
3 23103
3 19197
3 37377
3 30474
3 44253
3 22221
3 49419
3 59796
3 26379
3 4941
3 22896
3 23013
3 15057
3 10521
3 16416
3 9342
3 23085
3 25488
3 12861
3 18873
3 12285
3 30870
3 30267
3 14328
3 19854
3 47358
3 15804
3 19530
3 33444
3 43578
3 32490
3 14103
3 48357
3 12861
3 28665
3 23058
3 14796
3 33444
3 25488
3 25209
3 26991
3 55683
3 37377
3 27036
3 27036
3 23103
3 31599
3 17559
3 36900
3 19773
3 23418
3 19773
3 47790
3 19062
3 25488
3 20979
3 19773
3 27702
3 8586
3 11934
3 28800
3 23643
3 14373
3 29538
3 15633
3 34641
3 33660
3 25236
3 16128
3 23265
3 19197
3 19773
3 23688
3 22212
3 27036
3 13617
3 22383
3 25803
3 25803
3 30474
3 18918
3 26739
3 48330
3 45360
3 22212
3 33993
3 23148
3 34749
3 24804
3 8100
3 52272
3 19017
3 36108
3 15057
3 35982
3 30105
3 24444
3 16740
3 42651
3 43173
3 27036
3 23148
3 14751
3 14373
3 18918
3 15111
3 20979
3 22896
3 13491
3 14040
3 19773
3 28962
3 29502
3 19530
3 30870
3 20574
3 25236
3 14040
3 23688
3 25803
3 14328
3 19017
3 26397
3 26379
3 14634
3 22896
3 26055
3 40005
3 26055
3 12861
3 19197
3 18873
3 12861
3 18873
3 20979
3 18729
3 14409
3 28800
3 26730
3 55638
3 12294
3 9144
3 22185
3 27756
3 14040
3 19773
3 18873
3 33354
3 19899
3 26397
3 15336
3 10998
3 26730
3 31599
3 10998
3 36900
3 36945
3 29538
3 9216
3 30051
3 28800
3 23796
3 15057
3 30051
3 19062
3 19062
3 28989
3 20349
3 42102
3 15633
3 24489
3 35856
3 22212
3 27738
3 27036
3 42786
3 15336
3 14373
3 15804
3 19197
3 23742
3 35631
3 15633
3 14409
3 28989
3 23904
3 23148
3 19773
3 19773
3 26730
3 12438
3 16128
3 19017
3 14040
3 7416
3 10998
3 43425
3 15633
3 15633
3 19701
3 14751
3 4788
3 37377
3 16263
3 16128
3 12663
3 32760
3 25488
3 23643
3 14373
3 12141
3 30474
3 45666
3 19197
3 25209
3 25209
3 22896
3 19197
3 13617
3 19017
3 16416
3 16263
3 31266
3 22797
3 10521
3 23688
3 47772
3 19017
3 23373
3 22896
3 16263
3 30474
3 23688
3 22896
3 18045
3 29538
3 19062
3 23598
3 20979
3 22383
3 37377
3 22896
3 27756
3 26991
3 30105
3 10998
3 16650
3 19017
3 61722
3 46728
3 52272
3 13860
3 12285
3 39645
3 14373
3 19017
3 25803
3 44460
3 25488
3 42651
3 12663
3 19566
3 28557
3 12861
3 12861
3 25488
3 23688
3 37548
3 16263
3 18729
3 34830
3 62406
3 25803
3 26379
3 32490
3 39132
3 22653
3 20376
3 29736
3 22221
3 26586
3 14328
3 27036
3 14373
3 55701
3 15111
3 23373
3 38547
3 20979
3 25803
3 25209
3 18918
3 18729
3 19062
3 15111
3 18045
3 35550
3 15804
3 12861
3 25497
3 17352
3 33210
3 34335
3 28440
3 16740
3 16263
3 14040
3 15633
3 15804
3 17028
3 15057
3 33408
3 25209
3 46008
3 15804
3 12825
3 33660
3 12438
3 16191
3 13860
3 33192
3 26523
3 23634
3 18873
3 28989
3 29538
3 25209
3 23310
3 10998
3 23049
3 12861
3 48609
3 47097
3 18873
3 25497
3 38268
3 25209
3 27756
3 39645
3 16740
3 4788
3 23103
3 29259
3 25236
3 36900
3 11907
3 47358
3 19566
3 25056
3 23094
3 26631
3 27756
3 18918
3 18873
3 18873
3 26730
3 17532
3 25236
3 33444
3 13617
3 47340
3 23643
3 13491
3 29538
3 29502
3 23058
3 24192
3 18873
3 13860
3 36396
3 18873
3 11907
3 32112
3 23058
3 35271
3 15633
3 42102
3 28800
3 33192
3 28989
3 14373
3 14436
3 12087
3 19701
3 37026
3 47790
3 16191
3 14040
3 23643
3 19197
3 20979
3 13860
3 18918
3 16191
3 20223
3 11952
3 55359
3 29502
3 30051
3 33831
3 28125
3 19197
3 26379
3 10998
3 33678
3 12861
3 19701
3 33192
3 23148
3 26739
3 8505
3 16740
3 30267
3 33192
3 30105
3 15633
3 12861
3 19944
3 27756
3 27036
3 14373
3 32634
3 4743
3 18873
3 36108
3 20259
3 23868
3 30267
3 45954
3 18873
3 23589
3 19197
3 14409
3 13860
3 23148
3 33678
3 16416
3 22896
3 11088
3 16416
3 36945
3 20979
3 22185
3 18873
3 19017
3 23103
3 26397
3 38790
3 29502
3 43479
3 27603
3 23103
3 19017
3 46008
3 25209
3 14040
3 23733
3 11952
3 25497
3 22221
3 41931
3 16416
3 22896
3 8253
3 19017
3 37377
3 29538
3 14328
3 30870
3 26379
3 34794
3 19017
3 23148
3 18918
3 22896
3 34641
3 53379
3 23733
3 23904
3 12285
3 35595
3 24804
3 19701
3 23598
3 22221
3 6840
3 9216
3 30096
3 30150
3 26523
3 24192
3 32247
3 53298
3 16191
3 20979
3 20574
3 13491
3 31599
3 33993
3 19017
3 30105
3 8253
3 12663
3 14040
3 32634
3 16416
3 23742
3 20979
3 25488
3 32670
3 28962
3 28296
3 18873
3 30870
3 33120
3 14373
3 27756
3 19773
3 17037
3 40005
3 35550
3 31599
3 22896
3 19782
3 4410
3 19782
3 32715
3 27036
3 19017
3 27036
3 19521
3 15633
3 52497
3 13491
3 26379
3 23148
3 7623
3 14877
3 23148
3 23688
3 25803
3 23103
3 22383
3 32112
3 25209
3 25533
3 25254
3 24975
3 19017
3 14373
3 22851
3 23904
3 4410
3 24669
3 29997
3 26055
3 15804
3 35982
3 18873
3 20979
3 24048
3 25056
3 20223
3 9504
3 44460
3 19197
3 23796
3 23643
3 23337
3 32553
3 28611
3 30483
3 26379
3 19017
3 25488
3 23337
3 23643
3 17037
3 23337
3 18873
3 43038
3 27702
3 15633
3 23418
3 8397
3 25209
3 18153
3 34830
3 32670
3 22212
3 30051
3 23742
3 12087
3 23616
3 28989
3 14859
3 23103
3 13464
3 15057
3 11934
3 12861
3 13788
3 18873
3 44505
3 34749
3 9216
3 22383
3 26991
3 34335
3 33831
3 13860
3 16416
3 11952
3 12825
3 22383
3 19701
3 33354
3 12357
3 16128
3 37242
3 15606
3 34749
3 35982
3 15804
3 12285
3 20349
3 31023
3 8100
3 13491
3 16128
3 8100
3 15336
3 12861
3 13491
3 19017
3 43479
3 17253
3 20304
3 22896
3 12438
3 38268
3 13464
3 44460
3 24489
3 11934
3 12861
3 26991
3 29736
3 17253
3 18873
3 30474
3 23418
3 23103
3 19899
3 29502
3 16416
3 33723
3 7137
3 23643
3 18873
3 33660
3 23742
3 3726
3 19701
3 24048
3 9216
3 19017
3 23103
3 25488
3 46485
3 20979
3 33453
3 33678
3 16650
3 23148
3 33192
3 25209
3 13464
3 33291
3 18873
3 16191
3 23085
3 23643
3 33192
3 16263
3 22221
3 23688
3 25056
3 15633
3 16416
3 16740
3 25209
3 19782
3 18873
3 22248
3 18873
3 19782
3 14373
3 19197
3 23265
3 20979
3 12087
3 16416
3 16128
3 19017
3 32004
3 12861
3 33993
3 14040
3 13491
3 25488
3 28989
3 25236
3 14409
3 18918
3 19773
3 16650
3 25488
3 18729
3 19773
3 17028
3 27036
3 44505
3 30834
3 19062
3 23148
3 16191
3 42111
3 30267
3 22824
3 11907
3 26523
3 10998
3 14409
3 51516
3 23085
3 8631
3 19017
3 13491
3 34830
3 33444
3 20007
3 28296
3 30870
3 36945
3 34641
3 30870
3 24489
3 23643
3 15633
3 18918
3 19944
3 31428
3 47646
3 34893
3 25803
3 16128
3 14040
3 27756
3 24804
3 16695
3 13464
3 23643
3 43578
3 23643
3 5220
3 14436
3 14859
3 30051
3 19773
3 27036
3 22212
3 15804
3 41247
3 33831
3 25488
3 16263
3 13788
3 34074
3 47340
3 12087
3 35550
3 30105
3 14355
3 14103
3 33633
3 24192
3 27756
3 23148
3 31788
3 16740
3 23643
3 25803
3 14373
3 17532
3 25488
3 30096
3 43479
3 30474
3 27756
3 18873
3 19197
3 15336
3 53415
3 16263
3 32112
3 30744
3 16128
3 26730
3 25803
3 25488
3 23742
3 16128
3 34335
3 23103
3 27603
3 4743
3 10998
3 18873
3 30870
3 26586
3 23688
3 16416
3 46683
3 23688
3 19701
3 12087
3 13860
3 38457
3 28368
3 30834
3 14040
3 34641
3 33633
3 15804
3 22185
3 9243
3 31266
3 24048
3 25209
3 15093
3 9216
3 46998
3 19728
3 19017
3 28557
3 16650
3 24048
3 13464
3 7443
3 25803
3 18729
3 27036
3 33660
3 14373
3 25209
3 9216
3 14328
3 35973
3 26586
3 11907
3 11169
3 30096
3 14373
3 12861
3 19197
3 15804
3 14409
3 33192
3 13491
3 15147
3 36900
3 13860
3 33831
3 15633
3 16191
3 26397
3 19197
3 29538
3 50256
3 22248
3 28989
3 23337
3 33192
3 14373
3 19062
3 43479
3 23103
3 23904
3 25056
3 26964
3 25488
3 18918
3 26523
3 14085
3 13617
3 17532
3 22248
3 14409
3 19701
3 26055
3 10521
3 19701
3 19017
3 28800
3 19701
3 37170
3 30474
3 26730
3 2115
3 12861
3 19062
3 20304
3 36441
3 33165
3 46485
3 29997
3 22212
3 27225
3 56340
3 23634
3 31599
3 8100
3 15147
3 13788
3 25488
3 32553
3 57321
3 18873
3 36432
3 23265
3 15804
3 45360
3 19017
3 22896
3 30834
3 13491
3 10998
3 10998
3 21573
3 14859
3 36108
3 16191
3 63783
3 33831
3 12861
3 19017
3 37377
3 18873
3 23148
3 22248
3 24192
3 19017
3 4788
3 8631
3 32292
3 24048
3 30051
3 30834
3 33723
3 10953
3 43299
3 14040
3 14751
3 61299
3 19197
3 16191
3 20304
3 28962
3 33192
3 23373
3 22212
3 32112
3 27036
3 33993
3 37242
3 32670
3 26523
3 14409
3 42093
3 8532
3 24192
3 61119
3 26991
3 26586
3 16695
3 25056
3 16740
3 14859
3 28557
3 13788
3 16416
3 14373
3 55422
3 13617
3 23103
3 23643
3 15804
3 18729
3 25236
3 22383
3 22383
3 15804
3 38457
3 32112
3 23148
3 34110
3 22248
3 16650
3 33138
3 36945
3 26991
3 14796
3 7812
3 25209
3 27036
3 32112
3 19197
3 19773
3 4788
3 25488
3 32553
3 22896
3 49419
3 30474
3 25488
3 30483
3 12285
3 29538
3 27036
3 23643
3 47160
3 24669
3 30474
3 47340
3 19197
3 25209
3 11403
3 23643
3 52398
3 10998
3 18873
3 8478
3 23643
3 21375
3 33831
3 34335
3 32670
3 19773
3 21573
3 25488
3 17253
3 17532
3 23103
3 9549
3 34749
3 10998
3 36945
3 29502
3 19197
3 19701
3 23598
3 20574
3 19773
3 33723
3 36945
3 34983
3 46008
3 26055
3 16416
3 23742
3 14859
3 41247
3 25488
3 16416
3 29502
3 22212
3 16128
3 19062
3 22221
3 49302
3 19773
3 28962
3 47493
3 15057
3 45189
3 30105
3 34110
3 35271
3 19017
3 26379
3 14418
3 19017
3 14373
3 26739
3 29538
3 936
3 19773
3 14040
3 34110
3 22896
3 23148
3 21222
3 10521
3 16416
3 12276
3 25488
3 32112
3 27756
3 30096
3 22212
3 13491
3 25056
3 28665
3 16191
3 33678
3 14409
3 25056
3 23148
3 15804
3 30051
3 11952
3 14760
3 18873
3 24048
3 19197
3 22842
3 28962
3 15057
3 28989
3 19530
3 28080
3 50346
3 16416
3 15804
3 39177
3 12087
3 23373
3 29502
3 17028
3 16983
3 20574
3 28557
3 15633
3 16128
3 16191
3 11961
3 23643
3 22212
3 33993
3 26055
3 29457
3 18873
3 39177
3 16416
3 32760
3 12861
3 17253
3 8100
3 40410
3 5166
3 10998
3 24192
3 13860
3 19017
3 13788
3 30051
3 43326
3 22212
3 20349
3 31266
3 9216
3 22842
3 21375
3 27756
3 41535
3 29538
3 19773
3 22221
3 19899
3 28989
3 22896
3 22851
3 43434
3 19899
3 13887
3 13509
3 14103
3 49599
3 15804
3 25236
3 52272
3 27756
3 23103
3 34749
3 23265
3 16200
3 16128
3 30096
3 23616
3 36900
3 18153
3 23742
3 14409
3 27036
3 19062
3 25056
3 35631
3 12861
3 19782
3 22896
3 22896
3 37026
3 24192
3 34074
3 19017
3 33444
3 30105
3 45189
3 6795
3 16740
3 23103
3 18873
3 19782
3 19197
3 29502
3 31266
3 8766
3 16983
3 28989
3 20979
3 25488
3 23265
3 19017
3 20574
3 37377
3 33678
3 48357
3 16416
3 25803
3 29502
3 14085
3 24192
3 9900
3 15111
3 15462
3 33192
3 10998
3 30096
3 33120
3 19017
3 34110
3 23688
3 18918
3 13491
3 12861
3 23058
3 12087
3 25803
3 23643
3 14328
3 14760
3 20979
3 13860
3 28989
3 14085
3 33831
3 16695
3 23148
3 30834
3 18873
3 14760
3 19017
3 13860
3 30051
3 15408
3 33660
3 22608
3 33120
3 25236
3 33831
3 18153
3 20979
3 25497
3 29502
3 23634
3 19197
3 22212
3 16191
3 14328
3 34830
3 50715
3 43578
3 19062
3 16128
3 14373
3 33120
3 22212
3 26991
3 18873
3 36432
3 24489
3 22212
3 23148
3 20979
3 22383
3 37377
3 23688
3 25488
3 27036
3 25803
3 25533
3 29502
3 32112
3 35271
3 9216
3 30105
3 31599
3 14409
3 14751
3 19899
3 10998
3 18729
3 24804
3 14373
3 18918
3 42651
3 18918
3 40005
3 12141
3 26739
3 19017
3 18918
3 30096
3 8100
3 14751
3 13491
3 27756
3 29736
3 14409
3 26523
3 31599
3 14382
3 46485
3 37377
3 18873
3 33723
3 28800
3 12087
3 4743
3 25056
3 9504
3 26523
3 5850
3 12861
3 16740
3 25497
3 23670
3 26586
3 26730
3 25803
3 14103
3 12276
3 15633
3 16128
3 22896
3 26379
3 30267
3 20979
3 19017
3 31743
3 33444
3 29538
3 6840
3 13860
3 30051
3 19782
3 11178
3 25488
3 26730
3 14859
3 19773
3 33408
3 22698
3 14418
3 18918
3 33408
3 20979
3 14751
3 18873
3 38925
3 19773
3 9315
3 12861
3 26523
3 28557
3 25209
3 20979
3 9144
3 22896
3 23418
3 25056
3 14418
3 32715
3 14328
3 28989
3 11178
3 14373
3 28989
3 22212
3 31599
3 15633
3 26586
3 28989
3 34749
3 16416
3 23643
3 20223
3 13788
3 29457
3 34335
3 11907
3 16416
3 23418
3 9144
3 44073
3 16740
3 31599
3 23688
3 33660
3 22383
3 5022
3 15633
3 25488
3 34335
3 13491
3 35973
3 26397
3 17253
3 24669
3 41247
3 25803
3 23598
3 23418
3 24048
3 14418
3 14418
3 6795
3 25056
3 29538
3 11907
3 22842
3 24804
3 19017
3 9216
3 23418
3 26379
3 19197
3 15633
3 34749
3 20376
3 33192
3 5805
3 24192
3 40050
3 23103
3 19197
3 30744
3 16740
3 34893
3 17532
3 24192
3 28665
3 16191
3 36900
3 11907
3 29538
3 16263
3 19062
3 19017
3 21897
3 22185
3 31599
3 9504
3 30474
3 23418
3 41247
3 18873
3 18873
3 32634
3 30474
3 19017
3 9549
3 37377
3 33831
3 19017
3 16200
3 12825
3 26172
3 16128
3 14040
3 18873
3 14859
3 30483
3 30834
3 46998
3 9900
3 30096
3 25488
3 12825
3 22212
3 23724
3 61434
3 22608
3 19521
3 16128
3 30051
3 23688
3 29502
3 23688
3 19521
3 21375
3 19773
3 21897
3 22212
3 27036
3 18873
3 10998
3 27036
3 52560
3 24048
3 28557
3 18873
3 30267
3 22212
3 23148
3 15804
3 16191
3 15804
3 14328
3 25209
3 14751
3 32112
3 13491
3 33831
3 19062
3 43299
3 43326
3 19044
3 9216
3 26523
3 10998
3 37548
3 23337
3 24192
3 28341
3 23058
3 25488
3 34155
3 24192
3 28989
3 19062
3 25488
3 46008
3 23265
3 19773
3 22221
3 19773
3 28989
3 52254
3 34830
3 23148
3 8100
3 27036
3 30267
3 14409
3 43299
3 30267
3 18873
3 34335
3 20376
3 23103
3 15804
3 14355
3 19017
3 33633
3 19197
3 15336
3 36945
3 23643
3 24489
3 8253
3 26055
3 15021
3 25209
3 25209
3 20304
3 19773
3 21573
3 12087
3 14373
3 10998
3 15633
3 22941
3 13860
3 14103
3 33831
3 43299
3 10998
3 15804
3 10953
3 52254
3 16191
3 33444
3 19017
3 19017
3 35982
3 14751
3 23418
3 26379
3 15633
3 33120
3 37377
3 14355
3 9216
3 29502
3 37080
3 27036
3 36945
3 45675
3 14751
3 22212
3 29502
3 16191
3 19521
3 49329
3 9900
3 49419
3 26523
3 20979
3 19197
3 7443
3 30105
3 44028
3 28557
3 25803
3 20781
3 47304
3 33408
3 18873
3 36270
3 15111
3 13617
3 19773
3 19773
3 17532
3 11907
3 27756
3 37548
3 24192
3 23688
3 32112
3 18918
3 17028
3 29502
3 13860
3 14103
3 25803
3 15102
3 31797
3 20979
3 27756
3 18729
3 27036
3 28989
3 26919
3 33408
3 34749
3 14328
3 25803
3 18918
3 30267
3 23688
3 23598
3 47160
3 45441
3 19701
3 25488
3 25236
3 14040
3 19854
3 16695
3 23337
3 22941
3 30105
3 29502
3 29502
3 44505
3 20979
3 25056
3 56340
3 18612
3 19197
3 15804
3 24489
3 24048
3 14751
3 18612
3 23688
3 12087
3 25488
3 26739
3 8505
3 20304
3 19773
3 14751
3 5850
3 43479
3 24759
3 25236
3 29502
3 19773
3 14373
3 18873
3 15633
3 31599
3 37377
3 23103
3 12087
3 18729
3 38502
3 19782
3 18873
3 18918
3 30474
3 12663
3 27036
3 15057
3 23418
3 23103
3 26379
3 30267
3 31599
3 16740
3 33993
3 9216
3 35973
3 29502
3 27756
3 18045
3 7704
3 14085
3 22896
3 19062
3 18918
3 30267
3 37242
3 27756
3 22383
3 34074
3 19197
3 16128
3 10026
3 19782
3 4788
3 13554
3 72423
3 26226
3 19197
3 23688
3 22221
3 23733
3 12825
3 10998
3 12825
3 16650
3 7965
3 25236
3 20376
3 42786
3 14373
3 9981
3 12861
3 29502
3 19017
3 12087
3 12312
3 19782
3 19773
3 35982
3 23418
3 12285
3 28989
3 34830
3 23103
3 19773
3 33291
3 34749
3 8253
3 16263
3 51966
3 7812
3 18918
3 20223
3 6795
3 8253
3 29502
3 42651
3 42831
3 22212
3 46008
3 14355
3 18729
3 5823
3 25488
3 29538
3 30096
3 30096
3 31743
3 13491
3 36612
3 25488
3 28557
3 11952
3 27756
3 25803
3 30267
3 19773
3 14328
3 38925
3 10998
3 27036
3 14040
3 19017
3 10998
3 19773
3 25236
3 23103
3 18873
3 12825
3 30267
3 43578
3 19701
3 33831
3 33192
3 36108
3 23643
3 20574
3 27756
3 22851
3 19062
3 15633
3 20979
3 23265
3 13617
3 19062
3 39924
3 29502
3 53442
3 22842
3 15633
3 47790
3 53298
3 14409
3 20979
3 26739
3 15804
3 28989
3 33408
3 37377
3 10998
3 13491
3 22896
3 34335
3 30096
3 29502
3 28800
3 18729
3 23733
3 11934
3 20259
3 29997
3 44073
3 32715
3 14085
3 25803
3 25056
3 19017
3 27387
3 15102
3 5823
3 25236
3 23742
3 26919
3 36900
3 18873
3 19062
3 19062
3 25488
3 12861
3 26226
3 30096
3 25209
3 40536
3 26055
3 25488
3 18873
3 14040
3 20979
3 12825
3 26397
3 43344
3 25488
3 52398
3 33453
3 30096
3 43479
3 23103
3 26280
3 14418
3 33831
3 9216
3 14418
3 35550
3 16695
3 35982
3 23148
3 14004
3 30870
3 8766
3 13491
3 13617
3 19197
3 46998
3 11907
3 10998
3 23148
3 38268
3 40005
3 19017
3 43326
3 30096
3 46008
3 31599
3 26739
3 16191
3 46008
3 14328
3 28125
3 30096
3 7704
3 12861
3 9216
3 26055
3 5805
3 14436
3 15804
3 10737
3 23643
3 27756
3 20223
3 34335
3 14328
3 13491
3 63783
3 19197
3 18918
3 15057
3 19197
3 18729
3 29538
3 40167
3 8766
3 23103
3 19017
3 18729
3 33192
3 46485
3 22185
3 20979
3 8766
3 25488
3 16695
3 52443
3 52254
3 29502
3 5166
3 42831
3 23616
3 19701
3 27036
3 19017
3 25209
3 15633
3 30834
3 19782
3 4743
3 16650
3 33192
3 12357
3 30105
3 19773
3 35973
3 9216
3 34749
3 25488
3 43326
3 26379
3 19701
3 12087
3 23337
3 29736
3 28962
3 57087
3 17253
3 55638
3 19782
3 19197
3 22221
3 35982
3 23688
3 41931
3 33408
3 4788
3 28989
3 23688
3 10737
3 10998
3 23148
3 16128
3 23688
3 48339
3 23688
3 28080
3 35550
3 14751
3 19701
3 12861
3 25209
3 23373
3 25209
3 13788
3 43479
3 30051
3 28989
3 32112
3 26586
3 30474
3 41931
3 23418
3 13617
3 20259
3 14796
3 16191
3 15804
3 38925
3 55746
3 22896
3 16191
3 21222
3 18918
3 19701
3 14040
3 20574
3 14751
3 10998
3 19062
3 16740
3 35631
3 26397
3 47790
3 28557
3 23643
3 49680
3 27387
3 29538
3 16740
3 43092
3 20979
3 20574
3 19197
3 14418
3 19197
3 32553
3 19017
3 26397
3 26523
3 25488
3 27036
3 23103
3 16695
3 22248
3 30834
3 10998
3 27756
3 16416
3 38457
3 14040
3 24642
3 14409
3 28557
3 24048
3 25488
3 23733
3 23643
3 16263
3 12861
3 19782
3 23103
3 19062
3 36945
3 33408
3 34830
3 18729
3 15408
3 24489
3 23688
3 34794
3 47349
3 33678
3 28296
3 15102
3 49635
3 20223
3 23643
3 30267
3 29538
3 8766
3 25056
3 19017
3 12861
3 22896
3 34830
3 14040
3 26379
3 8100
3 14040
3 18918
3 28989
3 19017
3 35109
3 19017
3 29538
3 28989
3 14040
3 18918
3 32670
3 26991
3 13446
3 19062
3 33660
3 14859
3 26397
3 28962
3 49644
3 27738
3 23688
3 25092
3 13491
3 22941
3 19017
3 30474
3 12141
3 33291
3 18873
3 23643
3 23643
3 23688
3 23265
3 21375
3 15408
3 13491
3 18918
3 13491
3 32553
3 22221
3 22896
3 22212
3 23733
3 33120
3 19773
3 14328
3 19197
3 25236
3 19017
3 16200
3 14103
3 30744
3 47790
3 28989
3 51678
3 19017
3 24192
3 34749
3 4788
3 19773
3 16416
3 13491
3 19773
3 20349
3 17253
3 30717
3 55062
3 23148
3 14373
3 26397
3 33444
3 16191
3 19773
3 20349
3 34335
3 39177
3 29457
3 33831
3 34335
3 28989
3 23337
3 13491
3 13464
3 16263
3 23688
3 10953
3 14751
3 31644
3 12285
3 25254
3 27756
3 23148
3 19773
3 13491
3 25056
3 23643
3 33399
3 34155
3 23688
3 46566
3 13464
3 33444
3 16740
3 26379
3 26379
3 19701
3 25236
3 25497
3 13491
3 8253
3 13491
3 27756
3 9270
3 23418
3 32112
3 38457
3 20979
3 24120
3 30096
3 36270
3 12861
3 19773
3 30096
3 25488
3 33993
3 14373
3 47097
3 40437
3 17253
3 35595
3 33120
3 32112
3 23643
3 23643
3 25497
3 14409
3 26523
3 18918
3 25236
3 19773
3 41535
3 28989
3 14103
3 26397
3 16416
3 29502
3 15804
3 23337
3 22896
3 30267
3 24759
3 25488
3 19530
3 33678
3 9900
3 22851
3 17253
3 15633
3 38268
3 29502
3 38925
3 33633
3 18918
3 19017
3 23643
3 44253
3 11592
3 37413
3 22896
3 21222
3 25803
3 27756
3 19701
3 22383
3 18729
3 18918
3 25803
3 25497
3 20781
3 41535
3 30744
3 19854
3 19197
3 10998
3 31599
3 20349
3 47160
3 8505
3 19197
3 28800
3 22842
3 9216
3 23148
3 23688
3 25488
3 16695
3 12861
3 20250
3 23643
3 13617
3 12087
3 23688
3 23688
3 22221
3 18873
3 8037
3 19017
3 24165
3 23688
3 22383
3 33993
3 26397
3 18873
3 15804
3 18918
3 19062
3 24489
3 29502
3 11178
3 33192
3 27783
3 23265
3 20250
3 36945
3 19062
3 12861
3 9216
3 26739
3 16416
3 25803
3 26739
3 20979
3 41616
3 27756
3 30870
3 16263
3 18873
3 23904
3 22896
3 29502
3 31743
3 22383
3 14103
3 35730
3 45360
3 28989
3 22950
3 23337
3 15057
3 8532
3 16191
3 37242
3 22896
3 27036
3 33291
3 27756
3 28683
3 19197
3 30834
3 12861
3 36108
3 16128
3 14409
3 23418
3 15804
3 22212
3 61119
3 14760
3 19773
3 24192
3 19773
3 39177
3 15633
3 35631
3 33678
3 30096
3 35550
3 16416
3 27756
3 12087
3 19062
3 19062
3 36900
3 22248
3 19701
3 18153
3 23103
3 10998
3 25236
3 14796
3 30789
3 34155
3 14418
3 43479
3 16740
3 25488
3 25065
3 43479
3 28800
3 28557
3 38547
3 23148
3 4743
3 16191
3 34074
3 7650
3 55701
3 33138
3 7452
3 23265
3 19197
3 12357
3 16263
3 9144
3 20304
3 23688
3 8766
3 61785
3 19017
3 16416
3 20979
3 12087
3 53298
3 29538
3 19017
3 33192
3 50310
3 18729
3 28989
3 44505
3 13491
3 23148
3 29259
3 30267
3 19017
3 19701
3 28125
3 15804
3 14418
3 38313
3 18729
3 16128
3 18324
3 16263
3 25533
3 23688
3 35982
3 28665
3 16416
3 30789
3 14040
3 10998
3 13860
3 15804
3 23265
3 31644
3 31644
3 23337
3 10998
3 47340
3 23337
3 16416
3 23265
3 23337
3 19197
3 11133
3 14751
3 50760
3 18729
3 13491
3 28557
3 36945
3 19197
3 34335
3 30105
3 31599
3 32112
3 7722
3 18918
3 9279
3 23949
3 18873
3 30051
3 24732
3 37242
3 37242
3 23265
3 16416
3 18873
3 24975
3 15012
3 22212
3 19017
3 41931
3 32553
3 20979
3 34335
3 26055
3 19017
3 15012
3 16416
3 33993
3 18918
3 12861
3 23634
3 16263
3 22896
3 19017
3 34641
3 30051
3 23103
3 19773
3 33408
3 55503
3 33993
3 19062
3 35595
3 23634
3 42102
3 14751
3 23688
3 36945
3 18153
3 13788
3 8739
3 22212
3 23733
3 18918
3 15057
3 13617
3 25488
3 32112
3 23733
3 23688
3 11133
3 30744
3 25803
3 14103
3 26586
3 31743
3 37377
3 10998
3 40050
3 27036
3 16263
3 19773
3 29538
3 33678
3 34830
3 22212
3 16416
3 33831
3 23148
3 19197
3 18873
3 16128
3 12825
3 43479
3 28080
3 23265
3 28557
3 16695
3 18918
3 26226
3 25236
3 16128
3 12861
3 25209
3 14409
3 20259
3 25803
3 23148
3 47097
3 21897
3 27756
3 23688
3 46530
3 20979
3 24192
3 25056
3 14373
3 36900
3 16191
3 14409
3 47358
3 12861
3 22212
3 18873
3 22212
3 31599
3 27036
3 25209
3 14373
3 38925
3 34335
3 16281
3 22896
3 23265
3 14409
3 37170
3 23733
3 19773
3 18873
3 19773
3 19197
3 55710
3 18918
3 33831
3 33993
3 39177
3 30483
3 27756
3 17253
3 23643
3 20574
3 16263
3 40752
3 27036
3 22698
3 46485
3 22212
3 22185
3 23103
3 13860
3 18873
3 13860
3 25488
3 30834
3 16416
3 26226
3 14373
3 18729
3 23643
3 20349
3 36900
3 9216
3 25488
3 18873
3 38268
3 16191
3 14328
3 31599
3 19530
3 12087
3 18873
3 20772
3 24489
3 12861
3 25056
3 12087
3 23643
3 19773
3 57528
3 47772
3 9486
3 34074
3 18918
3 17253
3 25488
3 18873
3 26226
3 14373
3 14328
3 28962
3 20979
3 19701
3 14418
3 22212
3 9504
3 11952
3 9216
3 12861
3 30096
3 28080
3 52254
3 28944
3 14409
3 20574
3 14409
3 23265
3 19017
3 30051
3 14373
3 28989
3 46530
3 29502
3 33831
3 8586
3 23103
3 28989
3 22212
3 22248
3 6840
3 31788
3 14373
3 13491
3 23742
3 14373
3 30834
3 22896
3 51417
3 25803
3 27756
3 10737
3 18918
3 37170
3 26379
3 25308
3 27738
3 39798
3 12861
3 27036
3 16191
3 33633
3 24732
3 24192
3 16200
3 22896
3 47340
3 30870
3 36108
3 12087
3 33678
3 22896
3 45270
3 33831
3 8766
3 8739
3 23733
3 19197
3 17361
3 10026
3 26523
3 28962
3 14409
3 12438
3 16263
3 12861
3 14409
3 18729
3 19197
3 15804
3 18576
3 5220
3 16416
3 44118
3 23265
3 43578
3 24048
3 29457
3 13491
3 25488
3 8532
3 19773
3 45738
3 33192
3 22248
3 17802
3 33993
3 34749
3 20223
3 15336
3 30717
3 36900
3 5805
3 11907
3 23598
3 16695
3 12285
3 9243
3 30105
3 9144
3 30483
3 32112
3 16128
3 17802
3 23148
3 22212
3 33138
3 13788
3 19017
3 29502
3 20349
3 30267
3 22212
3 25209
3 41247
3 27036
3 29502
3 30105
3 17919
3 12285
3 14751
3 19017
3 13491
3 20574
3 11907
3 24165
3 10953
3 49419
3 46008
3 19197
3 16191
3 23103
3 16650
3 29502
3 23688
3 20223
3 8082
3 28368
3 16128
3 19197
3 19017
3 30870
3 23103
3 27036
3 22941
3 13491
3 35550
3 19017
3 11907
3 28557
3 42651
3 27756
3 18729
3 18873
3 14436
3 16695
3 25209
3 11133
3 35973
3 14382
3 11934
3 14085
3 20772
3 38457
3 29997
3 32112
3 46485
3 34335
3 14040
3 13464
3 15633
3 37242
3 14418
3 44478
3 26739
3 32634
3 19017
3 7443
3 23643
3 30051
3 33408
3 14040
3 36108
3 28962
3 23679
3 23265
3 18873
3 9315
3 25803
3 37170
3 32760
3 30051
3 22896
3 33993
3 34110
3 19017
3 16416
3 33831
3 31311
3 31599
3 17028
3 34749
3 17028
3 23148
3 24192
3 15804
3 28944
3 27756
3 16650
3 12087
3 25803
3 30051
3 26991
3 23337
3 19701
3 19017
3 30051
3 7965
3 20979
3 23148
3 19017
3 19062
3 13860
3 14409
3 25056
3 28962
3 19062
3 19017
3 17847
3 30474
3 33633
3 23688
3 24048
3 14373
3 25488
3 11043
3 23634
3 9549
3 25488
3 23103
3 27756
3 23337
3 28800
3 30834
3 14373
3 28944
3 33192
3 20979
3 29997
3 48609
3 44505
3 14220
3 36945
3 32292
3 13860
3 15804
3 12861
3 22896
3 8478
3 22896
3 23643
3 13491
3 20304
3 33192
3 13050
3 28962
3 45189
3 30474
3 5805
3 22608
3 13788
3 26523
3 36900
3 17253
3 33120
3 16128
3 19017
3 42903
3 31599
3 64251
3 23733
3 16416
3 53163
3 32112
3 36396
3 17532
3 16056
3 31599
3 23688
3 19017
3 33408
3 38925
3 22896
3 26739
3 33633
3 28800
3 32715
3 19773
3 23265
3 33192
3 32112
3 41931
3 22851
3 19017
3 23058
3 19899
3 8766
3 23103
3 16416
3 28989
3 19062
3 27756
3 16191
3 45297
3 24192
3 13860
3 8586
3 25803
3 11907
3 41616
3 33660
3 19197
3 47835
3 26172
3 24489
3 14409
3 27756
3 25488
3 16416
3 9900
3 47772
3 27756
3 19197
3 16128
3 22221
3 23418
3 14418
3 34749
3 39645
3 34749
3 27756
3 53442
3 27756
3 22383
3 23148
3 19899
3 14796
3 33678
3 25209
3 35982
3 14859
3 30483
3 12087
3 23265
3 35595
3 11907
3 44667
3 13491
3 33120
3 19566
3 33192
3 28962
3 29538
3 12861
3 25488
3 14409
3 33165
3 22212
3 16416
3 19062
3 26991
3 19773
3 23643
3 19017
3 25101
3 22896
3 24192
3 15804
3 23634
3 23904
3 14373
3 19197
3 19773
3 34335
3 13491
3 26397
3 27036
3 28800
3 25308
3 55701
3 26397
3 25803
3 33192
3 26226
3 4743
3 26991
3 5589
3 63828
3 12861
3 17037
3 14418
3 23616
3 18873
3 23265
3 26739
3 15804
3 23265
3 36396
3 41535
3 19017
3 24804
3 8100
3 30096
3 8739
3 22383
3 16128
3 22896
3 30096
3 19548
3 30051
3 39645
3 18729
3 33831
3 12861
3 46458
3 19062
3 23265
3 29538
3 32112
3 22221
3 52398
3 23337
3 25488
3 11133
3 14373
3 23643
3 27738
3 27756
3 26379
3 44478
3 26730
3 25056
3 20979
3 14418
3 8505
3 19017
3 19197
3 24192
3 12141
3 26379
3 25488
3 33831
3 23688
3 16191
3 37242
3 23373
3 19017
3 16416
3 26739
3 22212
3 46728
3 13788
3 22851
3 30474
3 28080
3 23733
3 23337
3 4923
3 19062
3 27738
3 16191
3 30096
3 26379
3 15336
3 18918
3 15057
3 41931
3 19017
3 32670
3 50256
3 12861
3 16416
3 12087
3 37242
3 30096
3 23148
3 33678
3 31743
3 28557
3 20484
3 47790
3 30870
3 34335
3 26379
3 14373
3 15723
3 20574
3 26739
3 31743
3 30870
3 19017
3 15093
3 25803
3 16695
3 27630
3 34830
3 23103
3 18873
3 14373
3 16263
3 25497
3 32670
3 23643
3 33660
3 19197
3 9549
3 28962
3 25236
3 20349
3 11952
3 13050
3 30051
3 19773
3 19773
3 23643
3 19854
3 38925
3 23688
3 15336
3 17253
3 9216
3 25056
3 8253
3 19044
3 24192
3 30096
3 15804
3 13617
3 19773
3 13788
3 13860
3 19773
3 21222
3 33831
3 16416
3 30096
3 23418
3 9315
3 19701
3 22248
3 22383
3 19197
3 23643
3 10998
3 24192
3 26991
3 19773
3 30474
3 29736
3 17532
3 19197
3 23418
3 26730
3 14418
3 46728
3 35145
3 26991
3 15111
3 22212
3 23643
3 36108
3 25236
3 26739
3 19854
3 23103
3 14751
3 26226
3 16191
3 20376
3 17532
3 34749
3 52560
3 9216
3 36945
3 15057
3 22608
3 12861
3 32760
3 26397
3 23688
3 16416
3 18873
3 18873
3 29736
3 18729
3 25488
3 31797
3 15633
3 23103
3 19017
3 31599
3 22212
3 23643
3 19773
3 31743
3 25209
3 13572
3 19782
3 21222
3 14004
3 23643
3 19197
3 14373
3 23688
3 14418
3 19062
3 30474
3 41535
3 11907
3 25803
3 34749
3 10953
3 48312
3 28989
3 18918
3 30870
3 24804
3 23643
3 16263
3 23265
3 14409
3 26172
3 47790
3 25803
3 32634
3 20574
3 30096
3 23904
3 25056
3 38925
3 9216
3 16128
3 13491
3 13491
3 35595
3 23688
3 13491
3 11952
3 22896
3 23643
3 23688
3 22896
3 9216
3 18729
3 30267
3 9216
3 18873
3 24732
3 7704
3 23634
3 27756
3 17847
3 28962
3 25056
3 32490
3 49419
3 29538
3 32292
3 21222
3 30870
3 23643
3 74619
3 23688
3 18873
3 12087
3 43578
3 33831
3 14418
3 24048
3 23148
3 29538
3 12087
3 12861
3 26991
3 23796
3 19701
3 22896
3 23058
3 29502
3 32112
3 22383
3 16416
3 23373
3 18873
3 33831
3 19062
3 18729
3 19773
3 46008
3 15102
3 28665
3 33993
3 30789
3 18873
3 30744
3 15633
3 16128
3 10998
3 19017
3 23373
3 25056
3 16416
3 19017
3 13554
3 15804
3 19062
3 57186
3 18918
3 22248
3 23049
3 14409
3 27036
3 17028
3 18918
3 37026
3 16191
3 45360
3 11952
3 23733
3 29502
3 12825
3 4698
3 23418
3 19782
3 26379
3 23688
3 19773
3 27738
3 23265
3 22896
3 13860
3 14085
3 22383
3 22248
3 18873
3 33993
3 14373
3 12861
3 19701
3 33192
3 30105
3 28080
3 22212
3 14040
3 30105
3 16623
3 25254
3 15804
3 56322
3 13788
3 13617
3 33408
3 23643
3 19197
3 37377
3 19197
3 4149
3 15804
3 39645
3 24192
3 18729
3 8631
3 25056
3 38457
3 19773
3 19017
3 5067
3 33993
3 19854
3 28800
3 23643
3 30870
3 14418
3 17532
3 27036
3 22653
3 12861
3 19701
3 29538
3 23373
3 35550
3 16263
3 12087
3 19197
3 28944
3 34335
3 33444
3 29538
3 16191
3 8505
3 31599
3 35973
3 27702
3 33723
3 25488
3 16416
3 15633
3 23634
3 27153
3 15057
3 23688
3 49680
3 33291
3 18873
3 8631
3 13491
3 33993
3 33165
3 30474
3 16650
3 22896
3 19773
3 13995
3 23616
3 5805
3 31266
3 12870
3 23643
3 36945
3 19017
3 28125
3 23742
3 18873
3 20574
3 30096
3 12087
3 22248
3 19017
3 23643
3 27756
3 10998
3 6795
3 21897
3 9900
3 36639
3 23598
3 13860
3 9144
3 33633
3 14220
3 14409
3 47790
3 33660
3 33165
3 14859
3 35109
3 24192
3 32112
3 32112
3 30870
3 25209
3 2853
3 22212
3 22851
3 17253
3 33444
3 18918
3 23418
3 16128
3 23733
3 23148
3 13464
3 32715
3 23058
3 14373
3 14634
3 26397
3 17028
3 11178
3 23688
3 23643
3 34893
3 18873
3 34074
3 27036
3 25497
3 14040
3 26055
3 18918
3 43578
3 18873
3 39411
3 23688
3 28962
3 12861
3 29538
3 23634
3 62406
3 52254
3 11934
3 23643
3 13860
3 32553
3 13491
3 10998
3 12087
3 41931
3 19701
3 5499
3 27036
3 19017
3 16191
3 33453
3 23418
3 7506
3 14040
3 33192
3 14436
3 25056
3 46728
3 25803
3 47790
3 24192
3 25056
3 33444
3 23103
3 27036
3 43326
3 16128
3 45963
3 15336
3 12087
3 23598
3 19701
3 9216
3 30096
3 13491
3 23643
3 23643
3 15633
3 29502
3 32292
3 42111
3 18873
3 15102
3 12087
3 15804
3 12663
3 13860
3 16416
3 37242
3 38547
3 28125
3 21222
3 23103
3 9900
3 33120
3 34749
3 11907
3 22185
3 14040
3 20826
3 19062
3 23418
3 20979
3 5211
3 19197
3 11133
3 50715
3 43578
3 30096
3 19773
3 8586
3 43479
3 18630
3 14040
3 14373
3 20376
3 19197
3 16695
3 23733
3 15102
3 32670
3 14040
3 53442
3 13860
3 30096
3 19017
3 23148
3 16740
3 24192
3 25209
3 22212
3 19701
3 19062
3 43578
3 16128
3 34335
3 67158
3 27756
3 17532
3 19017
3 14220
3 30474
3 12285
3 43479
3 12861
3 14373
3 33453
3 29538
3 24192
3 10737
3 23103
3 25254
3 9900
3 33678
3 19017
3 23643
3 18918
3 22896
3 30096
3 22536
3 22941
3 16695
3 28665
3 16191
3 47835
3 23886
3 12861
3 21222
3 18045
3 17028
3 9315
3 14103
3 33678
3 25092
3 18873
3 23148
3 27036
3 29502
3 19773
3 23643
3 13617
3 27036
3 29538
3 25488
3 16416
3 19197
3 19773
3 9216
3 8100
3 14328
3 13464
3 27036
3 14409
3 11133
3 29502
3 18918
3 27036
3 22896
3 15057
3 23643
3 9216
3 23643
3 7830
3 23058
3 19854
3 27036
3 8550
3 28989
3 33444
3 18729
3 15633
3 23103
3 9504
3 32670
3 26055
3 25515
3 14751
3 15633
3 9216
3 36900
3 16695
3 26055
3 46485
3 33192
3 22212
3 37377
3 13887
3 37377
3 30870
3 30096
3 52398
3 36396
3 14085
3 23337
3 45360
3 17532
3 25515
3 24048
3 27036
3 18873
3 23598
3 12861
3 13617
3 4941
3 19062
3 19773
3 12087
3 29502
3 16416
3 30096
3 35082
3 11907
3 47160
3 15147
3 7965
3 15336
3 19197
3 28557
3 23688
3 25254
3 13491
3 16740
3 25803
3 22896
3 23688
3 26991
3 19548
3 33993
3 47790
3 8586
3 23643
3 43092
3 41535
3 36108
3 20223
3 20979
3 22896
3 20574
3 25209
3 30267
3 14409
3 43479
3 27036
3 28989
3 16245
3 23265
3 14328
3 22221
3 8631
3 30474
3 11178
3 13860
3 42903
3 52254
3 24489
3 19017
3 23094
3 30267
3 30096
3 12861
3 14373
3 26397
3 19017
3 29502
3 10998
3 10998
3 8586
3 11952
3 35028
3 16191
3 28800
3 48267
3 27738
3 19773
3 19044
3 18729
3 30105
3 49419
3 10998
3 25803
3 30096
3 14373
3 17253
3 14859
3 23742
3 18873
3 16416
3 37242
3 39132
3 47340
3 18918
3 42102
3 19773
3 9216
3 29538
3 43326
3 19899
3 30870
3 37377
3 19773
3 7704
3 9270
3 23265
3 23418
3 16128
3 13464
3 4788
3 27036
3 14373
3 19197
3 26226
3 9216
3 22248
3 19017
3 28962
3 34749
3 19701
3 10998
3 33408
3 43578
3 12825
3 19062
3 9216
3 33993
3 15057
3 19017
3 33210
3 11952
3 33291
3 9504
3 23688
3 23688
3 19017
3 19017
3 42786
3 22581
3 26523
3 25209
3 23148
3 23148
3 23643
3 19854
3 18873
3 14040
3 13995
3 27756
3 20376
3 19197
3 7812
3 16128
3 12861
3 23265
3 33831
3 35550
3 19197
3 40860
3 22896
3 32112
3 26055
3 22896
3 15633
3 9216
3 23148
3 22896
3 28557
3 23643
3 11178
3 23148
3 41535
3 20376
3 9900
3 20223
3 33678
3 12861
3 15804
3 25488
3 13464
3 19701
3 33408
3 30870
3 14373
3 9216
3 34749
3 25803
3 22896
3 30474
3 33075
3 36396
3 25803
3 43623
3 16983
3 27036
3 20979
3 19197
3 23148
3 25236
3 23688
3 19773
3 19197
3 49599
3 16128
3 23616
3 28989
3 18873
3 19017
3 11907
3 32553
3 16416
3 20259
3 19854
3 30474
3 28989
3 30267
3 19062
3 22383
3 23265
3 32553
3 15057
3 22896
3 9216
3 43578
3 29502
3 11907
3 19782
3 23148
3 12087
3 22212
3 30744
3 27756
3 45693
3 14373
3 35109
3 51417
3 16416
3 14040
3 30096
3 14355
3 13491
3 56079
3 5805
3 27036
3 16263
3 23634
3 40050
3 7704
3 26523
3 9504
3 23148
3 27036
3 27036
3 56340
3 19017
3 18918
3 36900
3 23643
3 15147
3 30051
3 25803
3 14328
3 30096
3 42651
3 26379
3 23148
3 19017
3 23634
3 9342
3 38547
3 34893
3 67644
3 19017
3 14220
3 22896
3 18153
3 22608
3 23418
3 30051
3 23670
3 26523
3 28944
3 20979
3 16983
3 16416
3 34335
3 19782
3 13464
3 19017
3 18873
3 28962
3 13491
3 23733
3 26712
3 21375
3 16695
3 19521
3 36945
3 33660
3 27756
3 29502
3 16263
3 22608
3 23265
3 30483
3 25803
3 15804
3 29502
3 28557
3 27756
3 7506
3 8253
3 28665
3 18918
3 22248
3 15633
3 14328
3 8253
3 14760
3 8631
3 43578
3 32112
3 30096
3 35109
3 29502
3 51678
3 12141
3 27036
3 19017
3 14409
3 22248
3 15336
3 28989
3 24048
3 33993
3 25488
3 42066
3 22248
3 23643
3 14418
3 25488
3 47340
3 34641
3 19197
3 19701
3 19521
3 27036
3 11178
3 15336
3 25209
3 38547
3 19773
3 16983
3 30096
3 8253
3 25209
3 30267
3 16191
3 10521
3 16740
3 29538
3 19854
3 16416
3 28125
3 23013
3 16983
3 28989
3 20304
3 11133
3 23598
3 31743
3 13446
3 28989
3 4788
3 29502
3 22896
3 25056
3 16416
3 33120
3 18873
3 38925
3 8253
3 18873
3 25470
3 25488
3 47160
3 15633
3 15174
3 30870
3 14418
3 26226
3 14409
3 47493
3 23688
3 37377
3 33453
3 25704
3 18918
3 15633
3 19701
3 13860
3 9279
3 31554
3 23337
3 19197
3 23868
3 18873
3 19017
3 27756
3 25488
3 33786
3 22896
3 30105
3 33120
3 17037
3 25209
3 40482
3 19062
3 9315
3 19773
3 32112
3 12762
3 33408
3 27864
3 12861
3 37242
3 27738
3 2799
3 15804
3 14328
3 33192
3 24048
3 18729
3 19017
3 19044
3 32634
3 36270
3 8100
3 23634
3 29502
3 28800
3 20979
3 23310
3 46530
3 27738
3 33993
3 23265
3 18873
3 30834
3 13491
3 62073
3 16695
3 15633
3 30870
3 23688
3 19017
3 13860
3 51723
3 9144
3 30096
3 19062
3 19197
3 21222
3 23103
3 14751
3 24048
3 13860
3 18918
3 23688
3 25497
3 23634
3 23742
3 14328
3 14040
3 9216
3 16695
3 15804
3 8766
3 34335
3 14409
3 16191
3 22212
3 45360
3 5067
3 27756
3 30456
3 23598
3 23085
3 11907
3 19728
3 14373
3 52254
3 36945
3 14373
3 20574
3 26397
3 44478
3 13617
3 28665
3 13491
3 23643
3 23643
3 29997
3 26523
3 34074
3 36450
3 6840
3 19197
3 29286
3 22824
3 30789
3 23418
3 16650
3 38925
3 19197
3 16191
3 23643
3 19197
3 52398
3 12825
3 23616
3 43092
3 14409
3 30870
3 33831
3 7722
3 18162
3 38925
3 15804
3 18918
3 22896
3 23148
3 50715
3 22212
3 25488
3 38457
3 23643
3 15102
3 42786
3 35109
3 17550
3 30096
3 29538
3 37026
3 26055
3 15057
3 22248
3 7407
3 33678
3 25803
3 18918
3 13860
3 26379
3 22248
3 16191
3 23058
3 9216
3 16416
3 23418
3 19197
3 29529
3 26730
3 9216
3 30096
3 16191
3 14040
3 12861
3 9297
3 30051
3 12825
3 37377
3 20574
3 23418
3 40860
3 10998
3 23103
3 6840
3 7965
3 26397
3 20979
3 5067
3 18630
3 27756
3 37377
3 16740
3 23337
3 18378
3 32760
3 25803
3 19773
3 30789
3 19017
3 31599
3 30096
3 15633
3 36378
3 34641
3 25209
3 30870
3 25488
3 9216
3 23148
3 14751
3 27738
3 9216
3 15336
3 23688
3 27756
3 48357
3 27036
3 20979
3 14751
3 12141
3 20772
3 38313
3 9216
3 33723
3 24489
3 22212
3 19197
3 33138
3 32112
3 24192
3 13491
3 25803
3 12861
3 26523
3 5850
3 12861
3 24444
3 19701
3 9216
3 30834
3 23634
3 25488
3 18918
3 19197
3 14040
3 13491
3 11178
3 26397
3 23265
3 37377
3 25236
3 19773
3 23373
3 19530
3 16263
3 65232
3 16416
3 15012
3 18612
3 26586
3 19062
3 14373
3 9999
3 25488
3 14418
3 22896
3 16416
3 24192
3 26991
3 28800
3 19197
3 26379
3 22248
3 43623
3 20574
3 22248
3 12861
3 8631
3 16695
3 10998
3 10998
3 23373
3 25488
3 25488
3 23643
3 19017
3 5220
3 19197
3 14373
3 30744
3 9216
3 28800
3 23418
