3 803367
3 964332
3 824625
3 769464
3 902007
3 717300
3 854892
3 884295
3 859716
3 830106
3 814185
3 780309
3 834336
3 946413
3 945450
3 813654
3 651069
3 860499
3 887463
3 895518
3 784089
3 788643
3 838188
3 773019
3 724419
3 774828
3 890424
3 929295
3 905940
3 764280
3 966141
3 795186
3 763722
3 788868
3 777870
3 827568
3 953235
3 728262
3 867357
3 808857
3 831834
3 888120
3 824463
3 746127
3 666765
3 966195
3 769734
3 866421
3 833868
3 742284
3 879039
3 863559
3 878562
3 819009
3 800595
3 932193
3 819225
3 863577
3 757008
3 813456
3 764037
3 627615
3 940626
3 680085
3 905940
3 876636
3 866502
3 955935
3 724482
3 868266
3 782658
3 692316
3 829395
3 872802
3 735138
3 883449
3 913869
3 941193
3 841005
3 873027
3 739701
3 790569
3 806688
3 832509
3 902799
3 927090
3 844371
3 808875
3 853758
3 926226
3 684396
3 750114
3 780876
3 800622
3 915921
3 804906
3 830925
3 798228
3 784530
3 774549
3 726786
3 808821
3 909765
3 866736
3 756612
3 825921
3 678798
3 795150
3 821133
3 817434
3 754668
3 663165
3 934704
3 773055
3 833373
3 844731
3 883071
3 926451
3 858681
3 863217
3 872964
3 905310
3 817866
3 864171
3 863622
3 831753
3 840285
3 760230
3 813375
3 763362
3 775710
3 809802
3 903105
3 877932
3 834012
3 785610
3 759096
3 842292
3 886680
3 774270
3 721737
3 831411
3 778554
3 931050
3 758124
3 788805
3 837765
3 825021
3 834732
3 880533
3 824832
3 792612
3 786744
3 857439
3 725022
3 890064
3 726786
3 759978
3 701955
3 851967
3 789273
3 795168
3 744255
3 846954
3 838791
3 782406
3 898902
3 891171
3 824949
3 799938
3 946422
3 907596
3 874854
3 733725
3 645885
3 896382
3 878535
3 814257
3 807606
3 905130
3 754857
3 794133
3 765396
3 803448
3 842454
3 854208
3 800361
3 908001
3 821295
3 564507
3 857475
3 795132
3 861840
3 769446
3 812844
3 745641
3 732573
3 771813
3 839115
3 878553
3 611262
3 759096
3 923121
3 624186
3 846405
3 799713
3 768915
3 739827
3 733509
3 840825
3 695574
3 783297
3 797904
3 862263
3 901089
3 711126
3 636588
3 759933
3 893979
3 834237
3 851841
3 877545
3 840879
3 850464
3 838422
3 671427
3 892512
3 783297
3 801063
3 839898
3 962154
3 875520
3 868176
3 829467
3 810063
3 865593
3 833994
3 571320
3 839556
3 904410
3 804807
3 864423
3 939645
3 879705
3 906993
3 936828
3 739368
3 795753
3 745362
3 520821
3 902322
3 876645
3 787464
3 856908
3 896751
3 918036
3 977508
3 796095
3 799605
3 967023
3 784980
3 819954
3 838323
3 758556
3 729477
3 915705
3 796077
3 825948
3 908064
3 803106
3 837891
3 838341
3 883791
3 809505
3 730737
3 730062
3 717615
3 852192
3 867843
3 826767
3 890748
3 707760
3 673245
3 736605
3 780066
3 760230
3 845460
3 903456
3 900846
3 879750
3 707202
3 755145
3 848178
3 838908
3 728712
3 722664
3 935568
3 728496
3 882162
3 904158
3 770094
3 832824
3 758223
3 812889
3 791415
3 897678
3 855585
3 702684
3 787113
3 819009
3 919683
3 802044
3 816498
3 702153
3 780705
3 779913
3 837621
3 754821
3 673785
3 829206
3 835002
3 787977
3 958014
3 795186
3 939150
3 834750
3 816759
3 890352
3 868806
3 784719
3 816939
3 825327
3 851787
3 980766
3 806490
3 822204
3 847755
3 868752
3 886419
3 842067
3 771246
3 742221
3 897210
3 829224
3 784107
3 799488
3 867258
3 725292
3 858744
3 887481
3 823374
3 919764
3 824922
3 852192
3 868203
3 811260
3 865782
3 791154
3 928827
3 683973
3 886716
3 907974
3 779679
3 880128
3 841410
3 935361
3 747738
3 907020
3 865665
3 895140
3 713151
3 898416
3 849600
3 784989
3 823743
3 887022
3 747738
3 926478
3 880686
3 993528
3 1019709
3 764280
3 854604
3 706293
3 857286
3 854901
3 798228
3 913770
3 841419
3 767241
3 918522
3 889677
3 835092
3 742158
3 810018
3 778140
3 901332
3 709533
3 760239
3 793224
3 881775
3 878400
3 877050
3 695430
3 779859
3 876735
3 842859
3 819189
3 810900
3 881280
3 876744
3 914859
3 807624
3 862425
3 680166
3 874755
3 749610
3 713232
3 793251
3 862425
3 887355
3 788922
3 545652
3 891315
3 883116
3 839664
3 693108
3 782640
3 945828
3 783009
3 779013
3 756756
3 868644
3 861120
3 846693
3 881559
3 825147
3 819855
3 862398
3 803862
3 945270
3 760725
3 759213
3 840852
3 885780
3 761067
3 756720
3 730872
3 838908
3 732150
3 931950
3 723492
3 739881
3 903312
3 819837
3 928827
3 839961
3 832833
3 738648
3 883053
3 790479
3 745650
3 750483
3 813888
3 671436
3 918585
3 834777
3 610884
3 828378
3 842427
3 817893
3 810603
3 750474
3 798966
3 833562
3 873639
3 995895
3 827469
3 820242
3 795195
3 891099
3 721017
3 844218
3 893079
3 791721
3 806085
3 824589
3 932139
3 805455
3 800712
3 800532
3 849555
3 877086
3 738828
3 823509
3 622602
3 736749
3 783378
3 745254
3 958536
3 666639
3 951822
3 682632
3 794970
3 749448
3 782550
3 847638
3 780174
3 821241
3 944496
3 797625
3 834246
3 845955
3 671346
3 859392
3 802854
3 824319
3 805131
3 930267
3 839079
3 773811
3 803745
3 842922
3 844317
3 875295
3 916713
3 872703
3 913905
3 815571
3 773118
3 718542
3 805212
3 858177
3 868824
3 919269
3 860814
3 669798
3 870471
3 768717
3 780273
3 868500
3 754857
3 866160
3 657432
3 884907
3 849654
3 886428
3 814356
3 821988
3 848925
3 845712
3 776853
3 643887
3 838368
3 828630
3 902880
3 718551
3 907065
3 849564
3 455967
3 932850
3 765360
3 771210
3 765387
3 786744
3 765621
3 917595
3 846801
3 905967
3 854973
3 713187
3 880497
3 718704
3 820818
3 903690
3 769563
3 824112
3 841635
3 833562
3 890181
3 627093
3 930330
3 759069
3 855612
3 838044
3 828441
3 818856
3 850698
3 763722
3 841455
3 778401
3 803205
3 781533
3 668268
3 827757
3 824544
3 665757
3 763785
3 799722
3 799434
3 943173
3 1024470
3 736074
3 689373
3 720612
3 860913
3 839835
3 784467
3 821277
3 827766
3 778986
3 795105
3 743463
3 708048
3 827208
3 868581
3 683397
3 822816
3 954882
3 749322
3 812052
3 755388
3 940419
3 907029
3 829233
3 852165
3 835875
3 826785
3 982710
3 834885
3 912618
3 821628
3 862398
3 899271
3 771732
3 784512
3 853731
3 905967
3 775908
3 809397
3 945621
3 803844
3 838161
3 628965
3 926496
3 844614
3 880983
3 807489
3 906039
3 776007
3 795753
3 599877
3 874899
3 872928
3 824445
3 707868
3 788688
3 703242
3 663264
3 911700
3 820449
3 750528
3 785700
3 752562
3 798147
3 708633
3 948015
3 854613
3 840762
3 856395
3 906327
3 773694
3 664542
3 837459
3 668250
3 748602
3 782532
3 492525
3 824472
3 738828
3 941463
3 848979
3 831069
3 922005
3 812430
3 890442
3 825750
3 795411
3 684162
3 818676
3 865476
3 760257
3 746766
3 949635
3 895896
3 853398
3 614970
3 890928
3 947475
3 900603
3 823473
3 776268
3 844254
3 769617
3 723798
3 876141
3 640539
3 903699
3 699786
3 708759
3 894348
3 892593
3 633294
3 854829
3 672201
3 801720
3 750474
3 1030941
3 870444
3 854622
3 814320
3 927180
3 788868
3 898443
3 832545
3 668457
3 964413
3 899532
3 832977
3 897840
3 816759
3 782982
3 765387
3 765396
3 903897
3 927396
3 997875
3 795744
3 833805
3 786798
3 660528
3 658305
3 800361
3 868842
3 865593
3 724302
3 772281
3 934704
3 914310
3 943740
3 912951
3 803493
3 842121
3 835542
3 903078
3 699318
3 919782
3 889227
3 800199
3 844173
3 837612
3 789813
3 966465
3 762282
3 783297
3 751833
3 893331
3 885870
3 655938
3 762633
3 826686
3 933570
3 891288
3 819477
3 876645
3 760239
3 886689
3 952380
3 785691
3 968085
3 728640
3 662328
3 717606
3 796383
3 732582
3 844587
3 937494
3 765963
3 572688
3 871785
3 814320
3 925506
3 893682
3 873603
3 667764
3 863316
3 670914
3 868284
3 832059
3 850572
3 899568
3 760986
3 863604
3 739971
3 768429
3 788013
3 761247
3 881334
3 755091
3 854622
3 785916
3 720540
3 896346
3 903033
3 860616
3 854397
3 842598
3 805041
3 857277
3 794826
3 819009
3 873540
3 787932
3 854901
3 884934
3 883260
3 895176
3 833688
3 883260
3 893772
3 863577
3 850824
3 751815
3 730332
3 833940
3 979704
3 862092
3 895077
3 847782
3 766287
3 791019
3 878040
3 710991
3 831069
3 779850
3 801810
3 745020
3 849024
3 908298
3 824913
3 673488
3 681147
3 814482
3 828405
3 829368
3 891081
3 773379
3 803871
3 900729
3 769527
3 821034
3 763542
3 639342
3 859464
3 752886
3 651978
3 955449
3 606150
3 617733
3 704880
3 972216
3 828657
3 870858
3 636138
3 829260
3 961047
3 899505
3 713628
3 890685
3 828621
3 764289
3 876897
3 814500
3 923733
3 739152
3 682587
3 864333
3 724122
3 679311
3 708687
3 693126
3 868554
3 875754
3 821484
3 796860
3 826821
3 858573
3 809532
3 755946
3 883260
3 800289
3 882180
3 808317
3 809514
3 737748
3 897687
3 860643
3 872964
3 918198
3 711126
3 852093
3 857853
3 954864
3 866097
3 743112
3 805194
3 903123
3 872910
3 933138
3 912735
3 775971
3 970605
3 631404
3 918657
3 767331
3 765432
3 706230
3 554562
3 788238
3 857547
3 902340
3 784791
3 711459
3 722556
3 730431
3 780012
3 838791
3 770526
3 790857
3 941076
3 894465
3 915525
3 725850
3 672363
3 689418
3 898362
3 840330
3 809289
3 895167
3 797022
3 789102
3 773109
3 610668
3 763758
3 882612
3 946908
3 988119
3 894915
3 974259
3 722448
3 900783
3 622926
3 810045
3 839826
3 783612
3 682623
3 880497
3 876492
3 813537
3 675189
3 808326
3 872397
3 878643
3 886788
3 708696
3 649467
3 909603
3 761481
3 956601
3 555651
3 941796
3 893871
3 874791
3 790326
3 894303
3 778374
3 928791
3 780003
3 778599
3 815031
3 792594
3 925470
3 846090
3 845568
3 830241
3 936225
3 791550
3 771264
3 767331
3 783351
3 852030
3 925947
3 791505
3 852201
3 694287
3 794934
3 814239
3 792756
3 671229
3 915165
3 791478
3 787590
3 822213
3 850806
3 831816
3 683847
3 783657
3 913950
3 839025
3 798993
3 893142
3 905931
3 885105
3 783297
3 664191
3 850752
3 752580
3 813132
3 931977
3 809397
3 898470
3 764226
3 774891
3 806391
3 903123
3 875070
3 769896
3 731916
3 745020
3 828369
3 832680
3 596700
3 749142
3 805554
3 719127
3 781857
3 728001
3 725652
3 796194
3 807210
3 948564
3 792234
3 843210
3 912168
3 736011
3 839754
3 757071
3 711954
3 830313
3 802980
3 885942
3 863892
3 912870
3 686034
3 780174
3 819117
3 874008
3 877950
3 923319
3 963756
3 890352
3 920322
3 693081
3 762777
3 783801
3 777132
3 644436
3 827928
3 711513
3 949491
3 832833
3 903105
3 773199
3 861462
3 808443
3 812412
3 823545
3 931383
3 859167
3 891477
3 805122
3 754515
3 711018
3 768978
3 838152
3 760230
3 877086
3 789309
3 939465
3 707112
3 752850
3 892647
3 762408
3 882261
3 856152
3 854793
3 955935
3 544464
3 697284
3 798183
3 721053
3 796338
3 803718
3 858897
3 902736
3 920079
3 871011
3 817587
3 839826
3 824931
3 763839
3 844524
3 764946
3 854586
3 863910
3 725283
3 860688
3 775314
3 796212
3 794106
3 709713
3 788058
3 810693
3 556713
3 890523
3 802575
3 776178
3 874944
3 845919
3 759105
3 968517
3 700065
3 764289
3 625581
3 874575
3 706428
3 682560
3 744102
3 835236
3 891441
3 872901
3 861300
3 735597
3 845424
3 775629
3 841518
3 767385
3 866880
3 721917
3 891261
3 833958
3 840726
3 761427
3 900630
3 773838
3 873387
3 921114
3 892647
3 765810
3 892314
3 761994
3 656721
3 726498
3 907596
3 730638
3 773577
3 865332
3 800712
3 856296
3 881172
3 888021
3 800352
3 773010
3 708759
3 707733
3 876105
3 890676
3 770805
3 823014
3 915867
3 780786
3 752805
3 711180
3 919215
3 862101
3 871389
3 837261
3 768159
3 930699
3 680184
3 845388
3 860670
3 791172
3 832932
3 850752
3 761607
3 855666
3 725868
3 787122
3 796122
3 699363
3 879615
3 857124
3 879849
3 876456
3 844695
3 908820
3 892530
3 776925
3 848277
3 766017
3 849555
3 863469
3 769653
3 881433
3 820692
3 748359
3 879363
3 755622
3 870147
3 900621
3 765648
3 693657
3 807111
3 639162
3 800784
3 866295
3 891270
3 770697
3 856206
3 848214
3 899487
3 803286
3 917469
3 799686
3 816930
3 880569
3 852282
3 852264
3 911403
3 811494
3 821394
3 579411
3 731781
3 814968
3 817686
3 879327
3 775359
3 729648
3 795204
3 821583
3 782145
3 905886
3 843552
3 809757
3 664686
3 626715
3 706752
3 861462
3 735993
3 783954
3 846756
3 623115
3 844209
3 860823
3 770706
3 803862
3 751932
3 746181
3 638487
3 854685
3 806004
3 926973
3 844227
3 737928
3 891387
3 684792
3 833517
3 905706
3 858681
3 712458
3 838989
3 780363
3 892647
3 835137
3 811134
3 904356
3 609633
3 964548
3 745344
3 682839
3 781083
3 742473
3 887535
3 802602
3 707769
3 817866
3 842067
3 688104
3 840213
3 827640
3 641907
3 820539
3 765360
3 918990
3 914832
3 726471
3 926469
3 881982
3 874530
3 914274
3 834633
3 919422
3 700974
3 843021
3 789390
3 930780
3 767403
3 757512
3 976104
3 672903
3 847548
3 827127
3 769005
3 826173
3 813213
3 535464
3 820521
3 852165
3 824985
3 811080
3 961866
3 820773
3 869643
3 770319
3 796752
3 907290
3 597123
3 762282
3 905580
3 749385
3 765396
3 847809
3 731943
3 790722
3 754749
3 798489
3 813483
3 903411
3 824139
3 874800
3 899325
3 773046
3 833805
3 729324
3 711153
3 863649
3 847575
3 726093
3 882090
3 864549
3 787545
3 843192
3 865233
3 839673
3 696312
3 894312
3 806139
3 791712
3 995058
3 802260
3 852282
3 864432
3 948888
3 805176
3 528075
3 915669
3 890469
3 502533
3 778545
3 946782
3 698589
3 817065
3 944487
3 811746
3 891990
3 917460
3 920034
3 754920
3 828117
3 896166
3 942642
3 769545
3 843246
3 777681
3 779886
3 833985
3 658188
3 836874
3 690894
3 931383
3 813186
3 913788
3 926172
3 809415
3 780462
3 848286
3 792612
3 851481
3 824940
3 847611
3 833832
3 733653
3 621450
3 905292
3 925065
3 833994
3 857583
3 816984
3 712935
3 849042
3 925713
3 922158
3 828144
3 817479
3 924552
3 938133
3 869175
3 739413
3 873342
3 939735
3 909387
3 847485
3 697986
3 814140
3 779994
3 804384
3 958671
3 852021
3 854613
3 859176
3 865971
3 945261
3 686763
3 708066
3 834921
3 749376
3 769581
3 837333
3 826686
3 834201
3 958410
3 935199
3 718191
3 907479
3 790479
3 896985
3 621252
3 731862
3 891513
3 795168
3 812070
3 749070
3 850014
3 807489
3 715023
3 847503
3 740223
3 915291
3 799443
3 870534
3 764910
3 831060
3 802116
3 820170
3 832851
3 863586
3 795123
3 886788
3 878679
3 914805
3 870570
3 757116
3 756396
3 868527
3 904347
3 736155
3 910890
3 935838
3 843426
3 812178
3 849564
3 810000
3 729648
3 773082
3 642159
3 811098
3 708651
3 848952
3 701361
3 830340
3 726696
3 856764
3 701388
3 768852
3 729828
3 651429
3 836640
3 853587
3 755694
3 776277
3 864153
3 698040
3 922788
3 675693
3 739386
3 788688
3 853632
3 792666
3 740277
3 837882
3 838152
3 769950
3 764334
3 773325
3 785043
3 789210
3 902799
3 848952
3 809388
3 914850
3 725283
3 738495
3 903321
3 825957
3 812394
3 743040
3 925506
3 763569
3 739260
3 927252
3 870489
3 762462
3 680832
3 841626
3 750753
3 732744
3 900603
3 732195
3 684666
3 872775
3 761481
3 553977
3 723780
3 770985
3 852174
3 828000
3 690372
3 918135
3 746154
3 597060
3 797427
3 770472
3 846378
3 854910
3 884313
3 787113
3 704898
3 753624
3 812169
3 796644
3 738999
3 838422
3 816957
3 755631
3 901575
3 819702
3 865215
3 762012
3 642600
3 833841
3 808668
3 760248
3 919881
3 805518
3 701370
3 816732
3 730116
3 872514
3 735129
3 648288
3 912915
3 781875
3 855486
3 779454
3 863586
3 911727
3 851454
3 777105
3 933327
3 885807
3 943884
3 779544
3 849555
3 877113
3 880515
3 710919
3 825057
3 872937
3 764208
3 752994
3 773820
3 829242
3 851868
3 912960
3 916695
3 898569
3 788571
3 790137
3 904347
3 838053
3 870696
3 838827
3 738657
3 936216
3 899487
3 942561
3 784557
3 698769
3 883620
3 740403
3 873018
3 837135
3 806724
3 982278
3 747243
3 774846
3 773793
3 824265
3 887868
3 848952
3 880569
3 841563
3 945450
3 772533
3 820764
3 909198
3 875412
3 809460
3 774891
3 828441
3 862308
3 826065
3 892719
3 830151
3 964602
3 779157
3 823887
3 791127
3 834633
3 851580
3 883089
3 795429
3 765216
3 898398
3 858483
3 705735
3 785889
3 848268
3 897246
3 842040
3 931086
3 759699
3 843588
3 806454
3 822753
3 842301
3 748269
3 826704
3 794772
3 918162
3 842832
3 797085
3 790452
3 885510
3 901431
3 817911
3 766710
3 809595
3 762678
3 750132
3 792045
3 833535
3 763812
3 823437
3 818946
3 623079
3 977409
3 852507
3 926199
3 923031
3 808560
3 876195
3 747198
3 807552
3 951489
3 878544
3 811638
3 838197
3 729225
3 683937
3 826047
3 836766
3 846963
3 773226
3 854604
3 846783
3 844956
3 873648
3 773595
3 838449
3 810909
3 834039
3 849276
3 838872
3 912861
3 793449
3 789327
3 895023
3 657261
3 764451
3 932868
3 817434
3 759960
3 835029
3 823500
3 841635
3 756297
3 818334
3 811314
3 853758
3 561627
3 848250
3 736461
3 916848
3 929061
3 848439
3 781407
3 859680
3 784206
3 930330
3 758691
3 791190
3 856152
3 926973
3 937944
3 887877
3 927738
3 912222
3 927252
3 663165
3 862497
3 799866
3 780030
3 917784
3 773424
3 701244
3 882576
3 686988
3 913833
3 799002
3 870696
3 703539
3 759078
3 877419
3 821556
3 767385
3 833940
3 679788
3 882018
3 714339
3 931428
3 873549
3 887094
3 837864
3 780714
3 820053
3 758160
3 805986
3 691974
3 824652
3 870984
3 830061
3 805653
3 659304
3 832221
3 774711
3 890226
3 634995
3 814122
3 871407
3 625932
3 887490
3 701784
3 657198
3 726876
3 749844
3 860886
3 708543
3 941400
3 809262
3 879534
3 908964
3 889614
3 856422
3 743049
3 777348
3 907047
3 853308
3 822969
3 956772
3 851103
3 813456
3 900810
3 783144
3 813987
3 784521
3 871011
3 667755
3 752634
3 749007
3 625356
3 776727
3 781551
3 792153
3 950715
3 909153
3 943650
3 826191
3 699921
3 864999
3 592281
3 895887
3 599535
3 916929
3 891459
3 724311
3 859347
3 730890
3 745425
3 729414
3 814545
3 882657
3 779382
3 712926
3 778797
3 947844
3 816669
3 847566
3 905985
3 812394
3 905958
3 863460
3 839754
3 923481
3 840726
3 916236
3 747045
3 644580
3 818181
3 875934
3 825282
3 789336
3 804366
3 762399
3 824886
3 729612
3 832239
3 832383
3 771399
3 899505
3 894465
3 855342
3 784521
3 755802
3 857115
3 725841
3 759051
3 844137
3 758196
3 947205
3 772974
3 837648
3 818370
3 864990
3 783306
3 817272
3 836919
3 884070
3 658188
3 669753
3 898560
3 827730
3 818505
3 725319
3 786087
3 809739
3 847233
3 692937
3 823500
3 821241
3 842274
3 911727
3 681138
3 668475
3 890469
3 766863
3 824589
3 921231
3 809055
3 631656
3 759447
3 812709
3 782865
3 916992
3 885510
3 832896
3 862713
3 778554
3 897903
3 898551
3 911115
3 935946
3 683289
3 818415
3 873027
3 868410
3 876672
3 884403
3 803493
3 749808
3 791730
3 784809
3 977040
3 844722
3 891441
3 934956
3 888669
3 694818
3 794133
3 722457
3 865449
3 940266
3 850293
3 774828
3 876177
3 807390
3 658341
3 787275
3 818163
3 866889
3 924858
3 887130
3 824850
3 885429
3 847197
3 857502
3 859761
3 645840
3 855576
3 835677
3 796869
3 786339
3 880497
3 819018
3 910323
3 972630
3 747090
3 809766
3 809424
3 689355
3 808200
3 811458
3 889983
3 587646
3 624762
3 851499
3 812664
3 882198
3 799479
3 776385
3 904716
3 940401
3 783594
3 787509
3 889056
3 701973
3 819666
3 877644
3 845307
3 695196
3 940194
3 825300
3 898956
3 555633
3 705807
3 910260
3 893961
3 802260
3 720909
3 853713
3 806661
3 793251
3 840618
3 758988
3 650007
3 764721
3 748080
3 838062
3 856107
3 849573
3 698175
3 626796
3 832590
3 890505
3 664731
3 951066
3 849798
3 793080
3 824661
3 821412
3 862659
3 829368
3 914994
3 923328
3 888372
3 967851
3 784566
3 667638
3 826128
3 846324
3 803511
3 847476
3 803169
3 829440
3 750825
3 782667
3 819855
3 542304
3 857916
3 599886
3 776727
3 834327
3 758979
3 759654
3 757791
3 944505
3 773082
3 912249
3 816543
3 849024
3 711513
3 769824
3 846387
3 715437
3 925137
3 708687
3 852255
3 791253
3 682857
3 577701
3 799434
3 806130
3 757845
3 879039
3 678483
3 820188
3 796806
3 859482
3 805176
3 816759
3 861813
3 828351
3 903087
3 940491
3 832554
3 859023
3 862299
3 831231
3 877923
3 776250
3 853749
3 825885
3 825984
3 707985
3 855513
3 754866
3 760392
3 676998
3 910395
3 812808
3 782667
3 713115
3 829035
3 867285
3 819297
3 952920
3 902628
3 786249
3 933309
3 863604
3 805977
3 749520
3 892665
3 760734
3 831150
3 683703
3 847521
3 829746
3 854595
3 659502
3 747081
3 864594
3 785214
3 722961
3 759906
3 668466
3 775683
3 737946
3 797319
3 812700
3 766665
3 849276
3 586350
3 886419
3 820008
3 883296
3 826398
3 840915
3 920484
3 854127
3 867789
3 907047
3 783810
3 895878
3 773163
3 904158
3 847620
3 912033
3 798759
3 896553
3 824940
3 762444
3 828126
3 915345
3 651537
3 676602
3 759942
3 919755
3 730746
3 928863
3 802620
3 826794
3 836064
3 817956
3 914049
3 867870
3 820125
3 826821
3 795177
3 907956
3 956547
3 903978
3 809442
3 773091
3 798165
3 924804
3 836235
3 790524
3 776115
3 974880
3 664299
3 917397
3 870318
3 824094
3 898902
3 907065
3 756801
3 931662
3 807633
3 754119
3 799533
3 845325
3 693090
3 782658
3 794133
3 749142
3 887517
3 855045
3 849258
3 739989
3 795006
3 774702
3 762012
3 803835
3 817443
3 889155
3 836640
3 862659
3 802620
3 731025
3 781857
3 868356
3 684504
3 677016
3 774954
3 866772
3 887508
3 816309
3 820422
3 791793
3 959193
3 840609
3 956529
3 883062
3 745065
3 830277
3 862362
3 784530
3 876222
3 918315
3 799560
3 776151
3 756738
3 866862
3 811494
3 783180
3 808335
3 826119
3 819675
3 943200
3 658188
3 730638
3 766701
3 768546
3 735912
3 839583
3 805203
3 795177
3 812781
3 826416
3 864144
3 771426
3 846720
3 844146
3 931581
3 864963
3 773604
3 851103
3 635157
3 724662
3 757107
3 903321
3 940014
3 911709
3 806013
3 906012
3 690255
3 795150
3 749511
3 928377
3 721278
3 973539
3 806814
3 818838
3 800559
3 878850
3 818127
3 858708
3 926280
3 948987
3 841185
3 757593
3 749304
3 817425
3 759096
3 628596
3 786384
3 803835
3 795150
3 757098
3 961497
3 839313
3 764100
3 826767
3 850005
3 745317
3 817884
3 841608
3 864927
3 706437
3 750267
3 908901
3 763398
3 765351
3 825111
3 652329
3 776160
3 838107
3 762048
3 915354
3 1020951
3 693828
3 751869
3 883053
3 856278
3 976716
3 872154
3 898317
3 759060
3 831870
3 694566
3 890298
3 869094
3 868464
3 666567
3 908289
3 930438
3 736542
3 981045
3 792486
3 624105
3 826425
3 890478
3 873666
3 876195
3 504414
3 795087
3 773226
3 797742
3 900216
3 894780
3 903690
3 929619
3 666504
3 701316
3 747234
3 776142
3 841698
3 740853
3 724185
3 824571
3 825309
3 857070
3 725535
3 834309
3 874935
3 901080
3 854856
3 832887
3 834624
3 868482
3 750888
3 830529
3 907857
3 931365
3 963153
3 928845
3 868122
3 818838
3 819234
3 898929
3 903087
3 896310
3 663183
3 822339
3 785700
3 898848
3 762048
3 869328
3 940491
3 871434
3 864603
3 874026
3 795204
3 784377
3 958023
3 893097
3 863199
3 711135
3 918747
3 748026
3 830529
3 826785
3 819018
3 790713
3 859383
3 839583
3 837054
3 856890
3 792594
3 668205
3 804465
3 852219
3 891306
3 860823
3 779976
3 843192
3 787365
3 919224
3 775611
3 780786
3 884385
3 830583
3 831897
3 671877
3 797841
3 918846
3 766584
3 793413
3 699534
3 758259
3 866016
3 768483
3 852156
3 818388
3 743076
3 764307
3 803844
3 809262
3 847620
3 710064
3 760248
3 719307
3 792126
3 907011
3 745695
3 896697
3 894483
3 852201
3 827037
3 810693
3 745155
3 872802
3 831600
3 852156
3 861291
3 802512
3 637173
3 800550
3 883161
3 888381
3 899892
3 708552
3 893142
3 852174
3 849285
3 780408
3 752877
3 848412
3 739728
3 734940
3 915174
3 857232
3 824544
3 840852
3 774882
3 848925
3 882576
3 852048
3 951831
3 839808
3 946584
3 773586
3 814131
3 866088
3 751644
3 743139
3 811800
3 812835
3 863856
3 868230
3 819216
3 722925
3 678384
3 623997
3 785556
3 858033
3 759159
3 902826
3 846702
3 606492
3 904608
3 815913
3 543411
3 654039
3 721503
3 740817
3 669078
3 860238
3 941130
3 890019
3 841671
3 682893
3 734328
3 843723
3 855819
3 866619
3 886716
3 791091
3 923580
3 877680
3 824229
3 922365
3 939564
3 886707
3 774216
3 876150
3 946917
3 832194
3 884538
3 694413
3 894798
3 797859
3 833994
3 901224
3 857124
3 853704
3 961335
3 934461
3 782937
3 768537
3 838899
3 908001
3 857115
3 913824
3 854595
3 874512
3 858825
3 907218
3 881595
3 829377
3 701613
3 740223
3 686052
3 758619
3 743445
3 715509
3 740655
3 887283
3 724995
3 919710
3 850608
3 705528
3 795177
3 962748
3 865566
3 890451
3 729612
3 743427
3 953469
3 791352
3 687744
3 683919
3 762462
3 834381
3 835524
3 841518
3 853353
3 836181
3 788409
3 832959
3 729819
3 813438
3 771732
3 776088
3 790065
3 890433
3 712917
3 810882
3 661905
3 712647
3 907578
3 919944
3 839178
3 769869
3 825741
3 784530
3 465237
3 829215
3 711072
3 879741
3 836235
3 750042
3 809289
3 847044
3 722691
3 866853
3 757206
3 795177
3 818118
3 892314
3 926343
3 858609
3 537264
3 767349
3 722853
3 845919
3 707463
3 850095
3 772983
3 820701
3 652230
3 794835
3 829611
3 760905
3 863901
3 718551
3 756819
3 843750
3 804087
3 824652
3 774891
3 903483
3 820845
3 820404
3 799695
3 679932
3 883854
3 891477
3 845451
3 736632
3 806112
3 736668
3 838782
3 879579
3 954846
3 697689
3 901872
3 819297
3 631233
3 800541
3 762651
3 845775
3 824958
3 914121
3 814725
3 762354
3 794106
3 870660
3 782658
3 732186
3 884115
3 703098
3 740331
3 853083
3 773964
3 786906
3 896049
3 895230
3 758925
3 833220
3 963450
3 818172
3 883062
3 853695
3 772371
3 816534
3 771399
3 789381
3 878670
3 764127
3 725292
3 795654
3 715383
3 715518
3 833328
3 890586
3 937980
3 751815
3 928890
3 817650
3 799794
3 905994
3 770751
3 786195
3 883494
3 628623
3 818100
3 853083
3 842526
3 949734
3 949284
3 817839
3 921969
3 842580
3 759105
3 753354
3 863964
3 890307
3 838791
3 831555
3 732303
3 790119
3 868068
3 760014
3 757035
3 682623
3 855198
3 901998
3 878688
3 876636
3 834264
3 761103
3 783945
3 977364
3 837729
3 693630
3 908010
3 676224
3 731916
3 796167
3 880929
3 647298
3 891396
3 733203
3 799983
3 729657
3 844362
3 608598
3 830187
3 836262
3 820485
3 798966
3 824652
3 808029
3 893601
3 756666
3 940518
3 798975
3 803439
3 784116
3 907632
3 830853
3 892827
3 819000
3 950175
3 786069
3 857205
3 740232
3 931662
3 829584
3 779166
3 882792
3 866151
3 819018
3 819666
3 879300
3 705879
3 685521
3 832077
3 812430
3 948105
3 774099
3 798849
3 824895
3 797364
3 818073
3 829458
3 864666
3 818892
3 852003
3 872253
3 611685
3 819216
3 775719
3 597006
3 861651
3 856809
3 955008
3 828414
3 905940
3 853758
3 865917
3 560430
3 838062
3 575856
3 885690
3 710676
3 874530
3 747666
3 788022
3 942795
3 793278
3 866880
3 737280
3 685773
3 931599
3 613359
3 766611
3 861741
3 874539
3 839853
3 789300
3 918747
3 883458
3 822105
3 865080
3 859653
3 763479
3 844794
3 923904
3 819846
3 871119
3 894384
3 885177
3 762282
3 924894
3 776709
3 894789
3 809424
3 950859
3 778608
3 872928
3 809361
3 701442
3 679878
3 752742
3 949572
3 644418
3 959751
3 782919
3 949662
3 635382
3 749817
3 800343
3 749520
3 771219
3 919818
3 847998
3 818973
3 839511
3 887571
3 762273
3 904977
3 770598
3 972576
3 797571
3 895788
3 609930
3 885177
3 722097
3 761571
3 978372
3 872145
3 906993
3 849042
3 759105
3 835038
3 730944
3 926208
3 819063
3 882027
3 824643
3 684603
3 843219
3 788346
3 750141
3 651978
3 722916
3 792504
3 913950
3 902736
3 863541
3 810747
3 849276
3 833985
3 864963
3 929151
3 691173
3 789354
3 733887
3 896382
3 849537
3 882603
3 824112
3 795663
3 671913
3 731313
3 872226
3 795177
3 730395
3 880920
3 801918
3 802683
3 707427
3 924408
3 866106
3 834642
3 764100
3 827640
3 883053
3 911385
3 627624
3 803790
3 726507
3 566946
3 772785
3 899487
3 838125
3 735570
3 900972
3 812088
3 730737
3 865818
3 924894
3 729423
3 927450
3 742266
3 906273
3 611595
3 947979
3 862722
3 849708
3 879921
3 890415
3 651150
3 865782
3 858033
3 976806
3 835299
3 905328
3 904014
3 907560
3 610110
3 864378
3 773316
3 796050
3 758178
3 886914
3 779004
3 780723
3 806103
3 828972
3 874800
3 682101
3 766620
3 858060
3 725292
3 942426
3 712908
3 845001
3 779022
3 802278
3 851931
3 757197
3 607194
3 852057
3 803106
3 823689
3 871515
3 801801
3 824526
3 683964
3 903186
3 864162
3 785601
3 846864
3 782775
3 875700
3 849150
3 832581
3 740511
3 852120
3 937458
3 947502
3 751257
3 750096
3 867276
3 860202
3 800910
3 782667
3 800838
3 711522
3 834732
3 594810
3 905976
3 761274
3 755262
3 841977
3 850536
3 813483
3 909351
3 862191
3 775683
3 906156
3 680859
3 853668
3 869184
3 830853
3 868176
3 752841
3 762309
3 888210
3 894240
3 761940
3 847476
3 838881
3 842562
3 913941
3 809226
3 659169
3 727452
3 900540
3 759987
3 936180
3 883296
3 790155
3 671454
3 617454
3 806175
3 880560
3 728856
3 968085
3 756981
3 915732
3 732186
3 841644
3 812394
3 714987
3 848007
3 814518
3 823392
3 739305
3 806787
3 812106
3 876159
3 844470
3 745344
3 847764
3 782505
3 880704
3 624906
3 755631
3 725094
3 796860
3 842580
3 942534
3 765477
3 715086
3 772569
3 900585
3 860859
3 928575
3 844875
3 824895
3 783828
3 850788
3 844920
3 854361
3 672750
3 844128
3 850752
3 847080
3 758844
3 951237
3 867978
3 836631
3 782793
3 901386
3 755343
3 813321
3 790794
3 749097
3 716517
3 778608
3 863325
3 842697
3 644571
3 848601
3 851607
3 927000
3 759915
3 757494
3 735147
3 852147
3 711603
3 922599
3 697374
3 955395
3 780165
3 826083
3 847458
3 643059
3 816237
3 786654
3 899325
3 861741
3 679860
3 720063
3 858465
3 765441
3 889758
3 773055
3 807525
3 811809
3 827289
3 878877
3 710244
3 933363
3 805077
3 729639
3 854190
3 863955
3 828846
3 835011
3 789795
3 905886
3 778563
3 958716
3 713646
3 727236
3 735831
3 973827
3 841671
3 774153
3 816471
3 819225
3 885420
3 704025
3 925479
3 946881
3 771732
3 892629
3 834705
3 809487
3 975861
3 864648
3 855315
3 939573
3 882135
3 662211
3 931761
3 705393
3 666648
3 865557
3 765441
3 749556
3 831060
3 803781
3 754524
3 732870
3 779049
3 872865
3 876672
3 890361
3 798912
3 849114
3 962721
3 939267
3 869562
3 743922
3 790695
3 911511
3 881730
3 756612
3 767394
3 680319
3 839340
3 819288
3 832239
3 798885
3 753570
3 793998
3 800370
3 848763
3 834039
3 925137
3 800820
3 942417
3 791802
3 835272
3 903114
3 899703
3 962748
3 693450
3 883773
3 720810
3 847224
3 941607
3 820431
3 857358
3 873513
3 825345
3 754344
3 901980
3 895428
3 804375
3 872559
3 731799
3 757062
3 718632
3 836118
3 792081
3 791703
3 852210
3 756783
3 798534
3 493398
3 883467
3 862236
3 852246
3 849231
3 859545
3 825003
3 754875
3 819684
3 667476
3 705753
3 986922
3 758232
3 963468
3 864153
3 792585
3 849996
3 776106
3 646362
3 713214
3 743886
3 907560
3 845919
3 844110
3 926271
3 863235
3 797400
3 692568
3 849600
3 912438
3 844416
3 838179
3 723960
3 761796
3 836100
3 779823
3 740637
3 949113
3 860841
3 866781
3 780804
3 963009
3 912654
3 743130
3 939204
3 911259
3 886347
3 702000
3 762597
3 806715
3 721656
3 759969
3 928143
3 837864
3 834354
3 768825
3 813402
3 863514
3 732609
3 877887
3 871380
3 839376
3 915588
3 664515
3 900639
3 920934
3 586251
3 809397
3 800559
3 838368
3 891387
3 850815
3 832860
3 805473
3 765747
3 852129
3 664821
3 758205
3 745389
3 836892
3 865260
3 768501
3 822492
3 757125
3 883080
3 862569
3 869157
3 924624
3 785691
3 955044
3 878544
3 899001
3 875889
3 851445
3 748422
3 925542
3 759915
3 763272
3 726057
3 859419
3 821097
3 860922
3 810810
3 773172
3 816471
3 959022
3 857844
3 867744
3 881091
3 852462
3 896616
3 833382
3 907578
3 774801
3 767358
3 796077
3 993672
3 819171
3 872496
3 795123
3 876474
3 880164
3 782361
3 884889
3 781938
3 530523
3 941454
3 838890
3 792441
3 825948
3 848565
3 798174
3 866106
3 868221
3 870813
3 897804
3 810828
3 796095
3 754848
3 798957
3 685944
3 811836
3 836883
3 888354
3 909495
3 782694
3 923445
3 842553
3 854640
3 827604
3 822978
3 671085
3 844902
3 779796
3 778005
3 919728
3 886941
3 924462
3 538281
3 763308
3 937233
3 782856
3 847584
3 819378
3 849267
3 815175
3 768942
3 814185
3 811314
3 896391
3 830529
3 683280
3 713016
3 945738
3 788355
3 795105
3 968220
3 690273
3 796140
3 729216
3 880119
3 860454
3 736038
3 746991
3 789885
3 874134
3 876123
3 871830
3 898344
3 823419
3 879426
3 783027
3 892467
3 892422
3 796932
3 778617
3 925047
3 846450
3 862434
3 826857
3 748944
3 690237
3 814941
3 865323
3 823707
3 828414
3 842328
3 868437
3 834894
3 790272
3 706599
3 825930
3 754551
3 768060
3 787086
3 819054
3 841365
3 847098
3 829764
3 633249
3 838575
3 862245
3 814518
3 863406
3 852192
3 895428
3 701451
3 701991
3 832599
3 809415
3 803457
3 771777
3 806661
3 844335
3 703467
3 809424
3 817173
3 852012
3 818973
3 741168
3 802998
3 905292
3 759465
3 798147
3 832833
3 850320
3 888849
3 762462
3 761832
3 802233
3 865872
3 841581
3 732213
3 867393
3 955395
3 978813
3 863298
3 813690
3 827829
3 864621
3 895770
3 783801
3 947277
3 689229
3 740241
3 940158
3 762570
3 817254
3 798201
3 861948
3 819225
3 803457
3 738783
3 932508
3 838449
3 902772
3 839403
3 675243
3 773325
3 831681
3 774855
3 799479
3 835056
3 668331
3 885933
3 803817
3 817857
3 843489
3 687636
3 765369
3 868851
3 689796
3 922842
3 831654
3 778671
3 807066
3 609615
3 829422
3 770796
3 839808
3 818910
3 839619
3 715221
3 821340
3 829809
3 898389
3 953172
3 708408
3 765630
3 642150
3 861741
3 916749
3 844182
3 619704
3 739701
3 921276
3 903879
3 794790
3 760509
3 840870
3 799254
3 773559
3 837504
3 729846
3 836991
3 933957
3 805203
3 685296
3 821835
3 830943
3 802611
3 768555
3 748872
3 924390
3 918630
3 594756
3 808551
3 743427
3 861597
3 820530
3 784161
3 811728
3 838242
3 757476
3 633006
3 830133
3 838746
3 735957
3 711315
3 871974
3 794106
3 791244
3 786258
3 704880
3 847539
3 815256
3 861597
3 903411
3 686259
3 917235
3 844587
3 752544
3 747972
3 836811
3 835470
3 759123
3 823095
3 836856
3 957429
3 868815
3 770931
3 822807
3 732861
3 853650
3 795843
3 777744
3 830070
3 915660
3 814221
3 896508
3 812520
3 927297
3 849276
3 792009
3 684009
3 734310
3 441783
3 838359
3 797292
3 947493
3 856152
3 822141
3 876123
3 884961
3 853866
3 853614
3 784071
3 793449
3 836532
3 720972
3 726777
3 701550
3 914877
3 839565
3 756630
3 887058
3 751851
3 860931
3 852174
3 891531
3 735183
3 902826
3 762426
3 847584
3 864585
3 721980
3 816750
3 880614
3 830097
3 828342
3 757890
3 730917
3 830601
3 852453
3 708300
3 783576
3 836865
3 745281
3 807111
3 865314
3 871839
3 900531
3 923130
3 883107
3 822240
3 819657
3 855594
3 776682
3 857457
3 841662
3 858861
3 807138
3 742122
3 860769
3 766404
3 822969
3 852147
3 831555
3 828423
3 743319
3 766017
3 865233
3 773316
3 769293
3 809901
3 816381
3 907983
3 822330
3 685332
3 817281
3 785430
3 816354
3 839718
3 871038
3 708642
3 832788
3 829467
3 814347
3 769932
3 744525
3 741681
3 620946
3 863577
3 764631
3 820467
3 898551
3 664335
3 837864
3 762057
3 792630
3 930618
3 878229
3 790497
3 895338
3 861489
3 906003
3 854577
3 839673
3 671436
3 863037
3 890145
3 741114
3 849105
3 829773
3 815859
3 870165
3 891450
3 921402
3 954936
3 671436
3 841626
3 866889
3 908001
3 829467
3 867843
3 858510
3 694179
3 977418
3 565119
3 888615
3 753327
3 895545
3 761490
3 750186
3 819810
3 654246
3 816732
3 863163
3 738225
3 788787
3 824760
3 885303
3 528984
3 820593
3 738783
3 891189
3 820206
3 865026
3 907317
3 903933
3 859977
3 690678
3 831402
3 775701
3 617220
3 726768
3 846918
3 807552
3 921321
3 779877
3 823023
3 929700
3 925371
3 917496
3 820782
3 907434
3 743301
3 826677
3 876294
3 651330
3 816462
3 769914
3 765999
3 773226
3 923571
3 818100
3 888120
3 735831
3 738540
3 679428
3 661779
3 881676
3 765360
3 603018
3 780030
3 727695
3 883926
3 884556
3 646227
3 845928
3 917739
3 809073
3 917820
3 779769
3 770337
3 874116
3 883053
3 762039
3 848394
3 734598
3 752166
3 663543
3 907047
3 756747
3 937530
3 824265
3 777987
3 795681
3 805806
3 751329
3 901863
3 911322
3 857106
3 683685
3 918117
3 782991
3 980307
3 823446
3 780228
3 835785
3 803286
3 805446
3 862452
3 833652
3 763677
3 730062
3 809397
3 762471
3 797436
3 898830
3 687024
3 896967
3 768951
3 800730
3 884988
3 809532
3 903690
3 952929
3 743679
3 583713
3 704250
3 784107
3 829224
3 976554
3 945486
3 707760
3 850428
3 793539
3 797418
3 867339
3 676962
3 673785
3 828594
3 749943
3 701658
3 787653
3 744192
3 846297
3 838359
3 799209
3 880074
3 866511
3 802773
3 802350
3 870174
3 744705
3 790452
3 805203
3 899496
3 824472
3 814482
3 881307
3 903231
3 886959
3 801927
3 731277
3 790164
3 832050
3 826551
3 820944
3 875295
3 742122
3 729378
3 767457
3 690372
3 841248
3 740241
3 829026
3 903213
3 763182
3 849555
3 842346
3 850608
3 890550
3 738117
3 905319
3 834876
3 874764
3 833976
3 796023
3 784953
3 720045
3 814095
3 886968
3 895824
3 842373
3 841194
3 873639
3 893646
3 802620
3 832482
3 856467
3 852291
3 591282
3 916200
3 717957
3 829656
3 907848
3 847800
3 756981
3 873612
3 743031
3 664812
3 807534
3 876906
3 914823
3 923157
3 827469
3 757863
3 883035
3 657099
3 957042
3 918603
3 727326
3 668439
3 726741
3 835803
3 885861
3 815040
3 729873
3 676044
3 697356
3 958005
3 929970
3 775782
3 933768
3 769932
3 844146
3 765414
3 862767
3 828369
3 816345
3 849726
3 769554
3 977166
3 889983
3 885078
3 809433
3 583587
3 846864
3 833832
3 899523
3 877509
3 876636
3 883107
3 841707
3 819369
3 867987
3 795177
3 842418
3 773181
3 627093
3 808047
3 759069
3 756720
3 862776
3 899613
3 746703
3 993690
3 877113
3 664857
3 687141
3 839925
3 723366
3 849357
3 839628
3 829035
3 888381
3 780057
3 723987
3 877698
3 749817
3 809730
3 886401
3 737568
3 839673
3 878688
3 824715
3 798975
3 581310
3 860490
3 890118
3 752760
3 780372
3 814563
3 858501
3 703440
3 844965
3 709731
3 796464
3 815004
3 855198
3 726525
3 805860
3 820242
3 768411
3 952362
3 847530
3 751770
3 908280
3 766629
3 760500
3 895887
3 809775
3 802008
3 870669
3 648540
3 789804
3 797850
3 872820
3 816021
3 862614
3 890973
3 787383
3 877716
3 871434
3 810873
3 852129
3 791757
3 812079
3 876645
3 821151
3 824598
3 903123
3 890622
3 851751
3 838008
3 916542
3 854631
3 824760
3 904194
3 905706
3 825615
3 904869
3 818964
3 813879
3 790506
3 838134
3 829449
3 892188
3 901611
3 835119
3 850518
3 883089
3 790137
3 822339
3 837117
3 841518
3 904347
3 631989
3 880479
3 907668
3 748008
3 784800
3 848727
3 930348
3 837036
3 834984
3 837657
3 800910
3 905175
3 731430
3 890307
3 853875
3 796041
3 784566
3 821601
3 732789
3 869112
3 848268
3 807750
3 977904
3 894726
3 751176
3 864306
3 981297
3 888102
3 891999
3 703719
3 844479
3 961524
3 872460
3 951084
3 733392
3 601425
3 801513
3 838485
3 802647
3 862488
3 849780
3 902034
3 711504
3 916083
3 788085
3 812430
3 830430
3 839619
3 820845
3 731250
3 776700
3 889920
3 859995
3 839556
3 708408
3 862974
3 818865
3 863496
3 838557
3 793512
3 809019
3 887445
3 612900
3 701172
3 811251
3 782883
3 903078
3 507177
3 725355
3 767205
3 850779
3 693126
3 780021
3 721386
3 858519
3 834228
3 850815
3 812178
3 802584
3 778590
3 835281
3 745686
3 711027
3 762084
3 868329
3 765360
3 882603
3 959040
3 811764
3 608679
3 763056
3 832158
3 792225
3 802791
3 907722
3 768204
3 832608
3 949104
3 709614
3 969444
3 839907
3 854253
3 914814
3 861633
3 667638
3 738108
3 858753
3 841761
3 857628
3 780228
3 775782
3 750438
3 887301
3 706968
3 817290
3 824544
3 883053
3 941544
3 818073
3 740313
3 875268
3 742320
3 908289
3 765279
3 886401
3 802233
3 813978
3 874449
3 931770
3 785745
3 943911
3 773307
3 922239
3 863226
3 951300
3 697851
3 861597
3 822429
3 882072
3 947817
3 839160
3 891423
3 655785
3 803052
3 849744
3 953793
3 768465
3 844902
3 844812
3 686061
3 856116
3 913968
3 829692
3 616968
3 848250
3 949860
3 707967
3 822771
3 848790
3 929691
3 856134
3 779571
3 800784
3 865143
3 848277
3 895032
3 985725
3 880542
3 744255
3 804600
3 888237
3 841383
3 631485
3 730458
3 847962
3 835848
3 811827
3 853596
3 806805
3 820836
3 883791
3 683865
3 746145
3 874791
3 733635
3 670860
3 833229
3 846180
3 851625
3 876582
3 864342
3 808272
3 782910
3 749862
3 722484
3 822753
3 762372
3 864999
3 845730
3 760212
3 933759
3 969372
3 878364
3 882207
3 786258
3 813321
3 763335
3 696924
3 864873
3 906003
3 846261
3 771156
3 778914
3 838359
3 872928
3 866025
3 919170
3 839484
3 836406
3 774045
3 903159
3 806103
3 884655
3 850851
3 893997
3 829368
3 805023
3 849816
3 824823
3 704529
3 926946
3 855675
3 863550
3 924021
3 745074
3 814347
3 820863
3 782685
3 795123
3 702441
3 837927
3 891252
3 738630
3 850104
3 768492
3 877176
3 864990
3 782712
3 847521
3 857052
3 932355
3 794592
3 858519
3 845001
3 757080
3 871686
3 678420
3 771345
3 860688
3 803682
3 762048
3 849312
3 838305
3 890046
3 795699
3 863226
3 872397
3 928818
3 821421
3 849627
3 743112
3 707004
3 844461
3 676017
3 886122
3 874035
3 783450
3 505935
3 731232
3 912204
3 826542
3 874917
3 970470
3 909378
3 984258
3 522324
3 830619
3 885879
3 851670
3 657009
3 801999
3 840834
3 942723
3 845964
3 756648
3 814302
3 721377
3 857655
3 876690
3 597609
3 836235
3 944514
3 783567
3 684828
3 930870
3 912969
3 773271
3 878706
3 955809
3 825255
3 882513
3 784512
3 945639
3 754848
3 854172
3 803493
3 834048
3 833472
3 905085
3 798147
3 820053
3 876159
3 870480
3 813177
3 941481
3 901359
3 691749
3 724302
3 727227
3 891378
3 820593
3 796068
3 831780
3 845271
3 768663
3 706122
3 969462
3 823392
3 725661
3 822789
3 797679
3 932436
3 642564
3 819702
3 833985
3 905337
3 891360
3 835128
3 842499
3 783621
3 832887
3 978696
3 863541
3 903870
3 818955
3 746154
3 824688
3 812502
3 832950
3 778761
3 865782
3 873621
3 845433
3 808245
3 891252
3 744255
3 791946
3 877860
3 788058
3 785709
3 864666
3 751761
3 811314
3 826389
3 832869
3 928251
3 700146
3 668223
3 833850
3 771660
3 784224
3 792666
3 880560
3 1008441
3 724500
3 678582
3 780705
3 900279
3 827586
3 882099
3 903861
3 949581
3 875772
3 834039
3 646488
3 888156
3 771210
3 741177
3 667737
3 760194
3 741672
3 748044
3 882873
3 779859
3 779058
3 869517
3 883260
3 893124
3 929871
3 793413
3 817263
3 862578
3 923463
3 829215
3 945630
3 801504
3 832923
3 735849
3 904149
3 875151
3 841014
3 773199
3 895797
3 749808
3 893115
3 805122
3 744462
3 768483
3 762462
3 870300
3 821835
3 611712
3 753120
3 835263
3 903393
3 799974
3 863550
3 666936
3 883458
3 864990
3 780210
3 884106
3 945315
3 827181
3 837648
3 849393
3 942669
3 882558
3 913932
3 765936
3 877707
3 685962
3 778473
3 911304
3 763299
3 588330
3 839322
3 839124
3 753354
3 847647
3 904599
3 864837
3 882234
3 844128
3 811125
3 852174
3 902448
3 852741
3 865071
3 839682
3 794124
3 875691
3 760203
3 732573
3 846873
3 844641
3 828459
3 717372
3 765450
3 683928
3 668232
3 808947
3 841644
3 760221
3 819882
3 867915
3 788085
3 837999
3 626796
3 823689
3 863109
3 823005
3 814059
3 828396
3 806139
3 802350
3 849510
3 919251
3 867411
3 736659
3 660618
3 895860
3 754317
3 886950
3 975312
3 826389
3 917856
3 817839
3 855657
3 784035
3 907497
3 775656
3 723204
3 892674
3 791730
3 835011
3 921195
3 926595
3 841599
3 972612
3 949203
3 807570
3 833580
3 791289
3 923058
3 846747
3 657351
3 825282
3 917793
3 890433
3 769914
3 902754
3 697581
3 841185
3 951471
3 909819
3 824562
3 778644
3 786789
3 850806
3 865035
3 791190
3 761535
3 895968
3 817227
3 801837
3 855612
3 800559
3 904014
3 904203
3 779490
3 769527
3 882045
3 756306
3 845604
3 797391
3 907947
3 899280
3 880983
3 795699
3 821106
3 815193
3 661599
3 835767
3 619668
3 825030
3 836685
3 858060
3 897462
3 754848
3 874890
3 890694
3 806058
3 768582
3 875133
3 871704
3 742122
3 900945
3 790308
3 905436
3 817137
3 851454
3 612666
3 920430
3 759699
3 817101
3 876582
3 750789
3 847332
3 911727
3 827055
3 870831
3 870174
3 906462
3 681840
3 915858
3 755613
3 814518
3 770220
3 821511
3 811980
3 613944
3 872298
3 838026
3 876672
3 800361
3 886392
3 902520
3 750798
3 890415
3 748422
3 857943
3 820854
3 782865
3 881550
3 791487
3 910134
3 743787
3 886707
3 683937
3 883242
3 708921
3 831465
3 814131
3 820431
3 767853
3 894816
3 864981
3 665541
3 698535
3 675684
3 816462
3 708795
3 635166
3 780228
3 936144
3 847791
3 866916
3 767619
3 658206
3 808776
3 616905
3 790038
3 875529
3 827928
3 713178
3 851220
3 682443
3 865422
3 931752
3 899541
3 825741
3 886959
3 848970
3 848034
3 873648
3 838395
3 861327
3 894906
3 826137
3 987264
3 897687
3 909216
3 908757
3 788040
3 715122
3 736128
3 838458
3 682848
3 707256
3 862848
3 929367
3 831195
3 939798
3 844146
3 827514
3 744768
3 815391
3 776727
3 812583
3 984438
3 832563
3 827703
3 749061
3 666891
3 773703
3 890316
3 894249
3 735093
3 802620
3 903330
3 835065
3 865593
3 779805
3 900630
3 824589
3 805455
3 844515
3 731214
3 690381
3 812196
3 839538
3 826371
3 564804
3 698040
3 837891
3 894312
3 773181
3 740628
3 667143
3 872856
3 729450
3 836559
3 823500
3 833607
3 956160
3 740601
3 691254
3 814698
3 867294
3 783153
3 863514
3 820764
3 760527
3 914292
3 757179
3 762381
3 848232
3 803754
3 838134
3 837648
3 820602
3 897858
3 809199
3 785565
3 861525
3 965826
3 805104
3 848259
3 784602
3 684756
3 554985
3 743067
3 686790
3 770148
3 861264
3 838197
3 784116
3 850338
3 744858
3 861417
3 773298
3 762030
3 821646
3 763785
3 729414
3 820800
3 847656
3 790191
3 907119
3 805023
3 536085
3 774126
3 822501
3 812601
3 840726
3 851427
3 871074
3 844524
3 809622
3 795123
3 874791
3 657036
3 909963
3 885870
3 815697
3 664974
3 819162
3 864396
3 838332
3 809883
3 819945
3 823896
3 925506
3 801603
3 867411
3 898470
3 850860
3 834012
3 779769
3 843264
3 766665
3 561951
3 907560
3 807309
3 762417
3 845685
3 885870
3 772218
3 798219
3 803412
3 791325
3 789093
3 730530
3 850500
3 799119
3 792261
3 799641
3 839511
3 641061
3 837126
3 998604
3 711135
3 811350
3 823032
3 883080
3 822150
3 828621
3 780705
3 783342
3 869742
3 815211
3 731385
3 937575
3 729081
3 793233
3 604503
3 820233
3 851958
3 864189
3 756738
3 846099
3 786195
3 816921
3 740016
3 913644
3 889425
3 738504
3 773820
3 824985
3 801954
3 827280
3 800586
3 880911
3 911790
3 824688
3 818865
3 834930
3 745155
3 902835
3 871623
3 918540
3 767970
3 896391
3 738351
3 947997
3 833130
3 736992
3 894564
3 808929
3 872820
3 799686
3 928854
3 795771
3 794736
3 866151
3 891306
3 831591
3 843426
3 783027
3 840834
3 813483
3 746181
3 845559
3 763470
3 852912
3 977922
3 774864
3 664695
3 733131
3 752292
3 860427
3 964647
3 774486
3 791100
3 661374
3 890604
3 890298
3 855675
3 893646
3 727038
3 739377
3 722151
3 800226
3 809775
3 892485
3 820476
3 883395
3 909180
3 712269
3 758223
3 803448
3 757089
3 802089
3 682884
3 823833
3 769896
3 900846
3 911385
3 861804
3 832023
3 904185
3 751212
3 765945
3 839394
3 775359
3 832824
3 824157
3 744615
3 746640
3 836991
3 854406
3 780030
3 698265
3 873000
3 884781
3 852030
3 841005
3 796077
3 840888
3 837612
3 872829
3 844056
3 710568
3 898209
3 838062
3 847107
3 882081
3 775953
3 870462
3 891396
3 885852
3 833292
3 817443
3 790821
3 847557
3 927099
3 676485
3 895077
3 1024191
3 902727
3 929664
3 861651
3 718398
3 818874
3 840726
3 763155
3 896841
3 750510
3 814554
3 886950
3 915723
3 850446
3 714618
3 738144
3 784566
3 803691
3 730854
3 740241
3 765792
3 804438
3 776142
3 774198
3 771957
3 829422
3 777240
3 824148
3 906435
3 705762
3 885447
3 817497
3 825840
3 758124
3 846315
3 812781
3 806022
3 817533
3 780426
3 817254
3 690282
3 826605
3 718335
3 754857
3 898965
3 828855
3 660312
3 859383
3 715005
3 833859
3 816930
3 735822
3 903483
3 707337
3 901692
3 820557
3 885708
3 655830
3 859707
3 745092
3 763812
3 818694
3 819405
3 725922
3 891486
3 872811
3 860922
3 916884
3 822312
3 878508
3 901539
3 891963
3 629226
3 754128
3 799713
3 686817
3 860886
3 817416
3 863892
3 756342
3 696789
3 959274
3 803736
3 758997
3 761571
3 955989
3 640980
3 848241
3 784197
3 834696
3 739350
3 834192
3 869247
3 912195
3 959364
3 844137
3 801909
3 941418
3 849276
3 621819
3 701928
3 784791
3 864945
3 638271
3 939843
3 828387
3 885519
3 792144
3 829800
3 843354
3 842409
3 698211
3 757566
3 837900
3 876654
3 759618
3 933147
3 677853
3 728082
3 837504
3 868212
3 734472
3 867699
3 783144
3 930888
3 845451
3 784143
3 849663
3 946350
3 846252
3 857295
3 788706
3 871308
3 672336
3 915822
3 931716
3 897480
3 869328
3 614853
3 793377
3 783585
3 806355
3 711135
3 769869
3 703323
3 868770
3 909144
3 889425
3 886698
3 795357
3 739872
3 827703
3 747720
3 918135
3 884421
3 838341
3 742689
3 792657
3 846855
3 831051
3 771732
3 798192
3 858051
3 864324
3 901926
3 879579
3 885366
3 941103
3 750177
3 780309
3 902016
3 776115
3 833544
3 689643
3 701793
3 622350
3 924255
3 972810
3 817839
3 773100
3 850113
3 859383
3 835128
3 849384
3 774810
3 926172
3 838332
3 584118
3 864594
3 679446
3 852156
3 794331
3 816975
3 912258
3 730962
3 792675
3 859329
3 684414
3 858573
3 865251
3 861219
3 810423
3 868527
3 756630
3 866961
3 883269
3 912906
3 656442
3 728775
3 932895
3 814113
3 796113
3 837000
3 907173
3 844983
3 915210
3 827811
3 850743
3 898209
3 763425
3 867303
3 887364
3 819225
3 890433
3 714474
3 932850
3 860868
3 838386
3 803592
3 881478
3 723546
3 773676
3 725121
3 714348
3 861867
3 654426
3 749358
3 940473
3 619137
3 847530
3 903339
3 858807
3 711027
3 762642
3 881487
3 857898
3 872703
3 838080
3 648936
3 913041
3 946737
3 849546
3 937188
3 902952
3 815868
3 718830
3 623979
3 870822
3 913878
3 966384
3 920313
3 887760
3 603720
3 891378
3 898200
3 759042
3 832113
3 687321
3 843570
3 751203
3 822996
3 911205
3 736029
3 604341
3 878382
3 817263
3 898407
3 880497
3 820386
3 772785
3 889965
3 822231
3 858006
3 844488
3 861084
3 844929
3 752310
3 757863
3 690381
3 755082
3 733869
3 937548
3 788913
3 596223
3 769590
3 887427
3 930888
3 890307
3 912843
3 878877
3 831825
3 842373
3 932058
3 878643
3 802620
3 877671
3 793557
3 836811
3 794385
3 695322
3 915120
3 907506
3 868149
3 787626
3 906336
3 895554
3 756756
3 812376
3 798534
3 711072
3 654984
3 849159
3 931635
3 814554
3 898344
3 767349
3 953055
3 783783
3 755190
3 779787
3 721890
3 846378
3 776421
3 765243
3 881712
3 898326
3 725652
3 800748
3 779895
3 937404
3 923139
3 867843
3 773793
3 640845
3 759951
3 565704
3 882135
3 850599
3 692505
3 711072
3 810207
3 768996
3 944208
3 837090
3 775593
3 828342
3 663993
3 819180
3 881604
3 788184
3 713646
3 823743
3 846036
3 754110
3 809847
3 816993
3 863163
3 798138
3 838359
3 842661
3 783801
3 863892
3 928845
3 780039
3 887418
3 789408
3 902070
3 765576
3 806787
3 875304
3 684027
3 889668
3 682848
3 839691
3 889434
3 724428
3 788418
3 791172
3 850815
3 771192
3 771408
3 765279
3 740232
3 990747
3 713151
3 906012
3 878391
3 782820
3 615726
3 733581
3 887445
3 829449
3 766413
3 858078
3 886923
3 784548
3 865278
3 842418
3 940869
3 746091
3 849060
3 766872
3 893079
3 837126
3 823932
3 800883
3 841923
3 796590
3 741348
3 629190
3 756783
3 891324
3 867321
3 867762
3 852183
3 790119
3 983448
3 713970
3 791280
3 865962
3 670563
3 750123
3 743913
3 961506
3 754857
3 850365
3 821700
3 863262
3 756720
3 837612
3 901557
3 793611
3 738603
3 913617
3 865125
3 802377
3 912933
3 821529
3 796185
3 844470
3 841689
3 650169
3 609588
3 935577
3 893034
3 891432
3 759096
3 918972
3 906957
3 913158
3 669078
3 864594
3 804483
3 814653
3 715050
3 851418
3 901350
3 683496
3 838008
3 911268
3 844425
3 744624
3 851994
3 774270
3 963117
3 817506
3 797409
3 897525
3 757872
3 851913
3 757629
3 668286
3 740223
3 893745
3 791784
3 838170
3 876789
3 812151
3 769869
3 762669
3 899541
3 867267
3 796338
3 589212
3 805464
3 784809
3 832248
3 899847
3 885384
3 816741
3 702792
3 884421
3 865017
3 893727
3 807552
3 617238
3 796113
3 867366
3 690318
3 583110
3 896058
3 832068
3 846540
3 873936
3 800793
3 876888
3 898470
3 861255
3 777141
3 765396
3 852102
3 683955
3 854649
3 734355
3 825417
3 824616
3 754677
3 872190
3 652203
3 891225
3 928710
3 844209
3 833976
3 852804
3 791415
3 847764
3 916884
3 821421
3 907659
3 894231
3 845280
3 902214
3 790119
3 894924
3 898560
3 929610
3 798291
3 795177
3 840861
3 697086
3 750942
3 736047
3 977886
3 821412
3 809163
3 634833
3 804663
3 803817
3 844713
3 866070
3 759582
3 828828
3 757062
3 902025
3 833922
3 780255
3 907569
3 792891
3 850545
3 838872
3 811368
3 848277
3 850059
3 797346
3 918459
3 794124
3 968490
3 631746
3 819828
3 840528
3 637299
3 878940
3 824400
3 779913
3 874989
3 782685
3 623115
3 901575
3 816273
3 845460
3 860778
3 841014
3 799641
3 872964
3 889983
3 887886
3 918369
3 974781
3 847566
3 794151
3 770724
3 834876
3 846468
3 800784
3 865314
3 708903
3 860508
3 838314
3 661959
3 873243
3 867843
3 805977
3 814473
3 869634
3 883908
3 684756
3 682119
3 864999
3 846810
3 715437
3 819180
3 832923
3 880398
3 839691
3 737046
3 707751
3 883242
3 864360
3 802269
3 752607
3 899235
3 924876
3 890298
3 752364
3 824544
3 744588
3 844893
3 684360
3 907794
3 827973
3 904131
3 830484
3 842553
3 745128
3 820404
3 805239
3 831402
3 682605
3 758502
3 925335
3 897813
3 757854
3 864981
3 850779
3 809433
3 860616
3 829485
3 861804
3 963666
3 921276
3 836127
3 868401
3 762633
3 802854
3 882900
3 890982
3 954729
3 843642
3 805500
3 807975
3 758187
3 773055
3 961101
3 729693
3 864297
3 926280
3 837873
3 823419
3 759915
3 824895
3 904617
3 796878
3 758484
3 854433
3 839682
3 787968
3 732204
3 848493
3 905940
3 862965
3 780228
3 847629
3 828639
3 675306
3 886698
3 828630
3 872928
3 770112
3 827793
3 814059
3 683325
3 906327
3 751842
3 749583
3 912717
3 744264
3 805473
3 845757
3 964026
3 810045
3 844209
3 775746
3 922221
3 783351
3 765378
3 581346
3 791235
3 794853
3 854424
3 762192
3 819180
3 632907
3 900603
3 847557
3 912843
3 820386
3 798156
3 868338
3 589671
3 775197
3 838494
3 745452
3 791784
3 770823
3 764163
3 750096
3 915930
3 725868
3 783846
3 896679
3 887508
3 809199
3 893646
3 837324
3 917271
3 786960
3 858555
3 744597
3 896373
3 790488
3 808848
3 798876
3 802521
3 911124
3 889380
3 786411
3 901791
3 885564
3 896085
3 549198
3 769131
3 770886
3 845937
3 814149
3 941400
3 764622
3 806832
3 852129
3 946899
3 754479
3 616896
3 706473
3 946638
3 745722
3 895338
3 853758
3 828666
3 845028
3 732267
3 887481
3 821970
3 760707
3 807552
3 774459
3 791784
3 809055
3 786312
3 790641
3 891441
3 811503
3 864936
3 797157
3 834309
3 782784
3 893367
3 937989
3 852876
3 824661
3 759969
3 847809
3 878697
3 897174
3 652311
3 930177
3 847953
3 817227
3 751968
3 785673
3 829791
3 744156
3 763308
3 784521
3 809037
3 580068
3 886437
3 875322
3 911106
3 834615
3 722691
3 819207
3 837630
3 677178
3 819306
3 851445
3 834723
3 822861
3 779058
3 793089
3 847530
3 685818
3 712953
3 831303
3 821574
3 808749
3 864648
3 862326
3 847602
3 861813
3 893691
3 871398
3 798777
3 739800
3 956160
3 955728
3 825300
3 780345
3 838620
3 833355
3 861822
3 901269
3 857196
3 937602
3 871056
3 911115
3 851994
3 812880
3 782847
3 836532
3 777978
3 783333
3 938340
3 926226
3 802215
3 831897
3 817182
3 806067
3 724860
3 807552
3 775665
3 897426
3 798273
3 814959
3 798984
3 890100
3 928071
3 683595
3 782685
3 811044
3 806013
3 892035
3 846720
3 749871
3 854658
3 908973
3 744651
3 872874
3 952020
3 775287
3 907947
3 930915
3 839511
3 828882
3 821574
3 855315
3 767556
3 844389
3 791451
3 842940
3 896130
3 860049
3 829071
3 628659
3 927027
3 852192
3 918774
3 844128
3 845865
3 708660
3 783603
3 597033
3 842346
3 782946
3 924948
3 726795
3 898902
3 915777
3 727227
3 723744
3 729675
3 870516
3 833985
3 861741
3 746586
3 919260
3 770931
3 824643
3 869949
3 841383
3 799452
3 874863
3 865179
3 755109
3 768816
3 862272
3 870480
3 835605
3 814464
3 806058
3 835722
3 796797
3 756396
3 811737
3 955836
3 802548
3 896427
3 896400
3 868338
3 910341
3 831069
3 929106
3 748161
3 832518
3 894591
3 782649
3 798471
3 839889
3 820836
3 840330
3 770787
3 907992
3 856899
3 842670
3 822528
3 727371
3 745587
3 945504
3 770220
3 926199
3 870651
3 824508
3 912681
3 862938
3 705438
3 775899
3 637587
3 862326
3 699300
3 786204
3 941283
3 833841
3 708579
3 934884
3 780372
3 799767
3 906759
3 839718
3 792900
3 819675
3 752265
3 658224
3 637299
3 838170
3 841680
3 857196
3 689067
3 830430
3 889407
3 804654
3 780228
3 807084
3 715437
3 795177
3 724680
3 715869
3 792306
3 785763
3 740304
3 733653
3 851643
3 671103
3 808920
3 888012
3 851670
3 822456
3 685665
3 701415
3 842436
3 738423
3 807111
3 668250
3 828963
3 683127
3 902772
3 795717
3 863550
3 794790
3 843903
3 787977
3 736758
3 773001
3 900378
3 1018665
3 710622
3 806130
3 809253
3 916083
3 959931
3 902844
3 805455
3 733986
3 848268
3 706617
3 941706
3 800424
3 803196
3 758916
3 978444
3 748422
3 683946
3 918819
3 770454
3 827640
3 800361
3 926505
3 614484
3 870165
3 833868
3 783576
3 687393
3 821511
3 712584
3 811125
3 818010
3 755091
3 803556
3 803934
3 776430
3 736668
3 867294
3 857556
3 745047
3 869643
3 871848
3 757071
3 882117
3 834219
3 834912
3 950760
3 890325
3 810432
3 734355
3 858483
3 953559
3 848079
3 949608
3 811269
3 906336
3 803502
3 903501
3 866880
3 795069
3 915993
3 756783
3 858141
3 633285
3 813384
3 782109
3 816939
3 867996
3 874584
3 843039
3 782118
3 862146
3 885267
3 875646
3 877509
3 949752
3 687582
3 911673
3 883044
3 865044
3 812205
3 859878
3 791775
3 840402
3 713340
3 818640
3 878967
3 709569
3 886923
3 833958
3 963729
3 804411
3 968121
3 814293
3 900666
3 800307
3 860913
3 866565
3 951939
3 863487
3 835056
3 827136
3 633195
3 809406
3 809487
3 721647
3 883179
3 795177
3 819963
3 579141
3 748017
3 830007
3 875088
3 874593
3 849555
3 900279
3 890694
3 699849
3 675756
3 908856
3 911340
3 919800
3 726336
3 643869
3 800523
3 730872
3 880515
3 783045
3 896031
3 784782
3 742113
3 851958
3 820386
3 861804
3 653400
3 824625
3 882378
3 833931
3 809406
3 624393
3 784152
3 747954
3 658197
3 826794
3 929061
3 739764
3 688365
3 699381
3 636579
3 901485
3 779049
3 959337
3 812403
3 739989
3 866511
3 727038
3 862335
3 846738
3 816795
3 738990
3 732564
3 534825
3 905283
3 638379
3 824121
3 876663
3 810081
3 790506
3 656703
3 822168
3 813807
3 869994
3 779688
3 835884
3 891360
3 844983
3 876762
3 805014
3 762237
3 814527
3 881343
3 858411
3 760230
3 836613
3 862659
3 741951
3 739674
3 871038
3 952947
3 784215
3 826137
3 842040
3 721980
3 799731
3 724365
3 737343
3 896211
3 928224
3 896742
3 750042
3 793566
3 849546
3 732438
3 708687
3 907029
3 876159
3 840555
3 834903
3 830583
3 917874
3 885141
3 807111
3 888408
3 822636
3 805482
3 720342
3 935910
3 911763
3 827559
3 854415
3 878832
3 711117
3 773811
3 774504
3 770985
3 870615
3 817920
3 670239
3 611847
3 774126
3 839655
3 893322
3 818055
3 803475
3 894429
3 693135
3 792612
3 832752
3 832860
3 663570
3 605862
3 819639
3 816507
3 707949
3 861273
3 755343
3 907974
3 844965
3 848232
3 816210
3 598284
3 865989
3 739728
3 837864
3 858033
3 814752
3 808245
3 779895
3 701145
3 784215
3 791802
3 720999
3 805743
3 890442
3 848097
3 711018
3 841428
3 805455
3 862407
3 889443
3 788499
3 814545
3 715428
3 878589
3 900522
3 828684
3 718677
3 872775
3 759951
3 858564
3 837864
3 763326
3 620397
3 786834
3 952047
3 933642
3 844758
3 930906
3 874881
3 924084
3 901278
3 812052
3 721134
3 701019
3 760221
3 728676
3 788724
3 795600
3 800658
3 625284
3 824517
3 833850
3 695304
3 941868
3 804798
3 627831
3 867870
3 706716
3 823455
3 911367
3 733392
3 905328
3 819045
3 916713
3 823473
3 778599
3 758214
3 787158
3 872955
3 788688
3 890433
3 774531
3 901206
3 710307
3 896652
3 806238
3 865080
3 896283
3 807066
3 841689
3 883107
3 779724
3 767394
3 857259
3 868329
3 699876
3 722691
3 930042
3 787365
3 845442
3 785682
3 819234
3 838359
3 768888
3 784539
3 828000
3 828873
3 825120
3 635301
3 788697
3 874593
3 763722
3 868068
3 956934
3 895770
3 763803
3 795870
3 770796
3 864972
3 757935
3 834732
3 848421
3 849816
3 728748
3 841626
3 804798
3 831888
3 783792
3 911952
3 708696
3 833994
3 775809
3 751824
3 923904
3 877896
3 838089
3 740700
3 852255
3 750510
3 842049
3 831213
3 874161
3 818361
3 738603
3 835245
3 830151
3 745506
3 776115
3 670302
3 538506
3 942687
3 860778
3 770706
3 825147
3 748035
3 783288
3 865062
3 997011
3 841536
3 852219
3 771606
3 900378
3 831861
3 948960
3 784143
3 884961
3 887949
3 721368
3 843471
3 701127
3 816750
3 812079
3 901053
3 858573
3 779058
3 833562
3 852237
3 852138
3 862965
3 835281
3 860652
3 893835
3 846738
3 720720
3 803862
3 797967
3 930375
3 803421
3 885879
3 715158
3 784134
3 792027
3 852102
3 770031
3 889380
3 864639
3 870489
3 825813
3 877608
3 833913
3 728343
3 760230
3 777861
3 858483
3 726084
3 809415
3 828387
3 865557
3 906786
3 806004
3 804303
3 765162
3 906624
3 820512
3 807111
3 923787
3 824193
3 832779
3 743058
3 726246
3 835794
3 791784
3 831339
3 753714
3 794196
3 852300
3 810774
3 940086
3 907083
3 857421
3 715005
3 561114
3 845910
3 775368
3 931680
3 882081
3 875151
3 864603
3 986625
3 831699
3 916506
3 791730
3 814491
3 842337
3 840735
3 819297
3 906057
3 928683
3 872316
3 770355
3 770652
3 791109
3 834570
3 773397
3 771030
3 813942
3 810198
3 807057
3 806121
3 906300
3 845244
3 794061
3 591084
3 817443
3 881856
3 845361
3 893142
3 766845
3 624105
3 907578
3 903645
3 813438
3 773847
3 872262
3 682641
3 732249
3 833580
3 847863
3 832698
3 795186
3 835245
3 769527
3 817695
3 966024
3 808515
3 816030
3 838134
3 886950
3 807624
3 852102
3 790533
3 882558
3 691299
3 849141
3 836262
3 743499
3 847773
3 796554
3 910377
3 852129
3 732402
3 856089
3 894573
3 852336
3 773775
3 878967
3 845370
3 723051
3 926154
3 741969
3 847764
3 958518
3 883116
3 773091
3 798228
3 792756
3 658179
3 714996
3 763272
3 743589
3 823977
3 755631
3 786951
3 824409
3 844398
3 786780
3 893142
3 823050
3 767961
3 883044
3 866817
3 748971
3 906408
3 861786
3 782766
3 798075
3 864972
3 870525
3 925452
3 832977
3 799398
3 886383
3 673821
3 767358
3 804060
3 850680
3 832833
3 971676
3 809550
3 735831
3 834273
3 845487
3 970218
3 804627
3 765360
3 946809
3 776151
3 895806
3 785502
3 606681
3 852138
3 854559
3 915669
3 869103
3 757116
3 783171
3 768438
3 785700
3 893880
3 893637
3 682866
3 769095
3 608985
3 819009
3 838944
3 775845
3 861759
3 938817
3 743562
3 865251
3 807102
3 878679
3 832698
3 913770
3 787140
3 793323
3 795213
3 832032
3 649431
3 911943
3 838359
3 793215
3 889398
3 683199
3 836199
3 787833
3 697257
3 898983
3 784773
3 864522
3 887634
3 880830
3 891396
3 701415
3 705789
3 951795
3 814302
3 715518
3 901629
3 809784
3 872937
3 903456
3 883062
3 749547
3 822861
3 711288
3 792630
3 846657
3 762705
3 896535
3 849393
3 849024
3 751284
3 743148
3 796392
3 798246
3 835029
3 824904
3 514584
3 771714
3 931860
3 930834
3 724410
3 846342
3 757035
3 991449
3 914256
3 798111
3 858753
3 848979
3 730314
3 907020
3 686313
3 806823
3 816003
3 860733
3 952389
3 769923
3 765171
3 819846
3 784935
3 895086
3 846216
3 731322
3 870480
3 640404
3 706887
3 765279
3 796491
3 829377
3 809082
3 888408
3 816021
3 802809
3 821565
3 912213
3 838062
3 844128
3 818487
3 839808
3 861570
3 974133
3 719352
3 680202
3 911358
3 770643
3 819081
3 722043
3 658836
3 771192
3 846684
3 907164
3 901719
3 917811
3 853263
3 880110
3 879876
3 901521
3 675306
3 686439
3 913005
3 811737
3 811332
3 843678
3 877248
3 776817
3 972810
3 838449
3 812556
3 902421
3 899505
3 844326
3 880911
3 855936
3 864378
3 697761
3 861777
3 866196
3 862731
3 876681
3 969147
3 765585
3 872181
3 826848
3 680742
3 660411
3 837468
3 814545
3 871794
3 830007
3 823680
3 795132
3 765603
3 860364
3 744534
3 930231
3 915615
3 839664
3 691209
3 891108
3 992016
3 765414
3 663147
3 795312
3 603036
3 557163
3 841419
3 700020
3 770526
3 769635
3 838170
3 730746
3 830052
3 785718
3 783702
3 764712
3 748026
3 722682
3 862299
3 726723
3 749169
3 785790
3 848295
3 825282
3 827451
3 931059
3 808380
3 887004
3 837648
3 931689
3 894897
3 882918
3 737001
3 661941
3 739746
3 786501
3 853614
3 836631
3 818433
3 857313
3 667242
3 882333
3 900972
3 893088
3 765306
3 788931
3 794376
3 872694
3 779760
3 745614
3 865989
3 876186
3 882918
3 789795
3 906507
3 864648
3 708759
3 932058
3 773541
3 756198
3 766737
3 852156
3 876456
3 872316
3 893664
3 886194
3 766224
3 787608
3 834696
3 830610
3 806652
3 682614
3 804996
3 663156
3 756594
3 768447
3 926235
3 647775
3 892746
3 791730
3 817902
3 865530
3 807651
3 637533
3 813690
3 852300
3 938745
3 834624
3 729144
3 760896
3 836892
3 800568
3 876627
3 846837
3 688878
3 856881
3 760518
3 857214
3 805383
3 713619
3 695448
3 776133
3 734202
3 888192
3 859131
3 739287
3 759105
3 898029
3 906390
3 876708
3 705771
3 863451
3 782631
3 796455
3 865584
3 752301
3 890973
3 800802
3 892728
3 803745
3 843255
3 693855
3 792774
3 892575
3 883917
3 795348
3 872892
3 830097
3 725832
3 810738
3 824085
3 670770
3 793521
3 725868
3 816408
3 745146
3 899397
3 841680
3 863514
3 922104
3 896553
3 637362
3 891153
3 902898
3 736893
3 814185
3 894690
3 744039
3 687420
3 782118
3 816399
3 868500
3 765666
3 785691
3 667656
3 889911
3 722151
3 819207
3 874026
3 793539
3 792522
3 749880
3 868284
3 838512
3 841680
3 797832
3 826011
3 782658
3 818982
3 727740
3 903537
3 732807
3 704898
3 887697
3 921960
3 807075
3 869778
3 763173
3 735552
3 859176
3 898560
3 777888
3 824373
3 726417
3 825228
3 746163
3 755145
3 863091
3 720522
3 852210
3 888525
3 844182
3 865557
3 756738
3 876645
3 759672
3 888399
3 822465
3 754011
3 867546
3 913374
3 809424
3 654372
3 854712
3 815643
3 707193
3 952776
3 666954
3 884169
3 871002
3 747999
3 830529
3 832554
3 842085
3 933480
3 770346
3 828855
3 820827
3 785664
3 906345
3 994554
3 805023
3 872757
3 803241
3 703908
3 596943
3 841986
3 803457
3 816381
3 905049
3 838089
3 869211
3 773757
3 896922
3 812457
3 822276
3 784818
3 864954
3 918900
3 969138
3 808956
3 888174
3 809397
3 791280
3 803421
3 954000
3 852156
3 875547
3 853002
3 973287
3 784548
3 636201
3 918036
3 800217
3 918054
3 739845
3 889452
3 750501
3 801810
3 626544
3 754560
3 884232
3 746595
3 875925
3 949788
3 868203
3 791757
3 761571
3 897462
3 838476
3 860733
3 849636
3 670878
3 821160
3 878679
3 769518
3 692406
3 822996
3 781380
3 708678
3 732645
3 807129
3 781371
3 723735
3 926955
3 803637
3 783603
3 840897
3 802719
3 887634
3 723717
3 832905
3 888363
3 812781
3 727578
3 836676
3 879966
3 970659
3 774837
3 674982
3 817632
3 865413
3 809397
3 774837
3 858546
3 830187
3 722394
3 682587
3 738810
3 791478
3 729846
3 676980
3 872937
3 703053
3 823995
3 792063
3 901467
3 760752
3 782010
3 839322
3 774243
3 861516
3 758196
3 799452
3 782694
3 792522
3 866853
3 951867
3 837855
3 811773
3 902556
3 747684
3 806184
3 661419
3 817218
3 862695
3 806022
3 800010
3 787932
3 752742
3 890118
3 756738
3 909630
3 757071
3 865332
3 880227
3 852660
3 877041
3 809550
3 785250
3 876879
3 801855
3 835056
3 847584
3 728496
3 915534
3 912906
3 673245
3 767943
3 859383
3 758322
3 769509
3 877941
3 938817
3 910719
3 852174
3 816894
3 782181
3 869724
3 670842
3 969417
3 857862
3 821583
3 808308
3 708543
3 768987
3 842814
3 773631
3 896580
3 899217
3 788922
3 762075
3 820827
3 817236
3 838134
3 830538
3 801774
3 840618
3 795195
3 714330
3 934749
3 784791
3 723492
3 863919
3 867654
3 861849
3 827361
3 840141
3 893637
3 803844
3 838125
3 896967
3 809973
3 815031
3 903744
3 812691
3 752022
3 861579
3 786069
3 800811
3 759861
3 807453
3 865548
3 726642
3 786798
3 936837
3 836856
3 768501
3 763488
3 840060
3 900522
3 557910
3 851085
3 840888
3 899352
3 808965
3 829368
3 903978
3 691434
3 819954
3 849114
3 827100
3 937935
3 832320
3 782649
3 856836
3 835038
3 832590
3 892512
3 993447
3 740376
3 774828
3 770850
3 623547
3 836991
3 729378
3 812178
3 971181
3 832230
3 672966
3 912006
3 941616
3 761301
3 862389
3 660006
3 823050
3 907569
3 857115
3 770445
3 630882
3 722475
3 847629
3 800433
3 802800
3 582246
3 820449
3 858852
3 814275
3 805482
3 744669
3 849015
3 915147
3 819189
3 724410
3 888192
3 923184
3 872253
3 873441
3 796230
3 922671
3 837855
3 938358
3 654930
3 741924
3 839142
3 609849
3 735543
3 829242
3 956259
3 935820
3 931887
3 722907
3 930240
3 837729
3 824400
3 914643
3 818946
3 785727
3 824931
3 811728
3 894015
3 857871
3 721881
3 833346
3 814365
3 917811
3 842328
3 791766
3 939834
3 812610
3 869139
3 952533
3 789075
3 690210
3 750159
3 912420
3 771678
3 797031
3 865503
3 905292
3 862893
3 891477
3 787293
3 816705
3 738162
3 885870
3 774603
3 811782
3 827127
3 832842
3 750042
3 806139
3 618291
3 658206
3 809262
3 713151
3 805203
3 914292
3 711711
3 877671
3 800568
3 728802
3 855954
3 779859
3 843210
3 966123
3 832023
3 862326
3 906921
3 824094
3 778131
3 863604
3 888381
3 726516
3 756090
3 786087
3 863208
3 968589
3 924507
3 761877
3 929304
3 793413
3 783801
3 834588
3 800775
3 821682
3 847566
3 694521
3 899388
3 888444
3 749538
3 865341
3 864990
3 834228
3 803232
3 667494
3 921024
3 898479
3 706599
3 941166
3 853434
3 867294
3 778563
3 690327
3 857169
3 782352
3 806076
3 664749
3 899091
3 907083
3 766683
3 764910
3 773064
3 744543
3 830979
3 833994
3 738963
3 891351
3 805464
3 852984
3 907011
3 705330
3 745155
3 881595
3 744840
3 820683
3 694233
3 866034
3 809352
3 844596
3 819000
3 611928
3 686763
3 897543
3 776430
3 751878
3 848250
3 876150
3 838755
3 705762
3 518823
3 709020
3 701154
3 784008
3 806166
3 877122
3 914220
3 750816
3 827406
3 743625
3 806391
3 929016
3 774864
3 795024
3 961542
3 810729
3 788400
3 903735
3 785682
3 779877
3 900675
3 734346
3 713628
3 976509
3 814995
3 658503
3 799659
3 805500
3 776385
3 855432
3 779796
3 817848
3 753345
3 825804
3 646659
3 844263
3 799569
3 770778
3 957330
3 838449
3 617247
3 773190
3 850797
3 810009
3 799821
3 763137
3 881361
3 664488
3 781578
3 792864
3 804375
3 632988
3 920511
3 789264
3 905904
3 940788
3 865593
3 852354
3 807156
3 731718
3 814554
3 773091
3 769968
3 787905
3 841365
3 874152
3 818478
3 877239
3 769563
3 885150
3 782784
3 811323
3 575244
3 732825
3 818100
3 781983
3 881298
3 900513
3 896958
3 678231
3 847413
3 825255
3 711801
3 817011
3 986364
3 757908
3 846540
3 721413
3 852183
3 664281
3 715266
3 713124
3 905931
3 944514
3 756171
3 870480
3 764154
3 760878
3 898740
3 866961
3 873828
3 876141
3 776277
3 884358
3 795708
3 829485
3 764955
3 904995
3 732600
3 859338
3 833805
3 726480
3 852057
3 876141
3 804861
3 866520
3 832653
3 783684
3 827181
3 791073
3 938385
3 801891
3 764226
3 819297
3 778518
3 864576
3 712242
3 915903
3 797139
3 623061
3 912186
3 900684
3 848538
3 844524
3 930114
3 790335
3 852129
3 877941
3 745101
3 819162
3 752733
3 794124
3 860985
3 877059
3 863415
3 733824
3 868563
3 887148
3 864324
3 767349
3 718551
3 787833
3 843993
3 703062
3 822492
3 862110
3 922878
3 923139
3 760491
3 685332
3 883782
3 743220
3 764289
3 874566
3 861651
3 814347
3 846279
3 812394
3 807588
3 809496
3 764271
3 852912
3 804591
3 842607
3 821133
3 623835
3 822519
3 757773
3 862974
3 849564
3 824301
3 896058
3 748674
3 844299
3 761058
3 734382
3 856278
3 926514
3 769662
3 852129
3 859149
3 711846
3 702648
3 635400
3 850572
3 820440
3 773325
3 838170
3 906786
3 782127
3 828432
3 876123
3 871092
3 898830
3 794160
3 732816
3 843921
3 694521
3 912978
3 556974
3 826560
3 760770
3 609966
3 625986
3 684378
3 904833
3 744282
3 902898
3 862452
3 669159
3 674001
3 834543
3 884241
3 764361
3 827163
3 774018
3 869247
3 763173
3 832698
3 837711
3 905877
3 855675
3 923463
3 789318
3 912951
3 780237
3 839025
3 801522
3 852039
3 823410
3 791757
3 898371
3 931698
3 583236
3 779454
3 888174
3 807165
3 805464
3 908991
3 763011
3 737028
3 895077
3 833814
3 920295
3 863532
3 827415
3 875124
3 750726
3 900558
3 749772
3 861444
3 824526
3 866880
3 667980
3 852219
3 750879
3 743994
3 923310
3 939762
3 820071
3 826677
3 779994
3 905976
3 836928
3 921978
3 822600
3 779733
3 891234
3 658503
3 812799
3 767340
3 921942
3 847557
3 678384
3 758079
3 951120
3 870651
3 838899
3 708426
3 887472
3 743418
3 906273
3 798894
3 658332
3 898830
3 884403
3 953685
3 594837
3 866889
3 837873
3 726741
3 907533
3 760464
3 778995
3 795150
3 743418
3 858672
3 725967
3 682560
3 703089
3 745155
3 850788
3 795816
3 839115
3 940437
3 809505
3 896319
3 782883
3 824463
3 799560
3 765918
3 861849
3 820431
3 917829
3 732645
3 719280
3 926532
3 830178
3 744606
3 875637
3 917244
3 812394
3 839682
3 856674
3 894906
3 899262
3 587142
3 883098
3 883287
3 828594
3 727245
3 975807
3 729621
3 820242
3 895050
3 725472
3 893133
3 699984
3 755910
3 814545
3 810225
3 842310
3 795852
3 877482
3 876177
3 800352
3 778608
3 567180
3 922842
3 757044
3 885834
3 654921
3 863487
3 784791
3 679878
3 740232
3 882720
3 896373
3 949824
3 877536
3 820476
3 760194
3 861858
3 815571
3 811512
3 814221
3 828783
3 838143
3 882153
3 619938
3 773136
3 849546
3 909027
3 810657
3 898380
3 875295
3 757098
3 963126
3 898371
3 775422
3 799164
3 807543
3 843057
3 839601
3 847755
3 713187
3 740466
3 791316
3 889425
3 744174
3 917883
3 800721
3 794385
3 708462
3 701235
3 815400
3 848250
3 834705
3 922878
3 796212
3 770103
3 915930
3 872442
3 788022
3 848979
3 785538
3 872802
3 898866
3 926190
3 765423
3 833913
3 836631
3 783504
3 774315
3 852264
3 863388
3 827406
3 862695
3 774792
3 867294
3 782829
3 937170
3 780012
3 843228
3 819018
3 930726
3 915021
3 868806
3 849609
3 819693
3 722736
3 771138
3 928827
3 803223
3 822852
3 797661
3 749835
3 664488
3 795888
3 754902
3 818874
3 705159
3 827109
3 800415
3 844704
3 729099
3 861840
3 711684
3 941472
3 939879
3 760482
3 765468
3 833031
3 741528
3 825030
3 971100
3 838476
3 752895
3 744552
3 796536
3 779850
3 836748
3 785700
3 867330
3 669339
3 818892
3 899172
3 715437
3 851688
3 912258
3 789552
3 783819
3 903096
3 902034
3 844263
3 820791
3 779787
3 902034
3 734211
3 801828
3 868293
3 839250
3 720891
3 764172
3 722106
3 895770
3 723240
3 738810
3 817866
3 963369
3 882900
3 815904
3 812952
3 857583
3 774846
3 773037
3 840807
3 864162
3 809406
3 815877
3 765351
3 891279
3 834597
3 842391
3 684378
3 779544
3 927081
3 732834
3 683937
3 824679
3 858132
3 799434
3 798813
3 829458
3 765378
3 886896
3 863568
3 642564
3 864405
3 770211
3 915930
3 873027
3 698202
3 959004
3 886932
3 780777
3 883251
3 692190
3 739764
3 813384
3 685521
3 813348
3 855882
3 879543
3 875304
3 767403
3 817020
3 831861
3 841536
3 711153
3 783306
3 923175
3 770472
3 882558
3 828702
3 894807
3 837882
3 902754
3 784512
3 830007
3 836451
3 754047
3 844479
3 854496
3 761841
3 868041
3 818109
3 940428
3 710964
3 750501
3 845586
3 777303
3 862218
3 940914
3 915669
3 813825
3 830619
3 799659
3 897300
3 763317
3 942885
3 842022
3 834030
3 737010
3 883791
3 760140
3 816129
3 699876
3 907830
3 830106
3 822996
3 904266
3 831231
3 743283
3 802602
3 825588
3 926505
3 916173
3 819027
3 775647
3 929799
3 816516
3 809370
3 711171
3 854766
3 844587
3 850707
3 858483
3 846180
3 806103
3 886140
3 743022
3 868500
3 773091
3 816471
3 629703
3 787113
3 956214
3 845019
3 755919
3 780714
3 852084
3 715509
3 743373
3 899505
3 818109
3 799164
3 749781
3 651330
3 901413
3 742140
3 910638
3 658494
3 654039
3 717237
3 627120
3 844092
3 749844
3 794385
3 827514
3 557172
3 835866
3 645084
3 624231
3 661518
3 824634
3 732537
3 763767
3 794133
3 893700
3 884232
3 839115
3 890667
3 762291
3 755163
3 728298
3 751869
3 732816
3 616347
3 838152
3 750501
3 767898
3 818847
3 848430
3 768708
3 772902
3 874791
3 867816
3 842463
3 675342
3 818829
3 923463
3 719253
3 753867
3 827730
3 697248
3 847341
3 785529
3 762174
3 899352
3 849870
3 851949
3 864414
3 820575
3 691020
3 876735
3 778401
3 780471
3 1035432
3 955584
3 765468
3 838287
3 811782
3 822807
3 487845
3 863208
3 844776
3 902628
3 877077
3 773397
3 902727
3 820773
3 913635
3 763749
3 896544
3 933903
3 821970
3 711684
3 743391
3 969138
3 842004
3 613971
3 851994
3 844173
3 641034
3 814050
3 879705
3 743850
3 954351
3 700812
3 766611
3 906372
3 836352
3 710703
3 918126
3 889407
3 736056
3 972666
3 795177
3 739359
3 967419
3 923616
3 749529
3 833967
3 773226
3 838350
3 856143
3 780831
3 798534
3 904275
3 727029
3 702711
3 732834
3 876915
3 847449
3 610722
3 751059
3 893601
3 781335
3 773883
3 864936
3 775539
3 719937
3 827847
3 782658
3 880722
3 710802
3 911106
3 967419
3 701019
3 933615
3 862839
3 775953
3 858060
3 874494
3 764163
3 838503
3 800199
3 976716
3 653625
3 908883
3 782640
3 773163
3 848268
3 845010
3 750366
3 647307
3 926298
3 806166
3 781344
3 701406
3 820845
3 852336
3 670842
3 937476
3 863397
3 909972
3 844326
3 737937
3 733905
3 794124
3 748863
3 857916
3 772164
3 785232
3 764100
3 904563
3 791757
3 790452
3 882972
3 893097
3 802071
3 876168
3 809487
3 719217
3 711531
3 944892
3 774234
3 694404
3 769518
3 724302
3 872289
3 932328
3 780021
3 819234
3 623178
3 821151
3 708966
3 977418
3 759114
3 539685
3 736587
3 837828
3 866880
3 864657
3 685548
3 896049
3 567765
3 873468
3 647055
3 735237
3 901368
3 774873
3 820251
3 798111
3 933552
3 881901
3 898884
3 949923
3 809784
3 801270
3 863235
3 838152
3 842445
3 524754
3 850734
3 786069
3 663048
3 646578
3 898929
3 840888
3 937413
3 805302
3 617742
3 813195
3 821628
3 768555
3 915633
3 855657
3 800568
3 732600
3 907362
3 898398
3 792792
3 849114
3 830070
3 816903
3 806085
3 682830
3 778563
3 792000
3 836973
3 842553
3 740241
3 835038
3 883548
3 871407
3 809424
3 891324
3 555228
3 732843
3 756315
3 813699
3 686313
3 836541
3 806544
3 803565
3 885393
3 759150
3 667962
3 719730
3 901566
3 856431
3 824724
3 911943
3 822852
3 818910
3 872532
3 754857
3 829215
3 895752
3 974754
3 821556
3 846036
3 865287
3 779022
3 935001
3 833922
3 811557
3 740250
3 760248
3 775971
3 827100
3 776187
3 833976
3 795654
3 713619
3 987282
3 743031
3 752679
3 771480
3 680508
3 886302
3 841536
3 834921
3 922869
3 799074
3 752004
3 726597
3 887013
3 888822
3 854235
3 852120
3 926541
3 857322
3 803457
3 772650
3 728019
3 648747
3 869742
3 775611
3 775728
3 848358
3 479790
3 876510
3 933489
3 866115
3 785322
3 936657
3 919287
3 753120
3 881208
3 760203
3 732420
3 826929
3 907902
3 690426
3 687636
3 829143
3 916245
3 774252
3 946224
3 850446
3 782658
3 858771
3 828387
3 879264
3 790812
3 915651
3 859608
3 632061
3 870867
3 771372
3 587133
3 864936
3 841662
3 797103
3 852174
3 740952
3 786726
3 881568
3 773028
3 839205
3 874584
3 862128
3 664479
3 909729
3 866574
3 866754
3 852804
3 756810
3 966294
3 790290
3 846405
3 786942
3 843129
3 847197
3 857214
3 851886
3 901665
3 808317
3 767916
3 866160
3 833382
3 709362
3 835101
3 887850
3 824121
3 946503
3 876843
3 902772
3 832230
3 807048
3 927441
3 765018
3 979524
3 724419
3 858177
3 812862
3 850428
3 776286
3 858483
3 802323
3 816471
3 945513
3 810027
3 876123
3 684306
3 864036
3 779850
3 840456
3 807147
3 917982
3 894438
3 770769
3 883278
3 709767
3 890721
3 875754
3 779958
3 913761
3 875295
3 820449
3 851976
3 799677
3 753885
3 836523
3 873225
3 809064
3 771507
3 863235
3 826821
3 924543
3 747891
3 745173
3 821628
3 832923
3 858573
3 866295
3 592704
3 847557
3 819279
3 779769
3 912726
3 789354
3 782964
3 847602
3 825984
3 785439
3 793548
3 907047
3 824094
3 837135
3 754902
3 898443
3 769446
3 862398
3 862056
3 941931
3 578502
3 843840
3 682623
3 904311
3 775935
3 702711
3 873648
3 860742
3 879489
3 850626
3 763479
3 821349
3 752733
3 855900
3 652059
3 797661
3 758097
3 856845
3 834975
3 884448
3 946557
3 873990
3 844218
3 858870
3 868581
3 789561
3 833283
3 790299
3 809478
3 909108
3 894771
3 951282
3 864981
3 780021
3 860697
3 923661
3 834858
3 886419
3 779841
3 755595
3 834741
3 944712
3 871398
3 787995
3 711000
3 741051
3 884916
3 761508
3 610101
3 815571
3 921978
3 773397
3 859122
3 665568
3 855414
3 926145
3 876177
3 872892
3 934497
3 901881
3 775332
3 666693
3 863514
3 732870
3 823500
3 773208
3 826758
3 743958
3 798219
3 858060
3 860499
3 876510
3 823788
3 721440
3 789228
3 895788
3 875772
3 883611
3 877851
3 854586
3 898398
3 864585
3 923454
3 872973
3 890478
3 848268
3 825129
3 870210
3 920691
3 813564
3 833985
3 744876
3 713583
3 819855
3 842454
3 754101
3 894600
3 823014
3 816894
3 755055
3 802107
3 805959
3 875934
3 890433
3 760230
3 896058
3 847989
3 827523
3 834156
3 852129
3 762426
3 838845
3 663291
3 908775
3 698247
3 803781
3 773325
3 846162
3 821358
3 682677
3 829701
3 637281
3 845352
3 826335
3 784809
3 906480
3 750537
3 780363
3 852093
3 746622
3 788337
3 875952
3 789327
3 722475
3 893673
3 924777
3 913923
3 872325
3 852111
3 899064
3 880218
3 795573
3 611451
3 923067
3 859500
3 723771
3 873666
3 926883
3 905319
3 802314
3 978318
3 802602
3 838917
3 869958
3 791343
3 761463
3 751833
3 902862
3 779004
3 789534
3 639144
3 859374
3 832851
3 809370
3 506178
3 854190
3 951093
3 774873
3 680742
3 737946
3 840060
3 945450
3 835236
3 898866
3 817875
3 839475
3 871407
3 744543
3 827415
3 872721
3 860481
3 895770
3 829503
3 970029
3 850554
3 935172
3 787833
3 839484
3 788715
3 930690
3 931662
3 654903
3 898848
3 678519
3 740241
3 882414
3 863739
3 779769
3 826785
3 726174
3 873639
3 907227
3 925479
3 665595
3 720072
3 837036
3 868518
3 855009
3 782784
3 833877
3 779022
3 828828
3 853074
3 776187
3 882117
3 858825
3 796221
3 746136
3 846675
3 844794
3 872964
3 887634
3 903312
3 785736
3 822996
3 786816
3 765441
3 799011
3 937341
3 805491
3 905931
3 782649
3 683370
3 941868
3 767358
3 824859
3 721377
3 828198
3 882342
3 719199
3 820755
3 853353
3 804438
3 929898
3 797670
3 895752
3 801306
3 847521
3 978741
3 655245
3 924858
3 851958
3 882126
3 877545
3 783630
3 952083
3 737937
3 903996
3 977391
3 932238
3 744741
3 848034
3 909162
3 830511
3 892449
3 823725
3 604359
3 860886
3 723528
3 780786
3 704871
3 916875
3 891306
3 851922
3 778554
3 770301
3 747909
3 758340
3 834030
3 817443
3 773262
3 812304
3 926739
3 865980
3 749088
3 834723
3 844101
3 821637
3 832059
3 966591
3 791172
3 750096
3 798219
3 733086
3 759186
3 755658
3 925542
3 919683
3 815013
3 873612
3 919314
3 753543
3 801864
3 883071
3 743130
3 820827
3 819252
3 868869
3 872964
3 918117
3 832527
3 897597
3 769545
3 768969
3 757089
3 834750
3 798813
3 733131
3 835344
3 778689
3 864549
3 780138
3 759105
3 903366
3 786798
3 867339
3 688689
3 896580
3 907182
3 799668
3 862452
3 873621
3 827964
3 902880
3 958707
3 694746
3 917226
3 852174
3 844164
3 868185
3 838197
3 834930
3 805932
3 904941
3 778635
3 856575
3 866907
3 786411
3 690552
3 835281
3 817056
3 902430
3 930915
3 901701
3 724896
3 852210
3 775323
3 901530
3 878886
3 812700
3 817821
3 759051
3 788697
3 872451
3 840375
3 845658
3 621513
3 835254
3 769455
3 859815
3 656712
3 669177
3 571437
3 716058
3 770202
3 740223
3 685926
3 902808
3 809235
3 819198
3 877644
3 800550
3 778554
3 755118
3 765072
3 845316
3 791757
3 842094
3 905931
3 956295
3 847521
3 870660
3 907380
3 889434
3 817263
3 852723
3 799416
3 865908
3 794988
3 838530
3 763758
3 794124
3 888552
3 798219
3 842607
3 853749
3 853002
3 849600
3 855954
3 829503
3 673461
3 761634
3 836883
3 829449
3 902853
3 770769
3 737901
3 797067
3 717984
3 792216
3 713214
3 804888
3 857880
3 626688
3 757143
3 924480
3 822798
3 739152
3 749412
3 794583
3 878661
3 833967
3 771714
3 871722
3 686772
3 839691
3 848241
3 768420
3 788229
3 843003
3 562419
3 857286
3 780048
3 771660
3 776763
3 789525
3 869130
3 800163
3 864945
3 723780
3 928872
3 661869
3 844245
3 846396
3 651564
3 763749
3 810648
3 783873
3 926208
3 850293
3 740376
3 720369
3 754965
3 756378
3 912978
3 771804
3 892467
3 842112
3 769293
3 763326
3 874422
3 809433
3 790092
3 817452
3 813924
3 850815
3 893808
3 859221
3 880407
3 834669
3 707760
3 694539
3 826119
3 764100
3 808425
3 822051
3 659547
3 872442
3 567216
3 789444
3 840708
3 753795
3 820737
3 799740
3 770103
3 779868
3 695754
3 890442
3 712962
3 912978
3 947097
3 740250
3 822960
3 834723
3 669087
3 748422
3 684450
3 833967
3 939087
3 879057
3 712440
3 926892
3 873684
3 819009
3 796158
3 826569
3 856530
3 916326
3 868509
3 813627
3 846666
3 754029
3 596934
3 875772
3 816948
3 823428
3 946026
3 876150
3 897399
3 876150
3 827712
3 877581
3 912834
3 811503
3 865746
3 967392
3 773163
3 900666
3 882009
3 776079
3 683334
3 844524
3 789300
3 888417
3 793242
3 841689
3 851517
3 883260
3 977418
3 918171
3 847755
3 772938
3 821124
3 834354
3 864351
3 669519
3 802980
3 617256
3 888309
3 883791
3 842670
3 930762
3 857556
3 816021
3 724221
3 769932
3 800541
3 895599
3 904167
3 912402
3 896121
3 727416
3 814527
3 747756
3 907029
3 786051
3 944451
3 891414
3 861525
3 837108
3 689049
3 814950
3 828135
3 786789
3 752490
3 860850
3 838782
3 920412
3 848970
3 702612
3 844461
3 876618
3 655875
3 876681
3 825750
3 766719
3 924705
3 851112
3 899172
3 800694
3 899343
3 647892
3 769608
3 784161
3 949887
3 823797
3 851400
3 815859
3 817866
3 873369
3 824373
3 938826
3 794187
3 773856
3 870570
3 882567
3 917811
3 833337
3 907938
3 762786
3 732762
3 786411
3 907299
3 791388
3 885177
3 882243
3 824292
3 700569
3 718848
3 899676
3 882630
3 857070
3 838377
3 803421
3 762417
3 710955
3 676602
3 759132
3 790281
3 880569
3 854667
3 760023
3 725265
3 908802
3 632988
3 919764
3 943110
3 752571
3 685674
3 817866
3 847071
3 840924
3 779175
3 900765
3 849258
3 799767
3 790767
3 778995
3 808911
3 902421
3 795186
3 769527
3 730080
3 668556
3 749511
3 890469
3 841509
3 742275
3 773217
3 792144
3 825273
3 769527
3 901584
3 880389
3 770166
3 809460
3 868554
3 923499
3 679464
3 829161
3 831240
3 794097
3 863595
3 913950
3 910521
3 809532
3 744183
3 854586
3 709038
3 813384
3 764595
3 940833
3 733401
3 920493
3 798534
3 588627
3 833481
3 799857
3 901188
3 863622
3 854685
3 819144
3 852282
3 822879
3 845406
3 844812
3 834876
3 967392
3 760221
3 758961
3 799623
3 721341
3 915876
3 856332
3 785664
3 863928
3 918378
3 732492
3 907056
3 703341
3 907362
3 853551
3 835956
3 812394
3 847755
3 844983
3 864423
3 890955
3 866754
3 764343
3 858816
3 842355
3 812754
3 811332
3 798264
3 784584
3 838260
3 807597
3 868860
3 852201
3 813672
3 842094
3 805905
3 972657
3 852309
3 761823
3 784998
3 866853
3 850176
3 798876
3 928215
3 759393
3 907290
3 887697
3 835740
3 797076
3 913005
3 846756
3 884079
3 718434
3 773505
3 833409
3 930222
3 926991
3 846369
3 726606
3 782937
3 786753
3 835533
3 817443
3 865773
3 929655
3 807651
3 781389
3 895041
3 776016
3 799506
3 837072
3 864090
3 898371
3 832869
3 876654
3 940203
3 717021
3 872694
3 806742
3 708237
3 881649
3 816930
3 900045
3 886950
3 834624
3 848259
3 791955
3 788733
3 847764
3 773676
3 810954
3 999558
3 923787
3 911916
3 918081
3 818100
3 892719
3 860481
3 807813
3 923670
3 771372
3 728811
3 938214
3 833958
3 820260
3 675261
3 754380
3 823500
3 820395
3 641898
3 847782
3 930213
3 810198
3 822987
3 863604
3 784557
3 769545
3 862767
3 768510
3 882891
3 850104
3 845919
3 934470
3 748062
3 898704
3 816192
3 834228
3 802278
3 745767
3 905328
3 834885
3 882405
3 829539
3 738324
3 811710
3 861498
3 846396
3 923049
3 803394
3 917280
3 685062
3 895122
3 807138
3 813654
3 768402
3 774189
3 743670
3 906012
3 871902
3 840807
3 866115
3 782631
3 719298
3 918117
3 832131
3 870165
3 882216
3 894798
3 783558
3 790083
3 847449
3 687573
3 874089
3 818964
3 792846
3 774531
3 755091
3 800352
3 834921
3 890703
3 702891
3 888426
3 753363
3 806121
3 805230
3 739692
3 887355
3 847125
3 729621
3 907569
3 761814
3 845496
3 797400
3 827595
3 837063
3 894762
3 773397
3 831402
3 802242
3 904320
3 831285
3 762048
3 760266
3 854829
3 805158
3 746397
3 759942
3 766737
3 647802
3 784296
3 918522
3 793998
3 846405
3 776115
3 866340
3 779445
3 709848
3 792270
3 749250
3 838827
3 820854
3 805176
3 864306
3 739818
3 731331
3 738837
3 857007
3 910341
3 771822
3 904869
3 843399
3 849636
3 856215
3 754146
3 797265
3 864162
3 830061
3 721827
3 917703
3 750474
3 747387
3 790452
3 629280
3 880407
3 834642
3 931671
3 906642
3 895122
3 868626
3 931860
3 641025
3 850608
3 823500
3 773316
3 740664
3 863793
3 907200
3 840843
3 790254
3 871209
3 766881
3 818406
3 799632
3 787545
3 734706
3 863892
3 956709
3 875943
3 839448
3 878958
3 888399
3 840834
3 701874
3 779697
3 812970
3 683901
3 649791
3 650304
3 877653
3 900360
3 648261
3 687582
3 774882
3 753660
3 902862
3 734625
3 784530
3 906489
3 752337
3 900729
3 819684
3 884331
3 790308
3 842022
3 873765
3 795159
3 815616
3 939771
3 891981
3 946701
3 926145
3 884952
3 810675
3 594837
3 871470
3 776160
3 952038
3 794619
3 774783
3 774927
3 805041
3 843462
3 944667
3 709839
3 885906
3 829233
3 729855
3 833994
3 836865
3 858510
3 805545
3 826812
3 835740
3 763380
3 702081
3 855702
3 959328
3 867942
3 964026
3 825615
3 828972
3 844965
3 926937
3 828576
3 838467
3 899631
3 813807
3 850806
3 881982
3 949554
3 783117
3 899523
3 888246
3 854190
3 943317
3 838998
3 916209
3 869067
3 805977
3 864882
3 820539
3 674244
3 931563
3 665100
3 747999
3 765324
3 791244
3 814734
3 877302
3 774810
3 932040
3 815274
3 885186
3 803502
3 970641
3 736893
3 861957
3 814680
3 770544
3 681336
3 788166
3 953748
3 838188
3 848844
3 726345
3 774612
3 752517
3 918072
3 770472
3 831555
3 852804
3 779769
3 785709
3 678303
3 648945
3 842697
3 919710
3 852066
3 805518
3 879723
3 605439
3 849078
3 720054
3 834750
3 805536
3 922338
3 805527
3 896823
3 909369
3 846441
3 908406
3 856386
3 821682
3 769446
3 946944
3 843624
3 807993
3 915921
3 941067
3 811773
3 837063
3 820044
3 850410
3 895086
3 792675
3 849663
3 604125
3 793413
3 833814
3 876555
3 858519
3 907011
3 744579
3 782685
3 905994
3 782784
3 658224
3 794952
3 771273
3 792639
3 617220
3 823464
3 860301
3 876798
3 886527
3 824652
3 869022
3 901575
3 769959
3 876051
3 822960
3 780579
3 846981
3 763767
3 838107
3 860607
3 759186
3 810072
3 812088
3 790515
3 812583
3 863199
3 794151
3 819126
3 827136
3 931662
3 795150
3 783306
3 909765
3 809730
3 806832
3 895329
3 899946
3 817164
3 763785
3 831096
3 869652
3 823545
3 588564
3 825246
3 840771
3 803682
3 663156
3 849564
3 932553
3 862407
3 867888
3 838179
3 784575
3 762075
3 767871
3 851967
3 802449
3 811962
3 706194
3 909954
3 757422
3 819270
3 726093
3 876798
3 676287
3 874782
3 876654
3 808317
3 747738
3 886959
3 800928
3 925470
3 746703
3 630243
3 659529
3 706338
3 928692
3 923139
3 798219
3 902214
3 782379
3 875898
3 520236
3 739332
3 754119
3 833697
3 759879
3 858501
3 794979
3 686268
3 852156
3 844749
3 685512
3 971379
3 897588
3 682614
3 817956
3 898299
3 866430
3 775656
3 573048
3 972477
3 923310
3 887535
3 973440
3 731313
3 946683
3 698166
3 904932
3 692568
3 825309
3 770022
3 798678
3 820431
3 853632
3 806130
3 854595
3 743427
3 587142
3 875997
3 849231
3 832419
3 977445
3 809973
3 741339
3 876654
3 770697
3 763767
3 608535
3 786168
3 823059
3 697662
3 800307
3 889857
3 889956
3 872883
3 641916
3 616131
3 707283
3 732213
3 797778
3 773091
3 953199
3 942696
3 584523
3 759123
3 840852
3 658818
3 814095
3 814167
3 747684
3 795627
3 837648
3 874800
3 726795
3 891387
3 863523
3 876654
3 769599
3 891216
3 906354
3 907974
3 818136
3 814986
3 813285
3 817839
3 861804
3 914157
3 785916
3 827100
3 725301
3 769806
3 746649
3 922860
3 880902
3 937476
3 840843
3 835704
3 852210
3 826524
3 727371
3 926136
3 723492
3 911124
3 926199
3 810045
3 866898
3 763542
3 898632
3 832653
3 946701
3 847764
3 702648
3 752625
3 718605
3 753309
3 890991
3 714690
3 659709
3 947916
3 751455
3 882531
3 876933
3 848466
3 773019
3 857241
3 785250
3 836262
3 775395
3 863244
3 769311
3 751509
3 732861
3 761607
3 678195
3 940518
3 890694
3 800163
3 792612
3 941157
3 924786
3 725292
3 793539
3 892539
3 767808
3 728379
3 814338
3 810729
3 931671
3 862713
3 817488
3 914625
3 868257
3 802224
3 837126
3 765270
3 829548
3 650520
3 924588
3 792648
3 783144
3 879669
3 960831
3 979992
3 892746
3 847575
3 826299
3 793071
3 704889
3 841401
3 773244
3 848151
3 897507
3 959319
3 867258
3 756576
3 891261
3 781722
3 906012
3 728703
3 791847
3 874917
3 696213
3 779166
3 783351
3 864144
3 670968
3 825165
3 790362
3 958023
3 805176
3 773208
3 861849
3 761832
3 779841
3 758898
3 898398
3 949617
3 807381
3 863865
3 840303
3 894483
3 775233
3 758610
3 865062
3 845307
3 863955
3 900801
3 883143
3 756162
3 913023
3 813447
3 880308
3 793575
3 773559
3 848016
3 715878
3 954495
3 804807
3 782901
3 838323
3 847890
3 671643
3 793125
3 819549
3 706365
3 903735
3 847557
3 782316
3 691182
3 650205
3 828396
3 739044
3 846414
3 800766
3 908325
3 837054
3 768834
3 721323
3 798237
3 773352
3 884088
3 774819
3 851985
3 793539
3 845820
3 832275
3 780030
3 812097
3 773262
3 850131
3 834012
3 896661
3 860040
3 740196
3 605331
3 947709
3 776133
3 760851
3 641547
3 782649
3 888390
3 739755
3 815211
3 848232
3 802800
3 747225
3 677475
3 758196
3 872280
3 786816
3 809046
3 844227
3 821808
3 863010
3 874980
3 712350
3 905355
3 623079
3 837018
3 813006
