3 999855
3 852021
3 900738
3 938250
3 855243
3 882306
3 973296
3 836019
3 984717
3 744804
3 825957
3 747126
3 926883
3 1048842
3 855432
3 924390
3 875934
3 1006704
3 775323
3 805860
3 877959
3 866250
3 956088
3 639459
3 1034415
3 901926
3 1028574
3 851382
3 922572
3 936207
3 869760
3 884988
3 929916
3 830970
3 885582
3 946062
3 716346
3 674415
3 869535
3 842013
3 844569
3 1037817
3 928827
3 966240
3 781488
3 857367
3 980568
3 981477
3 903960
3 889164
3 886266
3 951264
3 954027
3 679383
3 877032
3 1028556
3 921159
3 951435
3 797850
3 900963
3 927594
3 837855
3 717363
3 884457
3 832986
3 666513
3 959670
3 865998
3 876681
3 848709
3 967968
3 827730
3 780489
3 993096
3 851868
3 841842
3 833283
3 721872
3 789948
3 928773
3 881244
3 849681
3 919071
3 919944
3 945927
3 874431
3 933192
3 878301
3 924462
3 941688
3 957411
3 1005174
3 859527
3 727209
3 882819
3 990126
3 957627
3 902637
3 961101
3 803160
3 962577
3 969678
3 977895
3 847989
3 833787
3 956817
3 782424
3 690948
3 930366
3 831744
3 953631
3 779229
3 760878
3 924129
3 910179
3 918972
3 936351
3 824922
3 895797
3 916722
3 857061
3 784053
3 923616
3 912663
3 899469
3 913347
3 938538
3 947772
3 936063
3 938943
3 944244
3 841527
3 949185
3 817740
3 950805
3 949095
3 992088
3 945045
3 940167
3 885258
3 728523
3 955611
3 681039
3 912537
3 1006407
3 978489
3 982413
3 957771
3 907929
3 899478
3 936639
3 901782
3 802404
3 986598
3 1032507
3 970110
3 962226
3 981792
3 992448
3 955026
3 926109
3 847161
3 796086
3 952497
3 850824
3 854559
3 935973
3 975861
3 867510
3 822645
3 878958
3 889362
3 808524
3 861669
3 932013
3 1067742
3 942984
3 920340
3 816903
3 955242
3 902574
3 846279
3 991521
3 835011
3 968157
3 966654
3 922923
3 966978
3 740556
3 801252
3 924138
3 947889
3 979155
3 956466
3 1044657
3 952983
3 880191
3 980091
3 949698
3 835119
3 891729
3 966663
3 946269
3 866142
3 913671
3 799767
3 776934
3 892539
3 868995
3 918693
3 956817
3 780912
3 860193
3 937557
3 1056033
3 969723
3 920817
3 934902
3 875637
3 927963
3 769581
3 889389
3 787662
3 876060
3 950985
3 881190
3 956448
3 946017
3 632682
3 1010403
3 915732
3 948087
3 945648
3 906705
3 988551
3 1012320
3 755487
3 917946
3 772956
3 930681
3 962172
3 922428
3 921924
3 881847
3 689760
3 763596
3 964152
3 961245
3 941697
3 887067
3 1009746
3 1004229
3 896058
3 657486
3 894546
3 884529
3 823581
3 941607
3 1019646
3 915885
3 826461
3 846549
3 819108
3 861228
3 938133
3 992538
3 871443
3 873009
3 932256
3 899181
3 964863
3 744489
3 963747
3 932121
3 1017405
3 984132
3 992070
3 968859
3 978516
3 954054
3 747621
3 900477
3 893628
3 936540
3 919467
3 947511
3 818775
3 818505
3 814077
3 908568
3 970074
3 828315
3 912726
3 953379
3 929736
3 847053
3 923463
3 884979
3 718704
3 949212
3 955206
3 865143
3 1047114
3 1003581
3 955755
3 842490
3 985329
3 993213
3 1001637
3 864108
3 787626
3 896679
3 686124
3 1001106
3 906084
3 878589
3 839934
3 849249
3 899928
3 1026594
3 882459
3 875115
3 942129
3 923256
3 962739
3 943461
3 943227
3 807723
3 863748
3 978750
3 877221
3 995220
3 795321
3 959859
3 748152
3 632493
3 945909
3 983529
3 1035387
3 1052577
3 625626
3 743787
3 782955
3 795276
3 832428
3 925533
3 942192
3 959958
3 842193
3 820107
3 873513
3 1018044
3 845784
3 807921
3 911619
3 811989
3 983052
3 931788
3 882882
3 921303
3 842958
3 796536
3 864270
3 761598
3 794457
3 916281
3 1063521
3 854667
3 747090
3 905742
3 982611
3 895068
3 932049
3 986256
3 938187
3 860634
3 959157
3 764802
3 868707
3 868194
3 828000
3 669654
3 970164
3 830160
3 839295
3 928332
3 884637
3 827847
3 564066
3 788607
3 857574
3 734526
3 917739
3 842400
3 988290
3 909144
3 816534
3 837360
3 962496
3 822042
3 946323
3 967545
3 1000863
3 879300
3 857151
3 935208
3 880767
3 963972
3 879975
3 993474
3 904311
3 824193
3 964260
3 930312
3 873315
3 922707
3 851940
3 982503
3 937341
3 984375
3 981603
3 857475
3 937935
3 978066
3 774612
3 802485
3 900603
3 726939
3 808452
3 801594
3 968202
3 958311
3 947799
3 960876
3 915975
3 812205
3 958140
3 945144
3 1000674
3 935091
3 878724
3 847170
3 922455
3 930204
3 1009584
3 840357
3 897246
3 917244
3 955089
3 890847
3 1034793
3 945117
3 943794
3 902520
3 952506
3 814851
3 836010
3 819045
3 878904
3 1003797
3 915939
3 929241
3 936387
3 861840
3 971388
3 959886
3 839151
3 838854
3 874314
3 920016
3 755883
3 815895
3 851265
3 941922
3 963810
3 838179
3 860139
3 822897
3 855018
3 884160
3 930609
3 958293
3 953658
3 787851
3 858663
3 874350
3 780480
3 700128
3 895887
3 823005
3 993420
3 909972
3 795456
3 949410
3 989901
3 963045
3 945621
3 877284
3 850662
3 805293
3 751122
3 975942
3 850698
3 852939
3 746910
3 738036
3 928089
3 835326
3 904482
3 915219
3 864432
3 951444
3 910431
3 969786
3 842886
3 926118
3 747081
3 835614
3 1020627
3 815814
3 844749
3 908190
3 748953
3 890127
3 892863
3 899136
3 809316
3 879273
3 900576
3 786024
3 902952
3 927459
3 986049
3 939348
3 912924
3 878760
3 836946
3 955314
3 901170
3 869454
3 957168
3 895995
3 814626
3 845658
3 950751
3 901800
3 938664
3 661536
3 948771
3 877644
3 953298
3 912168
3 941724
3 818064
3 869715
3 996966
3 968490
3 922500
3 904320
3 849969
3 940716
3 931446
3 866151
3 847683
3 954288
3 839043
3 895545
3 892719
3 872361
3 800730
3 782271
3 809109
3 981819
3 931437
3 890487
3 821718
3 858753
3 948618
3 1006200
3 808299
3 1014615
3 756711
3 845478
3 813321
3 900396
3 843957
3 906534
3 978210
3 867168
3 849645
3 857772
3 873990
3 882666
3 1001007
3 824463
3 675261
3 945216
3 987543
3 915093
3 910071
3 921789
3 1008594
3 688068
3 875547
3 849564
3 1022634
3 752310
3 810198
3 909315
3 881901
3 700047
3 776826
3 838620
3 975249
3 1012113
3 1007253
3 888894
3 943002
3 876753
3 705141
3 835596
3 931644
3 729054
3 901584
3 989397
3 825309
3 987903
3 893088
3 969201
3 918225
3 968661
3 866556
3 909450
3 921240
3 853803
3 775719
3 856161
3 970452
3 911034
3 965754
3 881658
3 778716
3 909882
3 917847
3 812898
3 733149
3 826731
3 952866
3 887283
3 838512
3 956700
3 926397
3 902547
3 691119
3 1034622
3 813528
3 940500
3 940878
3 943074
3 888957
3 993906
3 873666
3 812781
3 916587
3 909000
3 1004517
3 641844
3 1012635
3 938160
3 829071
3 1016307
3 897453
3 1027647
3 1018944
3 944532
3 1044360
3 993942
3 1048887
3 911367
3 716931
3 832860
3 952497
3 898821
3 974979
3 806184
3 1028421
3 798237
3 882864
3 718560
3 885753
3 887526
3 597096
3 959175
3 669051
3 829719
3 843957
3 873801
3 915111
3 892773
3 932922
3 875682
3 963216
3 795249
3 918243
3 961002
3 858852
3 775467
3 925866
3 727281
3 953424
3 809226
3 926748
3 959103
3 1001907
3 907551
3 962208
3 945639
3 935766
3 857637
3 791307
3 1020951
3 955773
3 847152
3 946062
3 925506
3 899235
3 963234
3 861174
3 938034
3 933273
3 823176
3 961632
3 891162
3 882387
3 855459
3 948168
3 896148
3 941211
3 958707
3 795114
3 858834
3 692721
3 845370
3 852039
3 923823
3 844650
3 909405
3 987921
3 948924
3 948870
3 715320
3 785295
3 1014570
3 955638
3 971586
3 737739
3 945648
3 878832
3 840771
3 992790
3 842427
3 545751
3 1034946
3 858465
3 938862
3 712908
3 930231
3 913248
3 894645
3 857313
3 1013922
3 915246
3 859554
3 913545
3 927405
3 896265
3 902745
3 787851
3 879228
3 731439
3 951966
3 907461
3 1006389
3 906993
3 790362
3 898848
3 930789
3 905949
3 808299
3 928440
3 732132
3 771129
3 1002177
3 794799
3 904410
3 942408
3 986985
3 1002078
3 898821
3 798525
3 951210
3 882558
3 959202
3 1046268
3 722106
3 808542
3 700317
3 786177
3 731232
3 961128
3 995256
3 886041
3 935388
3 841941
3 938016
3 1017801
3 935658
3 777195
3 941526
3 899865
3 925380
3 765864
3 605430
3 734355
3 723879
3 910467
3 1019097
3 956439
3 759816
3 943839
3 983376
3 959220
3 973161
3 771282
3 928962
3 955539
3 943641
3 999720
3 693855
3 787257
3 824040
3 932535
3 877086
3 952380
3 982494
3 953226
3 786951
3 774135
3 972252
3 967176
3 676773
3 949185
3 888543
3 981612
3 934011
3 911421
3 810243
3 966393
3 949734
3 955359
3 801531
3 803160
3 883368
3 879462
3 950814
3 943587
3 907092
3 933939
3 985680
3 935991
3 954513
3 992871
3 955773
3 734535
3 870552
3 935055
3 954531
3 942021
3 928260
3 885771
3 1016145
3 900342
3 959202
3 923382
3 875025
3 759843
3 974700
3 910647
3 844713
3 757134
3 970398
3 807984
3 920754
3 976581
3 867681
3 937098
3 959076
3 905220
3 949077
3 1039086
3 628686
3 898893
3 900306
3 938745
3 717147
3 985743
3 948159
3 911160
3 738603
3 820062
3 966519
3 945684
3 974538
3 919701
3 755271
3 792522
3 857628
3 876951
3 924417
3 951381
3 859932
3 1014354
3 919494
3 863163
3 954234
3 939987
3 706257
3 903915
3 761130
3 963324
3 906840
3 783891
3 869184
3 897435
3 856674
3 948042
3 960327
3 783882
3 885708
3 864045
3 994284
3 879561
3 944973
3 899154
3 939726
3 936657
3 1034172
3 905337
3 872019
3 946008
3 883062
3 873954
3 707886
3 679824
3 868572
3 896967
3 978777
3 750933
3 841131
3 851184
3 872829
3 977994
3 997506
3 845433
3 801882
3 952902
3 997281
3 874026
3 995796
3 889992
3 862155
3 873702
3 976149
3 921600
3 851283
3 825543
3 950445
3 716328
3 923913
3 817326
3 954288
3 956133
3 953577
3 783738
3 926181
3 848916
3 797553
3 968022
3 961191
3 698832
3 689517
3 874458
3 967428
3 830205
3 835182
3 1007478
3 947655
3 889974
3 1001079
3 1025775
3 807300
3 803682
3 892458
3 814167
3 978138
3 997920
3 891594
3 858303
3 798597
3 971217
3 873693
3 922896
3 891081
3 945108
3 760581
3 976167
3 983826
3 951885
3 906399
3 907047
3 744291
3 866583
3 847008
3 982404
3 942912
3 659367
3 840699
3 824832
3 943974
3 963099
3 968373
3 905922
3 974268
3 908595
3 829404
3 774495
3 908388
3 753714
3 721494
3 875808
3 920592
3 797454
3 952884
3 847746
3 938385
3 973908
3 868572
3 869211
3 819045
3 877086
3 818334
3 1046664
3 842166
3 941292
3 923751
3 939222
3 1003140
3 919251
3 720684
3 817065
3 885438
3 983916
3 767556
3 961659
3 885852
3 873414
3 971433
3 838710
3 950418
3 868167
3 964944
3 890046
3 815571
3 955584
3 970110
3 901494
3 855261
3 944091
3 991458
3 907416
3 830700
3 882666
3 874602
3 640026
3 1061100
3 945819
3 879804
3 744903
3 1010925
3 870210
3 888156
3 966060
3 966213
3 931257
3 881127
3 944325
3 860913
3 755091
3 816930
3 966006
3 921825
3 880866
3 832536
3 950031
3 971847
3 934110
3 724923
3 669807
3 884853
3 816066
3 748845
3 872478
3 830862
3 855549
3 963423
3 994122
3 958041
3 803682
3 963279
3 979119
3 773199
3 929871
3 855495
3 839403
3 938799
3 894798
3 938232
3 953163
3 839304
3 1024092
3 823923
3 895464
3 788940
3 977562
3 979623
3 839277
3 924534
3 791109
3 866727
3 856917
3 950382
3 921717
3 855126
3 887850
3 925326
3 632295
3 811008
3 1008648
3 899775
3 924615
3 833733
3 881685
3 708561
3 774027
3 993195
3 818982
3 912654
3 867033
3 960750
3 980127
3 950247
3 892404
3 932562
3 937539
3 873837
3 902412
3 918693
3 894663
3 821223
3 656604
3 945450
3 891315
3 888705
3 807291
3 879336
3 815454
3 890469
3 956160
3 827370
3 972540
3 900198
3 909063
3 907956
3 1025514
3 973890
3 900405
3 806814
3 973935
3 997137
3 979938
3 989136
3 910584
3 889515
3 914535
3 956241
3 816534
3 944307
3 924003
3 831492
3 877923
3 575298
3 1003248
3 793782
3 967788
3 873036
3 848502
3 936072
3 927756
3 910557
3 963297
3 942759
3 996012
3 859617
3 913347
3 835551
3 922716
3 886617
3 912321
3 997452
3 974340
3 957294
3 909153
3 972261
3 873603
3 910845
3 864783
3 869337
3 854136
3 1063827
3 811260
3 942435
3 882063
3 964224
3 1000395
3 878616
3 756477
3 906372
3 884844
3 893808
3 742284
3 753147
3 817056
3 725517
3 997182
3 1025073
3 832437
3 878040
3 967158
3 886311
3 971919
3 941274
3 898605
3 828711
3 862101
3 739188
3 772173
3 963738
3 817515
3 970560
3 821547
3 885321
3 919683
3 903330
3 842832
3 1018377
3 867969
3 885897
3 964071
3 912195
3 448920
3 696663
3 870732
3 934758
3 906336
3 1001592
3 801270
3 801945
3 725688
3 946269
3 961434
3 908676
3 918027
3 1015002
3 959643
3 802881
3 798732
3 853641
3 949734
3 834741
3 900342
3 915741
3 780516
3 902160
3 943380
3 905292
3 852498
3 945747
3 831222
3 980865
3 992097
3 889398
3 904698
3 845064
3 964521
3 881856
3 812349
3 1011015
3 880326
3 875952
3 934092
3 1014012
3 931248
3 1004760
3 840312
3 940716
3 962460
3 971901
3 859338
3 702864
3 912897
3 764100
3 856593
3 881757
3 988695
3 891351
3 934686
3 961578
3 876996
3 950031
3 740475
3 771606
3 837459
3 900765
3 780804
3 827667
3 951705
3 889218
3 890244
3 766377
3 637137
3 900693
3 825012
3 909162
3 1011942
3 913032
3 906750
3 990225
3 990072
3 945693
3 927486
3 838755
3 1006398
3 879336
3 944955
3 878760
3 896778
3 920097
3 785187
3 935532
3 839394
3 1002051
3 841014
3 777177
3 933372
3 950706
3 868194
3 858384
3 917235
3 847818
3 871191
3 933201
3 919863
3 839304
3 708561
3 863847
3 1008099
3 1008081
3 922383
3 870696
3 1026351
3 910485
3 785070
3 759681
3 834255
3 918396
3 903510
3 899100
3 929061
3 996606
3 955827
3 883251
3 775494
3 937728
3 717282
3 961452
3 903483
3 974844
3 954324
3 952362
3 862812
3 797085
3 984609
3 695592
3 875907
3 860292
3 953163
3 983403
3 1026819
3 889605
3 940752
3 907659
3 1034478
3 873756
3 819486
3 920466
3 977193
3 736569
3 912672
3 898974
3 1028898
3 934353
3 832797
3 978939
3 912996
3 820485
3 1006875
3 931842
3 916200
3 1015884
3 817830
3 1010871
3 973656
3 896544
3 931707
3 938520
3 746379
3 874350
3 914481
3 1007478
3 639774
3 835164
3 886221
3 933219
3 960426
3 902223
3 905490
3 792234
3 943803
3 959193
3 807750
3 929439
3 792873
3 946161
3 864639
3 904797
3 912744
3 881235
3 835155
3 960687
3 927963
3 938448
3 875268
3 972036
3 1003923
3 872046
3 876159
3 860481
3 878607
3 847881
3 951849
3 931932
3 851697
3 882972
3 835731
3 909288
3 729522
3 843885
3 797652
3 909144
3 849303
3 997128
3 879462
3 798219
3 888201
3 824499
3 819108
3 987345
3 916803
3 991269
3 984987
3 802863
3 947808
3 903186
3 847305
3 797481
3 874629
3 710469
3 990576
3 954783
3 744777
3 871803
3 660285
3 698580
3 839079
3 944523
3 862623
3 799542
3 917343
3 945171
3 803493
3 978021
3 940941
3 886725
3 916614
3 966753
3 758511
3 917919
3 979488
3 867573
3 959013
3 895806
3 938511
3 891081
3 916515
3 942624
3 847935
3 926523
3 865215
3 908181
3 885222
3 799362
3 826524
3 806463
3 901665
3 954162
3 960579
3 811035
3 741951
3 730296
3 581148
3 848556
3 718110
3 773379
3 829971
3 944856
3 848853
3 890190
3 978651
3 978273
3 940608
3 887589
3 792585
3 657063
3 860184
3 824742
3 908118
3 805824
3 843867
3 770130
3 937152
3 942048
3 947196
3 973494
3 981900
3 952083
3 923688
3 880812
3 885654
3 830475
3 986004
3 755613
3 866430
3 835749
3 771858
3 937008
3 665649
3 830628
3 913221
3 822960
3 944352
3 877563
3 825174
3 961371
3 790938
3 845289
3 965061
3 907902
3 947475
3 861183
3 839295
3 756531
3 770544
3 971379
3 939519
3 966159
3 825849
3 873963
3 946791
3 1015839
3 1020042
3 976779
3 811404
3 927648
3 850347
3 893160
3 911709
3 905292
3 980595
3 594180
3 955206
3 816390
3 624672
3 973989
3 869229
3 808056
3 923859
3 886761
3 999999
3 1018449
3 738135
3 888408
3 910845
3 870417
3 869652
3 928962
3 686160
3 933012
3 897219
3 974160
3 990549
3 917568
3 892395
3 903078
3 833040
3 848133
3 946512
3 812673
3 817803
3 831384
3 925263
3 981504
3 912681
3 902565
3 912654
3 836541
3 957249
3 603261
3 855774
3 797886
3 759024
3 853641
3 818559
3 958887
3 994671
3 902466
3 953514
3 821115
3 955917
3 762876
3 897867
3 823464
3 785340
3 917226
3 852300
3 807003
3 954243
3 938430
3 985869
3 921357
3 731493
3 840888
3 804510
3 885573
3 741231
3 956565
3 972981
3 887850
3 792522
3 861021
3 909927
3 704241
3 927441
3 670815
3 776115
3 836523
3 858069
3 807966
3 866574
3 777312
3 903330
3 849447
3 808164
3 827424
3 834507
3 879642
3 912339
3 912447
3 912213
3 958320
3 1006389
3 1019574
3 926091
3 888525
3 829521
3 823761
3 975834
3 944946
3 922032
3 610668
3 898128
3 854388
3 857619
3 747540
3 810360
3 899865
3 946746
3 954765
3 675207
3 868347
3 851193
3 926559
3 893394
3 969318
3 746784
3 931392
3 836388
3 793692
3 772533
3 975735
3 897120
3 994437
3 921996
3 907704
3 899730
3 845811
3 950265
3 838926
3 922509
3 956133
3 787428
3 816111
3 1026882
3 726102
3 954324
3 884421
3 961182
3 851949
3 874899
3 740178
3 858519
3 926640
3 921276
3 592425
3 841617
3 848763
3 847728
3 950760
3 996633
3 1008198
3 871767
3 926208
3 930069
3 820296
3 980811
3 578556
3 911061
3 943002
3 819288
3 841644
3 847206
3 934461
3 917397
3 846018
3 772713
3 906084
3 820548
3 801666
3 1002915
3 1025568
3 909972
3 922995
3 764793
3 919296
3 937647
3 735705
3 827892
3 1031130
3 863847
3 848682
3 790704
3 1021671
3 1038573
3 829818
3 884628
3 825723
3 892683
3 926541
3 828153
3 842652
3 767781
3 928800
3 761895
3 691983
3 847053
3 932589
3 920736
3 1013337
3 848547
3 947205
3 1009170
3 875403
3 924237
3 959292
3 953622
3 917811
3 982134
3 938529
3 868752
3 779148
3 938304
3 929646
3 820413
3 923571
3 969264
3 929070
3 885348
3 726345
3 955809
3 928539
3 853290
3 870876
3 744642
3 767511
3 848061
3 704673
3 933012
3 784197
3 982575
3 903771
3 887796
3 896598
3 903609
3 997326
3 928143
3 996309
3 748314
3 868041
3 846846
3 849096
3 1000278
3 821025
3 924246
3 911628
3 808398
3 829539
3 887661
3 868158
3 939447
3 942561
3 915984
3 862740
3 801207
3 975726
3 989937
3 976041
3 914895
3 918270
3 993843
3 853848
3 715779
3 846810
3 827739
3 972423
3 947700
3 899775
3 883512
3 826605
3 813222
3 900117
3 952650
3 897003
3 941850
3 900540
3 901170
3 899235
3 910980
3 833013
3 827919
3 861840
3 924201
3 989910
3 873468
3 901305
3 873342
3 959778
3 720126
3 952614
3 935946
3 767277
3 859698
3 970020
3 954378
3 880344
3 904248
3 825687
3 907092
3 930852
3 841140
3 895023
3 950256
3 829053
3 849384
3 824148
3 999936
3 947880
3 877356
3 927828
3 1010610
3 837612
3 882819
3 831969
3 769230
3 1022589
3 864810
3 1003851
3 770274
3 828837
3 973467
3 940725
3 716760
3 817947
3 868914
3 869796
3 772524
3 902547
3 940257
3 665298
3 949779
3 961218
3 729738
3 914256
3 712674
3 954306
3 851175
3 850842
3 811809
3 860490
3 1002069
3 866889
3 1003914
3 907713
3 813753
3 873333
3 841302
3 769095
3 871398
3 828378
3 979857
3 1014084
3 761589
3 894285
3 748782
3 784314
3 905472
3 750960
3 902574
3 848646
3 931698
3 918558
3 1006704
3 826965
3 966690
3 819684
3 979713
3 819414
3 788148
3 916686
3 747117
3 946089
3 1013778
3 924543
3 754353
3 933066
3 937242
3 974052
3 887580
3 840582
3 990414
3 900261
3 860175
3 928539
3 890973
3 779436
3 858537
3 887850
3 980100
3 925569
3 870264
3 970479
3 921492
3 786798
3 936369
3 951516
3 916470
3 763443
3 591606
3 1004544
3 919593
3 776988
3 880038
3 941328
3 833382
3 980289
3 848745
3 729045
3 925830
3 1000458
3 960156
3 891882
3 782829
3 989568
3 784719
3 953892
3 996426
3 984879
3 901404
3 617346
3 789552
3 743238
3 945054
3 728181
3 970029
3 832374
3 844983
3 914193
3 813087
3 902223
3 897237
3 1028340
3 864207
3 961821
3 910674
3 955611
3 928953
3 981396
3 815067
3 776250
3 990792
3 666144
3 804744
3 903654
3 874161
3 986796
3 892980
3 950877
3 825624
3 784755
3 762120
3 809991
3 786384
3 802989
3 724212
3 929340
3 918567
3 941787
3 958518
3 791712
3 906030
3 788625
3 900594
3 923463
3 873738
3 767736
3 781200
3 917730
3 840006
3 866394
3 821061
3 965160
3 919944
3 884484
3 849204
3 914994
3 852678
3 782910
3 774540
3 802170
3 894213
3 958761
3 940473
3 903312
3 695268
3 871371
3 952020
3 968562
3 834210
3 964071
3 855891
3 909549
3 847980
3 890019
3 859464
3 867645
3 904401
3 874539
3 942102
3 838908
3 967104
3 845685
3 965754
3 962712
3 695034
3 863514
3 786546
3 874521
3 893664
3 724896
3 935604
3 940401
3 946341
3 973890
3 804690
3 812403
3 825993
3 915327
3 921609
3 882108
3 635112
3 859392
3 889002
3 908820
3 967392
3 966726
3 978876
3 906264
3 1004670
3 904221
3 885825
3 932373
3 908532
3 1007910
3 778833
3 994689
3 899478
3 950346
3 783783
3 824373
3 903798
3 964557
3 866205
3 888822
3 827208
3 873081
3 1013661
3 813249
3 880506
3 1013535
3 905391
3 940806
3 876213
3 931248
3 889029
3 951228
3 925758
3 972675
3 927783
3 714051
3 879939
3 912627
3 845100
3 850095
3 924363
3 734256
3 810045
3 828639
3 1002195
3 907659
3 852480
3 880002
3 873000
3 765909
3 960597
3 959859
3 915147
3 774531
3 898821
3 973926
3 986274
3 839808
3 770067
3 814023
3 928314
3 774018
3 845604
3 827172
3 967833
3 929079
3 837090
3 920754
3 809172
3 842634
3 819243
3 872541
3 944892
3 1003032
3 762048
3 969975
3 953424
3 1021185
3 991665
3 928188
3 759447
3 970218
3 885186
3 780543
3 886401
3 995436
3 923616
3 967203
3 802269
3 921546
3 871245
3 855873
3 847458
3 1007028
3 963216
3 800478
3 1004742
3 738621
3 830799
3 929187
3 756711
3 771498
3 906660
3 919890
3 933435
3 876753
3 758502
3 930492
3 935874
3 797508
3 954900
3 1008684
3 977031
3 930924
3 763191
3 887508
3 999153
3 874440
3 847908
3 923508
3 863865
3 1016667
3 864162
3 942930
3 950625
3 822087
3 855648
3 951786
3 868932
3 959373
3 903501
3 807408
3 863451
3 958248
3 959643
3 974367
3 715779
3 773064
3 925623
3 754947
3 814824
3 923058
3 999558
3 900918
3 846540
3 730575
3 881127
3 827145
3 1007226
3 926325
3 865935
3 902133
3 820539
3 847710
3 899622
3 941193
3 913248
3 940005
3 920709
3 896463
3 767466
3 686412
3 780948
3 1016325
3 872829
3 996309
3 766818
3 889191
3 794295
3 938691
3 591678
3 945063
3 898983
3 980874
3 911484
3 939528
3 813276
3 914814
3 806544
3 1018818
3 948132
3 916767
3 907605
3 959841
3 886077
3 873270
3 960786
3 898443
3 811341
3 949743
3 1077354
3 907443
3 830340
3 954576
3 919782
3 955566
3 821124
3 869166
3 915255
3 1001097
3 867132
3 927801
3 734319
3 935073
3 945225
3 725031
3 919836
3 901458
3 956439
3 1009188
3 486963
3 923193
3 905472
3 892044
3 980973
3 914238
3 743076
3 807714
3 969858
3 846360
3 734976
3 982521
3 764685
3 841644
3 942966
3 953073
3 855018
3 787833
3 822339
3 904491
3 844074
3 933426
3 852930
3 877977
3 964116
3 884043
3 830421
3 960552
3 854145
3 936198
3 838818
3 948825
3 944019
3 913149
3 941598
3 929259
3 915642
3 764991
3 925479
3 955548
3 973080
3 877329
3 704322
3 824769
3 954342
3 894024
3 669618
3 705879
3 964539
3 943479
3 895131
3 983664
3 809469
3 822357
3 863082
3 857970
3 971217
3 812709
3 868050
3 860400
3 963909
3 915489
3 990513
3 877797
3 938898
3 941427
3 944802
3 952560
3 851715
3 850941
3 927126
3 831186
3 883395
3 930987
3 931203
3 896238
3 903204
3 955395
3 856926
3 898929
3 894429
3 837036
3 875835
3 858609
3 803628
3 733302
3 888894
3 879363
3 834876
3 989712
3 958077
3 934236
3 926901
3 902493
3 924354
3 872127
3 861876
3 818928
3 892188
3 972108
3 907677
3 979470
3 856926
3 985131
3 989622
3 878472
3 988110
3 844191
3 873585
3 873342
3 945126
3 843984
3 951498
3 958122
3 862623
3 822303
3 816075
3 910890
3 998550
3 975852
3 1004490
3 757611
3 897453
3 611829
3 803709
3 915984
3 948456
3 804780
3 854370
3 993753
3 720495
3 928593
3 862524
3 981054
3 811764
3 967545
3 887391
3 784566
3 970965
3 832104
3 763362
3 792981
3 870174
3 990072
3 927747
3 883314
3 1014309
3 905778
3 750483
3 850509
3 985230
3 871254
3 894060
3 955998
3 977508
3 866520
3 915426
3 800199
3 791847
3 989397
3 988722
3 1007586
3 827568
3 982152
3 943164
3 906480
3 737307
3 855342
3 814023
3 875817
3 878085
3 792900
3 847107
3 852795
3 939798
3 898578
3 837621
3 991053
3 914517
3 908568
3 866241
3 996021
3 888795
3 1007496
3 879507
3 878625
3 915156
3 929970
3 834354
3 829161
3 800883
3 1007973
3 986040
3 892503
3 901287
3 751464
3 913050
3 760176
3 624573
3 883485
3 896409
3 902943
3 824562
3 879624
3 884925
3 919494
3 806535
3 1044216
3 946980
3 900621
3 840519
3 997812
3 875772
3 945432
3 812151
3 802188
3 932103
3 889299
3 982404
3 954486
3 907398
3 890658
3 965556
3 875106
3 745083
3 914301
3 886158
3 845190
3 711765
3 878175
3 837216
3 1030239
3 1068417
3 811827
3 728829
3 828801
3 953379
3 934569
3 954477
3 786897
3 988182
3 924822
3 951561
3 860886
3 664641
3 679563
3 876357
3 964026
3 925569
3 870102
3 966798
3 873072
3 954117
3 826119
3 754020
3 717507
3 765414
3 1000215
3 827433
3 730026
3 961209
3 865629
3 943164
3 900207
3 992088
3 673713
3 966744
3 959085
3 755685
3 653634
3 838530
3 892728
3 801414
3 864621
3 950472
3 914571
3 785754
3 800154
3 931257
3 951012
3 796410
3 983259
3 932364
3 1016244
3 814995
3 818190
3 915210
3 908541
3 848916
3 981198
3 894573
3 845586
3 935091
3 836190
3 752616
3 989712
3 864846
3 958599
3 922941
3 825975
3 978525
3 950877
3 802134
3 875853
3 998991
3 1039437
3 792423
3 872316
3 807327
3 867474
3 959157
3 907344
3 946908
3 868815
3 735561
3 898704
3 853839
3 934803
3 767790
3 855117
3 981648
3 1030446
3 967437
3 906543
3 927342
3 864234
3 892917
3 991386
3 898848
3 792351
3 967428
3 974430
3 946530
3 926460
3 912978
3 960678
3 996759
3 892377
3 832086
3 1040886
3 925119
3 970038
3 907695
3 921834
3 862344
3 979938
3 937062
3 828684
3 992142
3 868608
3 778833
3 814347
3 828945
3 903438
3 683415
3 620595
3 1004913
3 912177
3 871938
3 781344
3 905274
3 930348
3 897363
3 931068
3 923958
3 979965
3 952092
3 812736
3 1002024
3 911322
3 847944
3 946683
3 890226
3 841140
3 800478
3 849906
3 686061
3 773019
3 909261
3 992259
3 883170
3 958563
3 939078
3 900540
3 898632
3 978768
3 719559
3 924381
3 835380
3 851229
3 940113
3 991971
3 952011
3 982386
3 1011798
3 763641
3 877311
3 846855
3 838476
3 758439
3 873432
3 897444
3 669096
3 787878
3 829170
3 891945
3 776844
3 915138
3 717381
3 727938
3 832518
3 909315
3 958266
3 837495
3 918549
3 973773
3 921762
3 859824
3 866475
3 954369
3 889326
3 931257
3 871065
3 962244
3 1009629
3 822033
3 921411
3 876024
3 846108
3 884466
3 933426
3 576639
3 809757
3 889029
3 973782
3 823896
3 1015461
3 789453
3 932265
3 665487
3 1000656
3 694449
3 853407
3 955584
3 892332
3 952308
3 990441
3 937242
3 696321
3 943434
3 944154
3 886770
3 924156
3 786249
3 975744
3 916866
3 733752
3 989298
3 837711
3 875610
3 868698
3 915750
3 972126
3 894312
3 873153
3 905328
3 853470
3 814383
3 741285
3 748062
3 982341
3 695070
3 851562
3 873018
3 930357
3 808650
3 834372
3 800820
3 985311
3 936684
3 846972
3 928656
3 874638
3 793737
3 764451
3 868923
3 851481
3 910098
3 827334
3 860058
3 930258
3 960876
3 842481
3 872064
3 902016
3 797436
3 960246
3 838161
3 812736
3 932544
3 984915
3 837225
3 924480
3 918288
3 911907
3 962919
3 969471
3 899100
3 789201
3 842283
3 998307
3 915579
3 933597
3 912411
3 971226
3 803601
3 954324
3 803304
3 740466
3 1018359
3 695034
3 963198
3 765999
3 876402
3 881973
3 917361
3 990216
3 962208
3 845181
3 849699
3 879381
3 847440
3 851085
3 881973
3 758988
3 846711
3 928170
3 950364
3 926829
3 963684
3 969012
3 716184
3 974628
3 921483
3 990252
3 912951
3 921285
3 810711
3 968751
3 1007847
3 834156
3 729495
3 871569
3 781470
3 911250
3 878580
3 644013
3 949590
3 722979
3 917937
3 825273
3 936945
3 951561
3 839853
3 798687
3 872739
3 992394
3 956709
3 960084
3 964332
3 895293
3 823374
3 836919
3 983700
3 808200
3 739287
3 716535
3 974358
3 887238
3 849897
3 570105
3 970452
3 832752
3 930519
3 861183
3 848574
3 946467
3 835281
3 930429
3 933480
3 787239
3 874116
3 862398
3 823581
3 829323
3 884808
3 864297
3 926262
3 1027521
3 915084
3 931347
3 798471
3 1034784
3 850779
3 951660
3 901863
3 895356
3 911754
3 861030
3 876339
3 781443
3 860958
3 773514
3 885357
3 848268
3 838197
3 941355
3 776277
3 881298
3 978021
3 861633
3 969282
3 852039
3 801000
3 915804
3 956979
3 821232
3 1005012
3 782802
3 945207
3 904617
3 935523
3 734652
3 963333
3 879732
3 936810
3 966879
3 794835
3 825858
3 903573
3 826137
3 837927
3 808911
3 962361
3 1027278
3 771948
3 904986
3 819135
3 735408
3 874917
3 822753
3 806553
3 883710
3 829089
3 996426
3 797346
3 947457
3 730674
3 998406
3 742680
3 965556
3 806967
3 939069
3 765036
3 971568
3 922032
3 869022
3 771264
3 793548
3 836946
3 978228
3 847323
3 856080
3 784530
3 831168
3 936612
3 917163
3 948465
3 898479
3 964818
3 896958
3 926199
3 898857
3 950769
3 952155
3 872937
3 812106
3 1041075
3 914967
3 1020816
3 884115
3 906714
3 828666
3 842229
3 836784
3 736893
3 749565
3 880938
3 909144
3 992961
3 933426
3 884781
3 912726
3 840573
3 1009764
3 925002
3 868059
3 753912
3 828207
3 693000
3 961173
3 819558
3 765180
3 761850
3 916434
3 890397
3 972081
3 818811
3 881226
3 856737
3 1017891
3 932301
3 894042
3 815967
3 929430
3 952470
3 559953
3 983808
3 854712
3 792909
3 822195
3 1053450
3 974925
3 746712
3 988038
3 878130
3 963153
3 970047
3 931869
3 898551
3 983313
3 812853
3 906246
3 1002483
3 660528
3 875268
3 891963
3 979281
3 942759
3 871542
3 794664
3 979110
3 926010
3 829206
3 738504
3 856431
3 917064
3 905976
3 867510
3 928890
3 732222
3 788895
3 848160
3 752175
3 843120
3 914913
3 848925
3 887409
3 728649
3 900855
3 897714
3 894906
3 830367
3 919548
3 946260
3 832311
3 878571
3 951921
3 966699
3 785439
3 725085
3 825678
3 826236
3 949581
3 892719
3 708102
3 812115
3 917226
3 832077
3 693846
3 950805
3 829647
3 1054764
3 1039806
3 934398
3 889452
3 937557
3 901143
3 895203
3 937971
3 869292
3 733005
3 758160
3 911745
3 984978
3 902637
3 875574
3 957168
3 810882
3 955782
3 988830
3 733815
3 974475
3 875007
3 902205
3 999468
3 840294
3 848430
3 908766
3 759060
3 986499
3 917892
3 829854
3 984762
3 856044
3 903141
3 931203
3 790884
3 916803
3 976743
3 964854
3 909522
3 797769
3 916263
3 770481
3 948996
3 950742
3 936288
3 928449
3 937026
3 556695
3 928701
3 896553
3 853920
3 857007
3 666252
3 878319
3 732294
3 922788
3 845694
3 824373
3 935217
3 978831
3 895761
3 980766
3 791073
3 903987
3 952875
3 938349
3 865710
3 981657
3 838260
3 908739
3 713493
3 817758
3 763956
3 939240
3 748674
3 908271
3 881424
3 976914
3 815481
3 747576
3 915210
3 914418
3 915372
3 875808
3 660870
3 965565
3 796824
3 893106
3 785313
3 846387
3 742140
3 796707
3 810063
3 721629
3 769563
3 989514
3 881550
3 946179
3 810684
3 844920
3 911781
3 836532
3 977625
3 807975
3 887121
3 951228
3 826227
3 896940
3 763686
3 835731
3 953919
3 866925
3 871353
3 779166
3 644526
3 720891
3 940617
3 935379
3 858609
3 961677
3 870210
3 791748
3 881658
3 793683
3 977004
3 921789
3 882567
3 1023750
3 917307
3 1010565
3 912042
3 869247
3 848682
3 814095
3 940509
3 791901
3 905454
3 1014111
3 868302
3 830970
3 829053
3 949644
3 897759
3 921600
3 933354
3 712278
3 867213
3 827118
3 849807
3 1010025
3 912015
3 876969
3 906462
3 845811
3 801378
3 834111
3 826632
3 893682
3 729225
3 985797
3 917388
3 922365
3 831618
3 877113
3 939762
3 807012
3 799641
3 982791
3 954279
3 950994
3 759825
3 852921
3 714321
3 817794
3 928521
3 884529
3 973377
3 948024
3 793899
3 842661
3 861903
3 942264
3 915273
3 703881
3 952128
3 869445
3 913527
3 943155
3 983619
3 940545
3 683559
3 826290
3 763245
3 881865
3 888777
3 971757
3 890838
3 861336
3 696663
3 806607
3 890928
3 972666
3 944829
3 849726
3 933849
3 853074
3 938772
3 871470
3 844857
3 854235
3 743868
3 997461
3 927189
3 819666
3 904500
3 867312
3 835983
3 929016
3 914139
3 874449
3 955332
3 895671
3 818748
3 835272
3 839835
3 777591
3 796653
3 862209
3 873783
3 909090
3 956547
3 1017630
3 853524
3 840465
3 959085
3 852849
3 862956
3 755001
3 950022
3 888606
3 906102
3 972297
3 1000368
3 964656
3 979713
3 961740
3 928935
3 939267
3 841473
3 888660
3 919818
3 912474
3 748467
3 1025685
3 767718
3 853614
3 903096
3 760284
3 726489
3 1008387
3 865350
3 946215
3 848502
3 960930
3 901233
3 815463
3 848655
3 757440
3 868851
3 923400
3 976221
3 994185
3 862848
3 858879
3 884655
3 1016514
3 925389
3 761022
3 769914
3 770733
3 783486
3 923346
3 687177
3 938574
3 994338
3 916767
3 918594
3 921735
3 852687
3 970533
3 944361
3 822771
3 683037
3 987057
3 948276
3 865404
3 931284
3 1024173
3 898128
3 707256
3 829539
3 858708
3 962874
3 969498
3 813438
3 718038
3 935055
3 988362
3 923427
3 886572
3 881478
3 968544
3 867744
3 979290
3 846972
3 902034
3 1016172
3 839862
3 925389
3 823284
3 936333
3 928188
3 871767
3 913761
3 975699
3 834084
3 964017
3 869535
3 776502
3 801882
3 778626
3 876087
3 862002
3 953433
3 1005084
3 886680
3 925362
3 844821
3 972081
3 956745
3 921339
3 924156
3 954711
3 848988
3 838485
3 967176
3 855216
3 857853
3 718722
3 810567
3 923265
3 951219
3 739287
3 899190
3 1010259
3 925713
3 882540
3 930798
3 793008
3 1036674
3 958230
3 993915
3 790218
3 840879
3 805878
3 832077
3 1003734
3 889506
3 866772
3 941157
3 972414
3 849645
3 1027080
3 938322
3 850509
3 830601
3 759033
3 743940
3 964368
3 894375
3 994869
3 869121
3 882450
3 1023813
3 788526
3 929889
3 884880
3 785070
3 833868
3 853776
3 792630
3 964179
3 934731
3 928377
3 687924
3 962577
3 828918
3 886446
3 953118
3 946611
3 994464
3 876330
3 1034532
3 880245
3 846828
3 879777
3 961488
3 979299
3 790866
3 885033
3 942093
3 901998
3 774999
3 969975
3 883089
3 943335
3 1005237
3 935307
3 839466
3 993870
3 937188
3 943065
3 897300
3 739242
3 952353
3 860823
3 947034
3 857538
3 838431
3 737478
3 907542
3 856755
3 825354
3 887823
3 941616
3 856953
3 811548
3 826416
3 843669
3 567954
3 955224
3 996147
3 802971
3 857619
3 880758
3 1014255
3 1033767
3 928368
3 912015
3 906759
3 835992
3 829008
3 914616
3 912753
3 865449
3 880875
3 673965
3 849105
3 714015
3 920466
3 930060
3 960498
3 979677
3 940545
3 900999
3 847539
3 912213
3 930024
3 892926
3 978741
3 914859
3 819801
3 919674
3 915075
3 885114
3 1010232
3 778833
3 912879
3 1062783
3 899442
3 949878
3 926172
3 783765
3 841041
3 992709
3 850131
3 933615
3 1001574
3 939429
3 706923
3 903168
3 922554
3 844209
3 951498
3 910251
3 902628
3 848241
3 940032
3 976437
3 1005489
3 883044
3 866556
3 909531
3 952884
3 922041
3 829620
3 892980
3 926640
3 829386
3 1012518
3 872811
3 850554
3 913266
3 886554
3 926154
3 834795
3 942957
3 749412
3 924255
3 860787
3 775440
3 989451
3 725157
3 973035
3 938313
3 850950
3 952713
3 965817
3 934776
3 963639
3 841797
3 705897
3 889155
3 771552
3 825948
3 975861
3 849654
3 871074
3 1068651
3 959166
3 967590
3 854730
3 961308
3 896859
3 833886
3 991260
3 817065
3 921492
3 978966
3 964233
3 821484
3 917496
3 792369
3 959868
3 946026
3 969390
3 874476
3 909522
3 941094
3 922653
3 859635
3 869202
3 679896
3 820944
3 788400
3 672525
3 962451
3 839853
3 752868
3 753453
3 707643
3 1025856
3 794646
3 834183
3 800352
3 753048
3 920826
3 920169
3 942246
3 891630
3 894375
3 842472
3 999495
3 993654
3 844632
3 839412
3 899649
3 972765
3 900009
3 978102
3 855576
3 867564
3 986832
3 905751
3 894060
3 919269
3 911763
3 927360
3 875070
3 805653
3 880524
3 961281
3 685773
3 931050
3 954810
3 919566
3 822807
3 922455
3 932103
3 821979
3 893610
3 822015
3 1009926
3 970632
3 867960
3 949266
3 926559
3 879525
3 930267
3 946584
3 1001655
3 968238
3 878877
3 820026
3 996849
3 963675
3 933597
3 908388
3 937575
3 867888
3 865071
3 836289
3 990333
3 752481
3 867123
3 974817
3 927315
3 970542
3 818730
3 965781
3 901359
3 943218
3 945396
3 979884
3 860220
3 960570
3 944226
3 919926
3 857052
3 866799
3 959697
3 918828
3 863901
3 962550
3 969651
3 1002663
3 874449
3 870003
3 909405
3 881046
3 1015524
3 835389
3 836982
3 848529
3 912060
3 1022553
3 753966
3 825894
3 943344
3 1008450
3 748332
3 934569
3 855666
3 765351
3 919809
3 908325
3 799344
3 812412
3 961650
3 931122
3 847638
3 844434
3 885807
3 798498
3 750870
3 898758
3 750600
3 1033029
3 871263
3 883971
3 694107
3 973611
3 986400
3 912843
3 956574
3 1066950
3 697446
3 824301
3 940689
3 865161
3 828810
3 715608
3 989775
3 893637
3 965880
3 910494
3 899325
3 989811
3 634599
3 892224
3 899910
3 946359
3 871074
3 870075
3 922770
3 971055
3 870462
3 950193
3 875772
3 928548
3 757818
3 862011
3 990711
3 889947
3 955413
3 821862
3 881424
3 968238
3 702126
3 920142
3 979632
3 980775
3 919161
3 835983
3 855504
3 946314
3 829026
3 952758
3 878706
3 780651
3 914526
3 927108
3 880056
3 907308
3 931680
3 883998
3 814419
3 766008
3 793701
3 718002
3 929106
3 956961
3 944721
3 929178
3 798822
3 650412
3 971172
3 911511
3 874566
3 825615
3 892350
3 876789
3 900783
3 939627
3 943776
3 801036
3 1002276
3 895986
3 794322
3 745398
3 891504
3 889497
3 993951
3 897732
3 741303
3 814131
3 979209
3 1000476
3 952596
3 800964
3 989640
3 892809
3 809667
3 851544
3 796293
3 943479
3 931383
3 987579
3 672237
3 865629
3 983583
3 824436
3 980928
3 847800
3 779670
3 951813
3 976698
3 838980
3 973980
3 685692
3 911700
3 897066
3 942048
3 942642
3 992529
3 927882
3 862920
3 920700
3 895554
3 879138
3 866187
3 872586
3 947943
3 728289
3 838908
3 792369
3 944352
3 748494
3 784296
3 1030257
3 794646
3 911106
3 809181
3 996156
3 872496
3 829377
3 828333
3 811278
3 883485
3 852129
3 933201
3 943425
3 740457
3 904923
3 771192
3 897480
3 979290
3 962703
3 861183
3 956115
3 925443
3 704106
3 1018881
3 722061
3 609120
3 715059
3 922149
3 902466
3 881568
3 874629
3 763344
3 734148
3 848736
3 911277
3 946674
3 797724
3 966555
3 659268
3 788913
3 900189
3 782712
3 877914
3 856044
3 926910
3 853650
3 913005
3 856701
3 837054
3 873369
3 896418
3 880938
3 971847
3 944109
3 993699
3 792072
3 941625
3 765693
3 975861
3 911412
3 884286
3 883836
3 815922
3 897588
3 985590
3 858303
3 694557
3 876690
3 922770
3 913455
3 999180
3 813699
3 819612
3 822654
3 739674
3 935892
3 802971
3 954315
3 831033
3 928719
3 794988
3 935577
3 917280
3 933102
3 674829
3 735741
3 883476
3 836748
3 789993
3 955242
3 914211
3 919602
3 874935
3 858339
3 981369
3 979029
3 771750
3 860220
3 780831
3 958563
3 851670
3 940437
3 768447
3 864531
3 922419
3 893421
3 802305
3 817362
3 1058301
3 789498
3 808794
3 968238
3 937548
3 859527
3 721197
3 884196
3 773766
3 777636
3 728946
3 946782
3 922761
3 851463
3 892638
3 881397
3 987840
3 837801
3 892125
3 937350
3 899946
3 850617
3 836793
3 872127
3 977391
3 930924
3 874962
3 867321
3 1016883
3 939780
3 982764
3 940725
3 896175
3 861642
3 864468
3 936828
3 751500
3 927729
3 805428
3 936288
3 874629
3 921006
3 898191
3 920565
3 556290
3 894726
3 992034
3 731682
3 967644
3 767169
3 837747
3 971316
3 850293
3 760518
3 852912
3 968976
3 899352
3 965205
3 911979
3 850194
3 815976
3 839196
3 818361
3 881865
3 954513
3 794169
3 976950
3 847953
3 714105
3 880380
3 801468
3 951714
3 897300
3 565128
3 790173
3 741141
3 855126
3 768510
3 839457
3 935388
3 953712
3 861264
3 926946
3 835236
3 980001
3 791127
3 942651
3 804546
3 870624
3 935730
3 887904
3 973566
3 863010
3 974520
3 812061
3 819882
3 820683
3 973305
3 832869
3 878724
3 1022202
3 807723
3 915462
3 831006
3 972126
3 778185
3 806751
3 968643
3 808056
3 678861
3 902574
3 850509
3 840861
3 890712
3 719676
3 824778
3 709533
3 952470
3 864135
3 819297
3 953874
3 909594
3 891999
3 647703
3 952956
3 953001
3 907236
3 954171
3 952137
3 756351
3 955350
3 870471
3 844479
3 873396
3 974169
3 832149
3 901989
3 599859
3 935577
3 1000449
3 971586
3 839214
3 942102
3 964017
3 875241
3 874827
3 997875
3 968778
3 724257
3 963486
3 993852
3 927450
3 781893
3 916236
3 791397
3 909855
3 729666
3 845163
3 859140
3 972423
3 984933
3 975996
3 999981
3 837864
3 996912
3 998199
3 923139
3 943596
3 943785
3 978948
3 981405
3 897012
3 903843
3 885843
3 849735
3 763884
3 903375
3 831969
3 910917
3 815787
3 927486
3 896418
3 918099
3 804258
3 907452
3 865836
3 906255
3 847458
3 853254
3 718650
3 658251
3 918351
3 775008
3 975771
3 1001088
3 812412
3 797535
3 924597
3 907767
3 859428
3 957447
3 879579
3 995697
3 1004949
3 966798
3 1049931
3 799074
3 749223
3 784881
3 794034
3 926676
3 812619
3 931086
3 960048
3 939861
3 853371
3 883881
3 919656
3 867501
3 702369
3 733500
3 886248
3 935469
3 759726
3 940059
3 878643
3 893475
3 693630
3 996516
3 834579
3 762768
3 926901
3 883764
3 970317
3 922545
3 891225
3 905508
3 838953
3 815427
3 854532
3 658818
3 881154
3 981072
3 947394
3 910602
3 992529
3 975744
3 752562
3 988848
3 930861
3 862740
3 893835
3 962226
3 839493
3 859932
3 675693
3 752508
3 882054
3 866583
3 953442
3 955476
3 953001
3 822186
3 876852
3 899658
3 837252
3 936774
3 901017
3 865710
3 977706
3 865539
3 846090
3 828675
3 977931
3 940545
3 935649
3 919323
3 431604
3 741438
3 780354
3 780678
3 975618
3 925983
3 806535
3 684387
3 969219
3 882333
3 796878
3 845478
3 896148
3 941868
3 965241
3 755100
3 755550
3 923049
3 922500
3 805392
3 958185
3 709389
3 946791
3 874458
3 1014057
3 911529
3 1016316
3 978957
3 999405
3 923895
3 959787
3 872505
3 868995
3 842760
3 892980
3 908424
3 928458
3 788481
3 1013868
3 979011
3 877851
3 1029546
3 990684
3 823221
3 979092
3 917262
3 812862
3 908892
3 766521
3 854307
3 933993
3 852849
3 952632
3 820755
3 830565
3 1029906
3 959067
3 1005642
3 670590
3 816462
3 975780
3 803349
3 900468
3 873396
3 882873
3 880668
3 911790
3 862542
3 900144
3 904059
3 925974
3 968868
3 930240
3 848286
3 898425
3 997344
3 583452
3 770463
3 918675
3 881532
3 785799
3 795195
3 913653
3 1033038
3 881793
3 803214
3 943065
3 703719
3 950355
3 837117
3 899190
3 854919
3 837567
3 859509
3 886140
3 1018656
3 950355
3 780462
3 793377
3 863568
3 775251
3 943533
3 933111
3 896589
3 980784
3 923967
3 887247
3 998163
3 735507
3 920889
3 823239
3 867159
3 915399
3 805887
3 936603
3 827217
3 973818
3 965070
3 766944
3 911475
3 885141
3 908298
3 956709
3 912348
3 959697
3 731781
3 870093
3 608526
3 938106
3 877041
3 985743
3 862416
3 883575
3 949284
3 967833
3 877815
3 857898
3 932697
3 875052
3 727650
3 694899
3 797337
3 921285
3 841140
3 840384
3 950076
3 901314
3 779517
3 950625
3 935190
3 882873
3 830322
3 802548
3 783675
3 850608
3 696780
3 900810
3 889866
3 878787
3 705312
3 970749
3 866412
3 942291
3 949257
3 825516
3 826353
3 858762
3 962766
3 753228
3 977067
3 954729
3 727461
3 783189
3 978876
3 965808
3 992898
3 992952
3 936189
3 757656
3 872865
3 852507
3 872451
3 803853
3 829971
3 910296
3 985851
3 879228
3 949527
3 696807
3 978426
3 903663
3 914985
3 837666
3 882567
3 892926
3 991116
3 866322
3 808506
3 927351
3 967932
3 690606
3 806175
3 934461
3 762399
3 844191
3 914526
3 769950
3 905427
3 842256
3 908118
3 964440
3 882405
3 868806
3 962586
3 957510
3 576990
3 832941
3 726471
3 832401
3 955971
3 944694
3 913464
3 949680
3 995175
3 904932
3 856755
3 978165
3 1006866
3 787293
3 874485
3 934866
3 923130
3 1015191
3 938745
3 865593
3 916416
3 950778
3 873360
3 871389
3 983313
3 866070
3 960813
3 783747
3 925047
3 687222
3 956025
3 926244
3 944064
3 943326
3 877545
3 711540
3 901179
3 915462
3 979884
3 975726
3 891225
3 739512
3 959166
3 900063
3 990378
3 911430
3 971433
3 872460
3 871155
3 1017477
3 801522
3 935253
3 915165
3 908451
3 771570
3 990324
3 938223
3 753219
3 731655
3 913824
3 937863
3 907281
3 884214
3 577314
3 976383
3 999216
3 871596
3 833715
3 970641
3 766692
3 807948
3 859770
3 790074
3 861111
3 916173
3 901053
3 884772
3 933606
3 983862
3 877293
3 716589
3 922977
3 942516
3 805563
3 810027
3 876042
3 817623
3 922734
3 880326
3 865323
3 815859
3 819378
3 951309
3 924552
3 953415
3 820692
3 967923
3 824625
3 853047
3 932958
3 873144
3 983475
3 785268
3 918009
3 901962
3 939924
3 939321
3 977427
3 947772
3 973098
3 825300
3 643968
3 716985
3 960561
3 891963
3 916875
3 866286
3 832995
3 568458
3 958869
3 769230
3 847503
3 634311
3 986562
3 948258
3 945792
3 1031679
3 848250
3 876330
3 864882
3 853335
3 1010331
3 770472
3 888858
3 953838
3 858465
3 808335
3 905814
3 805302
3 891153
3 835083
3 777915
3 821628
3 955908
3 836145
3 980640
3 853614
3 925911
3 795519
3 971307
3 825336
3 858924
3 946053
3 705510
3 859635
3 894735
3 992286
3 967311
3 837810
3 924336
3 866925
3 975348
3 929727
3 854712
3 836307
3 829512
3 981180
3 916515
3 1040661
3 811935
3 999270
3 951192
3 938556
3 662274
3 863955
3 906453
3 746712
3 812853
3 910323
3 926190
3 812655
3 993618
3 975699
3 834453
3 1017792
3 914976
3 987453
3 980262
3 742599
3 895662
3 968193
3 787500
3 795132
3 836730
3 799947
3 926838
3 886356
3 1017927
3 909171
3 972954
3 796788
3 813924
3 723186
3 886383
3 894492
3 943506
3 996732
3 949671
3 960399
3 890847
3 762948
3 760194
3 913887
3 927927
3 983673
3 840672
3 863649
3 842940
3 874926
3 938286
3 969291
3 807804
3 845847
3 807426
3 994536
3 700416
3 799569
3 955269
3 845874
3 857619
3 988470
3 753444
3 892233
3 937665
3 875907
3 761967
3 912744
3 941310
3 983331
3 888507
3 744498
3 935073
3 966879
3 895941
3 900369
3 937719
3 967257
3 879543
3 808839
3 861876
3 764469
3 935532
3 783009
3 994833
3 994860
3 964692
3 907785
3 854226
3 882846
3 823932
3 888534
3 868212
3 953829
3 1027809
3 901881
3 900882
3 970335
3 777033
3 858609
3 816804
3 1022589
3 832023
3 1005417
3 853173
3 857205
3 816273
3 886275
3 879930
3 861939
3 909666
3 798309
3 834507
3 796230
3 850959
3 985446
3 871920
3 894501
3 935874
3 931221
3 811845
3 837459
3 849195
3 921366
3 885483
3 935370
3 703881
3 815148
3 952137
3 975294
3 751815
3 848835
3 990054
3 847710
3 864090
3 883116
3 848331
3 780723
3 825093
3 924012
3 972216
3 796068
3 732546
3 829890
3 1049949
3 909990
3 968877
3 899046
3 904986
3 946593
3 998595
3 928179
3 820422
3 994446
3 898965
3 861939
3 959022
3 968274
3 941886
3 936459
3 791550
3 865395
3 1031832
3 750582
3 898758
3 662211
3 860445
3 882873
3 864189
3 952002
3 834183
3 904158
3 819837
3 814617
3 951156
3 932733
3 934137
3 866754
3 893700
3 969921
3 885834
3 752409
3 997470
3 825291
3 781299
3 982026
3 843039
3 779067
3 951885
3 973548
3 882342
3 907317
3 870201
3 810792
3 884493
3 832203
3 913716
3 993843
3 801360
3 979407
3 810981
3 954855
3 957807
3 971577
3 734634
3 736083
3 801630
3 933939
3 585108
3 940491
3 957132
3 934668
3 820845
3 895905
3 807102
3 973296
3 884160
3 1013751
3 916533
3 788670
3 822483
3 850797
3 865620
3 837486
3 786078
3 816048
3 954432
3 888858
3 898875
3 884583
3 943632
3 828270
3 795717
3 834129
3 848871
3 884997
3 801441
3 832545
3 870930
3 701145
3 935622
3 847476
3 952650
3 829404
3 910989
3 830376
3 855207
3 825840
3 979596
3 871236
3 503496
3 827937
3 919854
3 873297
3 946206
3 754110
3 852057
3 997434
3 957816
3 950931
3 902394
3 880974
3 868752
3 978588
3 878823
3 985113
3 883953
3 838476
3 896985
3 980964
3 880038
3 926712
3 971154
3 894231
3 991872
3 981927
3 937107
3 909081
3 883845
3 960633
3 850545
3 977049
3 987813
3 942318
3 884214
3 795555
3 953055
3 777987
3 856134
3 995733
3 869508
3 759960
3 972693
3 1000314
3 1004004
3 794016
3 904347
3 694782
3 1002915
3 936972
3 956637
3 869994
3 907506
3 724671
3 963081
3 932661
3 966024
3 941841
3 766881
3 870606
3 934623
3 935172
3 895374
3 838125
3 976545
3 933489
3 941553
3 956457
3 944118
3 771723
3 838854
3 837846
3 812106
3 992916
3 889290
3 838674
3 746541
3 898884
3 896274
3 910764
3 1001511
3 955422
3 829611
3 877032
3 925164
3 977940
3 926262
3 903636
3 923670
3 752004
3 870867
3 906741
3 994518
3 794538
3 953874
3 906174
3 855108
3 758313
3 921627
3 919701
3 972018
3 877239
3 924336
3 917460
3 1039347
3 1008207
3 923931
3 928485
3 734274
3 932985
3 761949
3 941769
3 1003509
3 925263
3 812943
3 928998
3 898569
3 871254
3 968868
3 856737
3 925281
3 965502
3 912285
3 729297
3 901485
3 1011474
3 822636
3 864360
3 908433
3 1008657
3 918603
3 923742
3 862866
3 943173
3 905256
3 769680
3 941760
3 1025856
3 799641
3 789003
3 976635
3 948960
3 1020474
3 923490
3 823815
3 915291
3 821898
3 916272
3 950409
3 845622
3 884304
3 936306
3 946368
3 927288
3 869823
3 847098
3 1030491
3 879363
3 835866
3 795609
3 926343
3 854127
3 970353
3 875250
3 852732
3 930249
3 915588
3 958230
3 939537
3 1000017
3 792981
3 824526
3 954738
3 865611
3 915921
3 800136
3 656271
3 760977
3 963756
3 835632
3 862497
3 1008585
3 875439
3 974061
3 963567
3 771300
3 925866
3 750447
3 845235
3 812700
3 988542
3 898758
3 914643
3 931041
3 1016163
3 907002
3 831609
3 900279
3 721917
3 865971
3 797625
3 974484
3 1004607
3 905274
3 947592
3 751527
3 911439
3 910485
3 998748
3 890550
3 972756
3 746397
3 894546
3 893196
3 912060
3 910782
3 961074
3 906354
3 883854
3 873783
3 820242
3 934947
3 873576
3 1015164
3 953379
3 846711
3 866268
3 800847
3 782568
3 965349
3 878157
3 869994
3 875709
3 838980
3 773721
3 729945
3 953172
3 916704
3 886743
3 941814
3 847773
3 902934
3 909135
3 781938
3 979785
3 874728
3 1039383
3 787860
3 896868
3 950544
3 906975
3 811638
3 880533
3 871182
3 790731
3 932274
3 1002654
3 920772
3 830358
3 952722
3 857493
3 957960
3 1006110
3 843003
3 800622
3 880425
3 982206
3 856008
3 740304
3 946764
3 882432
3 984591
3 971271
3 783864
3 942363
3 747549
3 850473
3 889407
3 814275
3 952137
3 901089
3 958698
3 617049
3 779616
3 971955
3 883602
3 857673
3 828963
3 896292
3 951291
3 978714
3 843921
3 901701
3 864054
3 737604
3 840267
3 847890
3 881667
3 854118
3 942795
3 934317
3 883251
3 882099
3 742671
3 938358
3 883188
3 800694
3 936927
3 998478
3 924048
3 858933
3 827946
3 955710
3 929763
3 945882
3 923868
3 846243
3 660897
3 840087
3 893619
3 881910
3 946422
3 868032
3 1046529
3 689283
3 718956
3 806445
3 890100
3 825741
3 923382
3 782019
3 914058
3 957294
3 856791
3 871218
3 815211
3 903996
3 912870
3 894267
3 921330
3 1033326
3 997065
3 833103
3 906408
3 771444
3 940203
3 960201
3 974817
3 708516
3 856458
3 923382
3 929898
3 934344
3 1002321
3 997884
3 849834
3 1016145
3 841167
3 923058
3 868014
3 827550
3 880668
3 737037
3 897975
3 889290
3 975492
3 960507
3 990972
3 958104
3 947880
3 817785
3 872325
3 970605
3 952497
3 992628
3 1011528
3 959031
3 1011573
3 873702
3 854712
3 982692
3 1008693
3 937800
3 804726
3 928746
3 901782
3 980838
3 862416
3 823536
3 859779
3 1022859
3 728703
3 856125
3 848502
3 830367
3 702828
3 811971
3 958707
3 882225
3 946827
3 911601
3 872892
3 916047
3 940725
3 805005
3 832140
3 850923
3 912303
3 946332
3 861264
3 761256
3 954603
3 922140
3 753462
3 822393
3 938007
3 934326
3 973935
3 840222
3 966789
3 804969
3 924192
3 897372
3 1028493
3 768492
3 874665
3 826866
3 949941
3 902232
3 878787
3 954972
3 774000
3 855585
3 1010853
3 917568
3 1007325
3 935037
3 874332
3 993339
3 753741
3 891396
3 850500
3 773703
3 758610
3 864072
3 964872
3 911412
3 866952
3 970524
3 831600
3 849672
3 841158
3 916749
3 880956
3 813762
3 845730
3 915651
3 865746
3 1068111
3 861579
3 754884
3 808722
3 871857
3 820638
3 921933
3 912123
3 931167
3 946161
3 946584
3 915723
3 960174
3 896697
3 646740
3 946512
3 1077327
3 1017144
3 871479
3 737253
3 926892
3 831681
3 853731
3 929997
3 854325
3 862830
3 840600
3 868968
3 979938
3 803871
3 861183
3 968715
3 903276
3 800631
3 808056
3 831483
3 918828
3 872838
3 899010
3 899523
3 941859
3 883017
3 1020852
3 873135
3 902925
3 964152
3 888795
3 987912
3 945567
3 768888
3 791613
3 923859
3 888633
3 988839
3 917280
3 936702
3 704763
3 645795
3 835236
3 790587
3 929349
3 879147
3 941616
3 722565
3 802116
3 978678
3 749052
3 1035792
3 722844
3 897030
3 830151
3 742869
3 1007622
3 897507
3 929520
3 927324
3 868374
3 939555
3 714078
3 849528
3 894510
3 914976
3 836757
3 933066
3 985410
3 906102
3 742977
3 960462
3 837171
3 852813
3 872181
3 822429
3 802674
3 925407
3 780048
3 809046
3 800496
3 859644
3 892350
3 910575
3 896598
3 905157
3 902826
3 974574
3 875853
3 815715
3 877500
3 982278
3 867231
3 794160
3 783360
3 797841
3 976626
3 884484
3 857691
3 953280
3 931986
3 860697
3 936612
3 957285
3 875880
3 930528
3 1012428
3 838206
3 880119
3 760338
3 931437
3 951489
3 950850
3 777762
3 913491
3 905409
3 922320
3 801504
3 831843
3 847998
3 885294
3 845829
3 821673
3 945540
3 991206
3 1007406
3 912465
3 927054
3 893547
3 897642
3 735840
3 1005831
3 955719
3 941427
3 726462
3 915048
3 849744
3 906327
3 935883
3 885087
3 920970
3 1026108
3 920547
3 717318
3 834516
3 911745
3 967248
3 758538
3 960597
3 918819
3 931887
3 723879
3 815301
3 830385
3 849375
3 903294
3 952236
3 914958
3 975384
3 890298
3 951201
3 661275
3 904482
3 870489
3 987075
3 825876
3 858663
3 979731
3 986481
3 788904
3 971307
3 799686
3 896823
3 909054
3 935676
3 743427
3 917415
3 995436
3 929970
3 864882
3 886266
3 768681
3 920250
3 779697
3 944559
3 920799
3 957780
3 919242
3 910071
3 1008081
3 867780
3 972639
3 1012365
3 789435
3 875988
3 838494
3 936927
3 782037
3 856899
3 863280
3 720765
3 936999
3 873729
3 769896
3 860499
3 855378
3 923166
3 864603
3 944037
3 936513
3 847494
3 921285
3 754533
3 929916
3 820602
3 987309
3 887634
3 900549
3 907290
3 939825
3 795294
3 777870
3 844533
3 959184
3 663552
3 996435
3 775395
3 707868
3 750717
3 792900
3 844749
3 866295
3 958779
3 889650
3 759681
3 748458
3 919008
3 996831
3 1024002
3 924291
3 918117
3 728226
3 739035
3 1023912
3 840168
3 982323
3 910395
3 697032
3 966474
3 760086
3 946935
3 731376
3 933264
3 864639
3 872604
3 901431
3 1043991
3 966087
3 854361
3 835065
3 935595
3 906975
3 828846
3 982062
3 848835
3 879795
3 826416
3 923499
3 803142
3 914058
3 703566
3 1012293
3 908226
3 983259
3 972846
3 981729
3 974808
3 946557
3 768906
3 785673
3 887652
3 825156
3 965700
3 934371
3 972342
3 888147
3 876420
3 835146
3 910782
3 916902
3 851571
3 819576
3 813753
3 1015254
3 824769
3 793449
3 912609
3 1001133
3 958113
3 898911
3 922365
3 982971
3 860589
3 885429
3 859230
3 810630
3 939033
3 954864
3 814716
3 852507
3 922059
3 955764
3 877770
3 875709
3 969660
3 723780
3 808083
3 761850
3 855693
3 710010
3 997389
3 800082
3 931671
3 894915
3 871317
3 811089
3 902664
3 915318
3 939402
3 794673
3 800352
3 999405
3 865269
3 823140
3 898263
3 926604
3 963135
3 940302
3 858285
3 930816
3 944118
3 632358
3 986823
3 890253
3 888732
3 650142
3 974664
3 854604
3 824058
3 996147
3 966303
3 914301
3 935046
3 867546
3 906084
3 833931
3 848232
3 856530
3 892368
3 904320
3 831573
3 889407
3 1026828
3 853182
3 932796
3 1020429
3 939726
3 823968
3 950661
3 934452
3 871290
3 864594
3 964683
3 888858
3 915813
3 873594
3 991350
3 864648
3 847665
3 738387
3 905634
3 883782
3 856161
3 797751
3 872910
3 994203
3 841536
3 868878
3 958995
3 711801
3 847125
3 990540
3 802224
3 1011384
3 627165
3 829206
3 880884
3 937512
3 963909
3 760419
3 868572
3 894627
3 816741
3 907875
3 987246
3 1020312
3 656199
3 776646
3 836955
3 847962
3 782055
3 1011996
3 847854
3 924534
3 893160
3 811440
3 850635
3 932292
3 1020078
3 801648
3 844173
3 749493
3 829224
3 869139
3 1007937
3 884601
3 942453
3 967554
3 949275
3 890433
3 949473
3 866754
3 891477
3 697581
3 886617
3 810675
3 777429
3 769842
3 940122
3 927909
3 1014669
3 964368
3 924192
3 847746
3 994878
3 819108
3 915489
3 851382
3 994995
3 983268
3 900981
3 878823
3 675099
3 864045
3 917523
3 938259
3 884592
3 880776
3 744849
3 921969
3 947646
3 880974
3 862389
3 732924
3 842886
3 793278
3 901170
3 651384
3 933813
3 769095
3 972702
3 713844
3 847476
3 937512
3 895941
3 925695
3 983241
3 783648
3 931725
3 872712
3 888084
3 904869
3 804987
3 942435
3 963882
3 912222
3 870453
3 946926
3 950562
3 951021
3 929790
3 748080
3 795618
3 938205
3 929457
3 848403
3 969840
3 873819
3 948582
3 868176
3 930996
3 773541
3 945504
3 604710
3 841662
3 810189
3 967392
3 971721
3 746613
3 853974
3 958635
3 900630
3 857682
3 885942
3 890073
3 1026558
3 882819
3 874476
3 973116
3 763533
3 833571
3 855459
3 936459
3 957078
3 917226
3 817056
3 947763
3 983385
3 786978
3 869832
3 911961
3 865098
3 858411
3 924318
3 1007226
3 832986
3 838998
3 1003491
3 887877
3 703206
3 883314
3 884502
3 998874
3 808758
3 870930
3 940293
3 782748
3 934110
3 1024713
3 988668
3 893232
3 873972
3 825912
3 862767
3 908838
3 860310
3 959157
3 752319
3 982782
3 832554
3 873108
3 924255
3 860706
3 732204
3 946449
3 787527
3 843021
3 910503
3 882585
3 944082
3 920898
3 962802
3 859374
3 883647
3 802755
3 894807
3 911520
3 864153
3 970254
3 877374
3 818145
3 882306
3 939573
3 987372
3 954171
3 939573
3 753354
3 697050
3 931842
3 731007
3 599427
3 986103
3 793962
3 946611
3 861003
3 830565
3 905148
3 1013463
3 896292
3 829944
3 678249
3 949185
3 935577
3 867915
3 848241
3 988659
3 893466
3 873612
3 919377
3 705663
3 796203
3 884088
3 963756
3 942003
3 748944
3 946485
3 771939
3 855441
3 854874
3 1053450
3 991845
3 938709
3 796851
3 796995
3 1003401
3 854253
3 954630
3 863172
3 851625
3 881073
3 1055493
3 995976
3 941805
3 936414
3 970353
3 870651
3 905571
3 837270
3 847854
3 978615
3 941688
3 913734
3 969075
3 842391
3 968904
3 872100
3 1004760
3 838368
3 866889
3 1041885
3 731646
3 950247
3 742356
3 706293
3 951768
3 916191
3 938385
3 626823
3 824616
3 893997
3 1002528
3 988875
3 860121
3 747909
3 803178
3 987957
3 827703
3 928053
3 851634
3 914598
3 989244
3 957555
3 792243
3 898002
3 916317
3 887157
3 666504
3 871884
3 851346
3 846765
3 969408
3 879111
3 987984
3 560538
3 900720
3 812700
3 996021
3 809568
3 939420
3 860121
3 990882
3 1009881
3 970488
3 975375
3 860346
3 1007415
3 947610
3 960750
3 974223
3 970011
3 838026
3 744714
3 896589
3 1011447
3 950328
3 749367
3 927864
3 818703
3 887625
3 632439
3 840924
3 756441
3 961578
3 882801
3 956754
3 790515
3 785835
3 885942
3 904491
3 858609
3 926793
3 996579
3 976320
3 868356
3 851337
3 868113
3 940752
3 965169
3 838566
3 757854
3 1053981
3 941229
3 882144
3 960264
3 924183
3 816822
3 894474
3 837756
3 783774
3 857646
3 987840
3 826461
3 784017
3 979110
3 863757
3 980910
3 930258
3 915138
3 905985
3 931959
3 780624
3 781515
3 913329
3 970920
3 994842
3 785475
3 946008
3 964674
3 928593
3 994041
3 976833
3 970299
3 937062
3 856116
3 798552
3 982980
3 867267
3 923346
3 922824
3 864828
3 874773
3 925965
3 868122
3 944433
3 909234
3 878373
3 931797
3 897084
3 891774
3 762858
3 639288
3 973989
3 857664
3 982557
3 982224
3 943326
3 866916
3 763119
3 773496
3 936774
3 893583
3 906291
3 956547
3 945171
3 952083
3 913113
3 879120
3 810585
3 983124
3 876816
3 868968
3 1012536
3 875430
3 787779
3 888705
3 848178
3 963936
3 820917
3 857772
3 953496
3 804663
3 818901
3 881406
3 773964
3 938673
3 1025298
3 923103
3 1012437
3 736425
3 863235
3 869202
3 860166
3 927279
3 793575
3 931122
3 971568
3 872496
3 997227
3 926091
3 1021473
3 951354
3 891882
3 911772
3 729405
3 937998
3 769140
3 925272
3 948924
3 870597
3 766773
3 971829
3 965295
3 811233
3 906660
3 952407
3 873567
3 574173
3 741159
3 805671
3 945666
3 760248
3 940563
3 888579
3 799956
3 778788
3 744651
3 812610
3 1011393
3 809946
3 721026
3 885789
3 1002708
3 856368
3 1012995
3 905814
3 929142
3 759573
3 848970
3 815274
3 995184
3 784521
3 861822
3 786069
3 887607
3 860274
3 900522
3 896076
3 861615
3 970245
3 903816
3 864792
3 818919
3 802134
3 866592
3 923121
3 916596
3 960858
3 949041
3 954414
3 940455
3 936207
3 937773
3 882207
3 937179
3 865566
3 990189
3 929547
3 960588
3 757044
3 934209
3 904167
3 865053
3 746118
3 831672
3 877284
3 887103
3 908577
3 874431
3 987039
3 950517
3 882522
3 766287
3 825426
3 889605
3 779634
3 962910
3 888615
3 992088
3 829143
3 964656
3 767286
3 685773
3 966411
3 952911
3 819288
3 867735
3 960111
3 947664
3 908163
3 890568
3 814806
3 845109
3 923445
3 928863
3 1015938
3 998118
3 889821
3 945684
3 919440
3 860310
3 955737
3 884097
3 889776
3 963954
3 853812
3 976806
3 971451
3 978453
3 888417
3 944658
3 1044711
3 883134
3 895797
3 931311
3 797490
3 840528
3 825687
3 899595
3 907146
3 899379
3 896265
3 820287
3 890703
3 803718
3 794844
3 870840
3 935109
3 876762
3 871956
3 792279
3 823734
3 828000
3 986364
3 926325
3 900972
3 783783
3 961335
3 908550
3 834030
3 839034
3 943074
3 916857
3 818415
3 689562
3 819414
3 1053324
3 952407
3 839916
3 975753
3 820332
3 703170
3 709812
3 867897
3 724653
3 902817
3 962460
3 767997
3 789633
3 1015110
3 824076
3 840708
3 977535
3 844821
3 703044
3 1001682
3 917946
3 824067
3 881910
3 1022517
3 873063
3 972729
3 1000485
3 974358
3 884727
3 825705
3 885321
3 971937
3 922329
3 861597
3 805320
3 862173
3 967023
3 847188
3 767592
3 969291
3 889434
3 840168
3 925335
3 979740
3 791991
3 846828
3 889200
3 850734
3 874809
3 971892
3 914985
3 883989
3 853587
3 954441
3 764505
3 866448
3 875241
3 944424
3 940716
3 914607
3 778887
3 865431
3 917379
3 978570
3 1013499
3 633843
3 933534
3 963153
3 895869
3 954180
3 983295
3 902412
3 791937
3 886347
3 708552
3 915912
3 966384
3 941004
3 765729
3 756063
3 1000251
3 942138
3 877347
3 895536
3 955350
3 1037115
3 736038
3 841167
3 909657
3 911412
3 922122
3 908073
3 880650
3 868122
3 952569
3 786474
3 910098
3 941625
3 939357
3 902556
3 823167
3 736038
3 871668
3 892917
3 769068
3 884529
3 987570
3 911043
3 889065
3 862155
3 865467
3 834759
3 980298
3 871578
3 876789
3 896346
3 850239
3 931284
3 936873
3 877860
3 969075
3 904518
3 979902
3 881289
3 908442
3 892026
3 957609
3 768249
3 819081
3 858609
3 955161
3 973548
3 919485
3 945117
3 871263
3 861534
3 805527
3 867528
3 880407
3 990027
3 783081
3 961137
3 835713
3 738513
3 753462
3 897381
3 903285
3 817245
3 899865
3 818478
3 836208
3 797382
3 1006902
3 968688
3 975015
3 865620
3 937782
3 893205
3 948708
3 758088
3 856584
3 990252
3 807813
3 868536
3 934200
3 925857
3 863820
3 861489
3 962235
3 836442
3 963693
3 935055
3 987165
3 999684
3 841932
3 958023
3 966564
3 972567
3 938763
3 966231
3 890217
3 661950
3 686268
3 819576
3 888975
3 901197
3 846432
3 605142
3 917757
3 953118
3 938709
3 971694
3 692766
3 900378
3 839664
3 904653
3 858906
3 711936
3 892827
3 924489
3 967095
3 929853
3 892935
3 976284
3 765441
3 903726
3 950373
3 946530
3 933705
3 989397
3 917703
3 982071
3 880254
3 937980
3 934902
3 975285
3 979542
3 945126
3 799038
3 1007595
3 867807
3 881739
3 859635
3 799524
3 914229
3 918468
3 880920
3 727713
3 862434
3 928647
3 808641
3 815130
3 1011996
3 836685
3 885357
3 782271
3 946170
3 903204
3 960840
3 885681
3 855936
3 1025577
3 864927
3 874107
3 997632
3 827496
3 943119
3 952542
3 901242
3 934425
3 880389
3 777591
3 867573
3 910755
3 837045
3 834273
3 892692
3 705258
3 985770
3 879264
3 889551
3 959679
3 856854
3 942534
3 894825
3 902997
3 870093
3 748458
3 797130
3 958590
3 876195
3 826362
3 913842
3 915858
3 840384
3 888318
3 882144
3 893331
3 1001070
3 752184
3 950625
3 852561
3 956979
3 698886
3 880686
3 918522
3 932427
3 911961
3 807885
3 954126
3 907200
3 898965
3 815715
3 782595
3 986607
3 988641
3 936729
3 846369
3 764631
3 911727
3 839502
3 923481
3 867906
3 846333
3 896472
3 814689
3 954720
3 858276
3 871659
3 980262
3 834840
3 840330
3 847467
3 825579
3 956610
3 971874
3 848592
3 926937
3 1005534
3 783747
3 821277
3 982602
3 826209
3 899613
3 857961
3 716040
3 1023408
3 952947
3 899766
3 886932
3 872856
3 1070694
3 875799
3 991863
3 918810
3 906768
3 966807
3 807840
3 824175
3 911259
3 844281
3 968634
3 616311
3 1009170
3 920502
3 839070
3 870831
3 743643
3 812061
3 873828
3 923085
3 890568
3 956115
3 667368
3 931797
3 848709
3 849024
3 934038
3 998604
3 885366
3 1013922
3 836397
3 938691
3 945126
3 709713
3 957132
3 808290
3 1050750
3 870480
3 986868
3 827685
3 817947
3 1020204
3 919053
3 730395
3 865530
3 838035
3 852291
3 965736
3 789813
3 796194
3 942255
3 753669
3 847818
3 919503
3 937161
3 752058
3 847809
3 862758
3 856296
3 942354
3 756855
3 982521
3 586116
3 891198
3 755361
3 968121
3 976995
3 895896
3 875313
3 640611
3 977616
3 984582
3 746721
3 924246
3 918117
3 811179
3 999027
3 919233
3 857628
3 945864
3 966951
3 930510
3 854838
3 806517
3 873252
3 854667
3 953217
3 845586
3 910278
3 939195
3 956745
3 874395
3 834849
3 931176
3 918729
3 791829
3 824283
3 954081
3 859176
3 870156
3 938232
3 1007226
3 886338
3 881622
3 759231
3 924759
3 955386
3 829800
3 905418
3 965385
3 936036
3 858726
3 902250
3 760086
3 893439
3 1004607
3 887805
3 887139
3 902628
3 813213
3 903096
3 851571
3 941796
3 946908
3 842238
3 959301
3 922824
3 966663
3 982737
3 877752
3 862128
3 746334
3 945657
3 688185
3 919746
3 962856
3 914031
3 850428
3 943218
3 734544
3 952587
3 764037
3 770004
3 913032
3 1020951
3 955242
3 921600
3 809955
3 791325
3 895752
3 891585
3 822933
3 739053
3 935343
3 942219
3 917154
3 993474
3 737037
3 986895
3 826443
3 729648
3 936504
3 924408
3 727965
3 966366
3 916830
3 953847
3 892953
3 844830
3 866223
3 590022
3 894132
3 881199
3 970263
3 757260
3 998514
3 985959
3 943947
3 967500
3 819099
3 878499
3 698517
3 823716
3 735246
3 856278
3 810477
3 961353
3 849789
3 861795
3 945720
3 844812
3 939609
3 873468
3 943884
3 984087
3 921843
3 879939
3 909342
3 930672
3 841644
3 929106
3 830907
3 871056
3 838395
3 776916
3 824760
3 984501
3 889416
3 869256
3 894924
3 951831
3 986328
3 836415
3 967455
3 723411
3 971946
3 899766
3 924030
3 907524
3 835893
3 794367
3 903852
3 933453
3 909090
3 990081
3 990522
3 960840
3 882315
3 916947
3 852795
3 887859
3 796455
3 894834
3 907425
3 973098
3 807552
3 947961
3 1079847
3 848205
3 928233
3 916704
3 946179
3 903780
3 841392
3 850194
3 627840
3 863253
3 789390
3 893988
3 947844
3 760464
3 808254
3 961794
3 896976
3 800001
3 918630
3 807579
3 931230
3 837054
3 774387
3 883962
3 882540
3 876564
3 745020
3 964017
3 845271
3 928413
3 834084
3 1001799
3 947394
3 917550
3 718227
3 976518
3 993159
3 941400
3 944163
3 710316
3 945990
3 822267
3 907335
3 848997
3 970083
3 1021626
3 785340
3 790128
3 967023
3 933768
3 840789
3 760086
3 833787
3 928917
3 948627
3 1062009
3 814518
3 846765
3 851058
3 956232
3 979380
3 848511
3 835947
3 873765
3 872946
3 922806
3 960822
3 816363
3 963225
3 1001493
3 798534
3 931446
3 859527
3 1005165
3 928413
3 1014732
3 955368
3 725985
3 892431
3 767934
3 962109
3 888696
3 957735
3 827829
3 1012320
3 933777
3 848133
3 720630
3 924219
3 647847
3 951345
3 895122
3 896139
3 944217
3 799290
3 743301
3 781101
3 835686
3 787860
3 946602
3 1005462
3 792270
3 897885
3 917505
3 960093
3 701631
3 818730
3 1021860
3 957474
3 773757
3 914256
3 958122
3 966906
3 954018
3 724554
3 840294
3 852237
3 878643
3 903123
3 961740
3 936594
3 726660
3 884358
3 781236
3 910512
3 913104
3 693657
3 812115
3 942075
3 847368
3 952587
3 980883
3 715374
3 952650
3 950886
3 846378
3 826524
3 930663
3 872541
3 976545
3 999360
3 975321
3 818253
3 932796
3 801243
3 920691
3 877329
3 763443
3 978003
3 880515
3 980586
3 924894
3 955170
3 839493
3 905337
3 960723
3 871965
3 921033
3 970515
3 955431
3 515862
3 962298
3 974682
3 941985
3 804537
3 949914
3 933624
3 1020285
3 931113
3 980244
3 928188
3 1033830
3 877149
3 1043703
3 924075
3 960381
3 896427
3 830763
3 792171
3 876843
3 815193
3 795861
3 951156
3 900513
3 943704
3 871380
3 895140
3 787455
3 880002
3 754101
3 972837
3 892377
3 936180
3 697761
3 808452
3 932490
3 987021
3 834318
3 861480
3 968400
3 963585
3 794700
3 709506
3 777924
3 812124
3 920187
3 927963
3 897840
3 1013337
3 954927
3 993348
3 969471
3 892512
3 761913
3 1001394
3 897102
3 939429
3 858195
3 982629
3 971361
3 844821
3 814293
3 849852
3 939105
3 999981
3 896508
3 985356
3 864180
3 858078
3 927945
3 773802
3 760419
3 886698
3 906174
3 999945
3 794232
3 815382
3 769833
3 844542
3 810558
3 880767
3 788562
3 873495
3 768051
3 951138
3 934830
3 814059
3 1016991
3 948024
3 921690
3 885132
3 833895
3 904644
3 938682
3 756729
3 923031
3 946395
3 834759
3 947610
3 804915
3 855774
3 1019232
3 767457
3 885789
3 701604
3 788868
3 946026
3 876915
3 963423
3 930654
3 907605
3 885006
3 845856
3 952515
3 843858
3 799965
3 837954
3 940959
3 834282
3 839115
3 887229
3 924012
3 947511
3 815994
3 924021
3 746118
3 783450
3 782055
3 837180
3 894546
3 971271
3 868941
3 950373
3 953514
3 860283
3 805095
3 885303
3 979011
3 1005660
3 851175
3 863091
3 918738
3 857142
3 815310
3 881532
3 803322
3 579366
3 947394
3 746415
3 974529
3 873549
3 548262
3 772083
3 962172
3 921240
3 944811
3 972810
3 1000926
3 869409
3 624573
3 894330
3 882684
3 935379
3 927396
3 778563
3 887787
3 877536
3 890604
3 881181
3 724284
3 793017
3 801387
3 916263
3 818748
3 915651
3 919800
3 926784
3 618138
3 685872
3 903726
3 873198
3 924795
3 921933
3 964017
3 818973
3 956340
3 930357
3 941283
3 931860
3 992106
3 942804
3 949887
3 992187
3 963189
3 940203
3 945432
3 991350
3 881505
3 804033
3 958905
3 885510
3 983898
3 851148
3 741726
3 857259
3 919530
3 836721
3 1053270
3 839601
3 810513
3 932157
3 891225
3 918315
3 906012
3 869508
3 840474
3 813366
3 1000935
3 751725
3 973953
3 780975
3 911232
3 781533
3 779598
3 894456
3 912672
3 868266
3 853308
3 873747
3 802278
3 928917
3 996624
3 937512
3 948618
3 920844
3 783036
3 845118
3 880551
3 900810
3 981477
3 943812
3 967311
3 961272
3 953361
3 970695
3 833868
3 930996
3 886239
3 799650
3 946341
3 860283
3 917064
3 965331
3 846612
3 890865
3 845766
3 980721
3 750105
3 968283
3 915939
3 847224
3 941490
3 1041606
3 815049
3 945927
3 941202
3 1022409
3 925281
3 927621
3 845739
3 986544
3 846225
3 953901
3 856566
3 868122
3 1037250
3 740457
3 910314
3 732177
3 736533
3 842427
3 925074
3 952029
3 840231
3 919872
3 956214
3 925092
3 745641
3 984033
3 692451
3 961281
3 951363
3 1019241
3 727272
3 1011339
3 921213
3 838431
3 952497
3 800883
3 908685
3 984672
3 966780
3 963342
3 903438
3 917793
3 974538
3 893943
3 974691
3 927072
3 926262
3 822069
3 959040
3 952758
3 899073
3 986823
3 930438
3 876294
3 884412
3 890640
3 829944
3 792423
3 895617
3 1022400
3 884304
3 971964
3 841734
3 764775
3 957699
3 813906
3 798966
3 907866
3 846621
3 940950
3 849411
3 858141
3 849141
3 995814
3 864414
3 975087
3 877770
3 868311
3 851373
3 947817
3 946269
3 763317
3 898092
3 693234
3 1011834
3 855747
3 907416
3 936945
3 979938
3 815787
3 812088
3 778707
3 849951
3 958185
3 693072
3 1008828
3 993906
3 806121
3 878211
3 916911
3 922086
3 840528
3 798561
3 986859
3 934677
3 962064
3 977787
3 820701
3 1028610
3 966636
3 866709
3 971325
3 876159
3 961038
3 629181
3 977670
3 979956
3 925992
3 929313
3 844902
3 927891
3 926748
3 906210
3 865557
3 912978
3 914769
3 949977
3 991431
3 884700
3 879516
3 924768
3 933417
3 978228
3 898632
3 963027
3 981117
3 791091
3 895374
3 767871
3 874170
3 956529
3 982431
3 804780
3 811395
3 772056
3 912924
3 848187
3 899361
3 779328
3 838134
3 921168
3 825039
3 804798
3 953505
3 679896
3 885465
3 907461
3 908064
3 925605
3 1014066
3 983340
3 861336
3 925263
3 928116
3 820791
3 875610
3 899703
3 828990
3 872217
3 863613
3 804825
3 883971
3 996363
3 841689
3 983529
3 946917
3 1040661
3 951300
3 847917
3 914931
3 969120
3 776601
3 1007658
3 707517
3 912105
3 916011
3 872955
3 896337
3 906408
3 920313
3 978444
3 981108
3 847179
3 933156
3 635301
3 901098
3 910134
3 919701
3 881586
3 910260
3 895527
3 835965
3 857619
3 863748
3 791379
3 918243
3 796788
3 919116
3 880722
3 844191
3 916281
3 948591
3 1017846
3 898326
3 889938
3 684891
3 968967
3 995652
3 900477
3 924957
3 695943
3 932526
3 884781
3 787941
3 679842
3 1023930
3 843462
3 843291
3 724050
3 691083
3 802674
3 824517
3 821043
3 917496
3 839583
3 971352
3 916758
3 948267
3 924138
3 773109
3 929664
3 857250
3 898164
3 907866
3 1027773
3 897903
3 1009134
3 968715
3 798417
3 814860
3 940095
3 959760
3 865818
3 845379
3 764928
3 953577
3 914940
3 748449
3 1018359
3 901161
3 808578
3 810558
3 812268
3 859779
3 863244
3 728703
3 888930
3 945441
3 829197
3 962163
3 992304
3 952578
3 981504
3 873756
3 909720
3 927117
3 814005
3 788103
3 894411
3 900414
3 859536
3 914805
3 895536
3 921411
3 970344
3 922032
3 836514
3 877887
3 942435
3 995598
3 1020159
3 858384
3 961461
3 1027899
3 943893
3 951489
3 926397
3 876582
3 694548
3 985194
3 814158
3 945117
3 987111
3 878751
3 922239
3 859959
3 939492
3 841428
3 896958
3 774792
3 938511
3 864513
3 743688
3 879966
3 449442
3 879678
3 922239
3 913392
3 743913
3 858222
3 805743
3 919440
3 868851
3 921573
3 824634
3 914121
3 819981
3 905913
3 877383
3 923085
3 892629
3 849717
3 814815
3 875511
3 914742
3 882369
3 965592
3 846558
3 1036431
3 910359
3 650610
3 874008
3 857691
3 723798
3 878526
3 758079
3 963198
3 970092
3 893700
3 778068
3 881190
3 923436
3 764496
3 1002960
3 840213
3 1026549
3 785223
3 889785
3 984420
3 838449
3 956547
3 927396
3 809802
3 759537
3 999513
3 947691
3 1037898
3 751320
3 777663
3 996822
3 929637
3 913950
3 862866
3 807048
3 921222
3 948555
3 903321
3 850536
3 920187
3 1043775
3 970857
3 826119
3 880290
3 834237
3 891063
3 977949
3 885969
3 943074
3 751635
3 959454
3 981846
3 729567
3 911151
3 769338
3 1026243
3 926091
3 952677
3 922545
3 613323
3 930474
3 993744
3 889083
3 801666
3 942156
3 978426
3 821169
3 920394
3 888858
3 689085
3 824391
3 1013292
3 775971
3 873837
3 806346
3 1023192
3 940338
3 977787
3 939897
3 817452
3 830772
3 882666
3 901035
3 904059
3 973566
3 943947
3 969030
3 886797
3 870480
3 785736
3 966348
3 711891
3 888003
3 785178
3 898011
3 914967
3 515646
3 822789
3 874827
3 877293
3 858888
3 877698
3 934551
3 782532
3 998568
3 738468
3 874152
3 654111
3 873225
3 864657
3 932508
3 966447
3 934569
3 896535
3 934812
3 761868
3 897804
3 837243
3 717624
3 1002051
3 944145
3 979803
3 973404
3 1006047
3 989091
3 918819
3 968940
3 942894
3 987021
3 792954
3 711630
3 905706
3 781857
3 808560
3 925110
3 896364
3 946962
3 925434
3 849510
3 803502
3 895374
3 892377
3 861993
3 771345
3 947142
3 731574
3 870192
3 910593
3 935334
3 940950
3 792135
3 849996
3 890217
3 837036
3 741492
3 1010133
3 878796
3 939726
3 970803
3 1000746
3 882882
3 863820
3 989658
3 935226
3 964737
3 795105
3 1013184
3 921906
3 922842
3 908892
3 814122
3 946890
3 986094
3 941328
3 904185
3 837018
3 1005345
3 873261
3 756288
3 861426
3 897714
3 887319
3 961029
3 781794
3 892134
3 925992
3 1020816
3 969066
3 718326
3 816237
3 943821
3 839421
3 878616
3 973224
3 978165
3 887607
3 736011
3 847647
3 776727
3 877491
3 1001223
3 876060
3 847350
3 750573
3 877248
3 945027
3 971703
3 919467
3 970776
3 820818
3 963135
3 780201
3 844389
3 886950
3 995571
3 765162
3 796887
3 954531
3 726426
3 960687
3 959805
3 888453
3 963324
3 982521
3 1004130
3 904869
3 816993
3 724536
3 877644
3 1031706
3 1032894
3 804699
3 873666
3 947133
3 920502
3 764730
3 881415
3 889209
3 885582
3 965430
3 757845
3 842022
3 992772
3 645759
3 874404
3 876420
3 893178
3 852606
3 880281
3 828666
3 818397
3 948492
3 966780
3 822681
3 895806
3 1009098
3 839799
3 970020
3 999378
3 865746
3 830835
3 935577
3 772596
3 1015713
3 746865
3 898722
3 886608
3 978246
3 817335
3 911340
3 959796
3 836082
3 873342
3 871740
3 895743
3 965583
3 818091
3 933822
3 949023
3 787176
3 863136
3 805077
3 935694
3 947592
3 961740
3 814365
3 870849
3 772335
3 850860
3 906057
3 827280
3 927018
3 950679
3 853029
3 911241
3 977481
3 953307
3 929970
3 950832
3 937260
3 812448
3 933138
3 972594
3 771102
3 981459
3 983358
3 691713
3 1020051
3 854928
3 982188
3 859653
3 958509
3 904626
3 853290
3 901548
3 933210
3 876825
3 980127
3 931266
3 845658
3 841338
3 822825
3 857223
3 899163
3 829530
3 736344
3 869760
3 982476
3 951264
3 1024479
3 882441
3 729009
3 960138
3 839781
3 880668
3 929682
3 984060
3 847161
3 909972
3 870768
3 790317
3 858618
3 932985
3 932922
3 804438
3 734022
3 942975
3 1007370
3 876114
3 809811
3 838179
3 786168
3 715005
3 974952
3 846432
3 896004
3 935163
3 951669
3 849933
3 873927
3 882693
3 854856
3 913770
3 899793
3 857493
3 909720
3 966501
3 934002
3 936594
3 923571
3 911493
3 781272
3 963243
3 918873
3 939555
3 809568
3 836541
3 934416
3 809487
3 947070
3 960516
3 949032
3 760878
3 927567
3 796059
3 867816
3 855855
3 912051
3 972972
3 833463
3 967455
3 729738
3 946503
3 836559
3 814986
3 802935
3 925056
3 952641
3 963954
3 938331
3 844362
3 919197
3 952371
3 658170
3 973602
3 856062
3 967329
3 909756
3 814374
3 717192
3 921375
3 934515
3 942705
3 964197
3 1010592
3 890901
3 913275
3 932004
3 1019088
3 874683
3 864837
3 758988
3 678456
3 833391
3 844308
3 849249
3 1035873
3 843894
3 878958
3 893484
3 792828
3 810792
3 940599
3 902295
3 805149
3 863136
3 771336
3 965709
3 977265
3 779382
3 946458
3 857925
3 901935
3 980523
3 949905
3 851859
3 928845
3 795087
3 831978
3 802485
3 977715
3 971856
3 816156
3 955089
3 911376
3 1003365
3 756360
3 979713
3 864828
3 962217
3 964854
3 904500
3 1002168
3 884583
3 853911
3 888939
3 1010493
3 844983
3 876924
3 954990
3 808065
3 868563
3 848646
3 708003
3 906714
3 851085
3 969048
3 962190
3 835641
3 735543
3 859203
3 963432
3 960003
3 859104
3 928656
3 903330
3 864738
3 905859
3 919566
3 866997
3 985887
3 969111
3 732159
3 856800
3 924984
3 963468
3 873432
3 812403
3 921735
3 925119
3 839754
3 917757
3 915651
3 1003563
3 914940
3 935892
3 842004
3 921033
3 884817
3 965736
3 806346
3 702900
3 741636
3 879849
3 911592
3 787473
3 825345
3 1014804
3 904104
3 976869
3 945729
3 809073
3 890523
3 958284
3 767529
3 1010889
3 984222
3 1009359
3 792504
3 803340
3 915804
3 890505
3 735345
3 816498
3 952389
3 880146
3 1003293
3 748350
3 850626
3 937458
3 981171
3 732213
3 929880
3 981135
3 897363
3 913500
3 812331
3 948321
3 927747
3 770994
3 852084
3 954567
3 937539
3 918882
3 858024
3 805599
3 826398
3 902178
3 835128
3 936621
3 843093
3 1012734
3 797004
3 940185
3 986094
3 831402
3 769941
3 819909
3 919611
3 943632
3 893637
3 897273
3 923589
3 836028
3 900855
3 910737
3 856989
3 811314
3 890424
3 630819
3 688662
3 867708
3 850563
3 751194
3 938592
3 872073
3 941913
3 891432
3 786969
3 898002
3 827694
3 766476
3 888228
3 812961
3 885177
3 687897
3 959301
3 1009926
3 844542
3 817065
3 878670
3 921051
3 925992
3 785556
3 769815
3 894213
3 903582
3 939294
3 878139
3 999234
3 863946
3 949167
3 928980
3 973332
3 912213
3 825705
3 712512
3 693000
3 857871
3 788112
3 950805
3 852309
3 788661
3 926460
3 829764
3 908028
3 945117
3 866799
3 932337
3 896931
3 983646
3 917028
3 857376
3 925506
3 995643
3 952470
3 928818
3 780210
3 1018584
3 829917
3 904626
3 908910
3 992412
3 977760
3 810351
3 813798
3 970164
3 1008423
3 1001079
3 795708
3 846252
3 958428
3 961389
3 967041
3 856917
3 800703
3 869229
3 635436
3 1056816
3 979380
3 909576
3 798273
3 890046
3 942606
3 946242
3 751131
3 1005066
3 629253
3 949293
3 877257
3 966942
3 978210
3 953055
3 960894
3 940509
3 781587
3 849033
3 972342
3 952542
3 788967
3 876330
3 847953
3 1008234
3 980847
3 989325
3 824085
3 858159
3 900342
3 832113
3 933372
3 988722
3 889416
3 767943
3 957015
3 943272
3 790227
3 830079
3 960021
3 938583
3 1056960
3 811917
3 924993
3 998883
3 803907
3 918126
3 924777
3 970596
3 867447
3 816462
3 964908
3 836136
3 992367
3 884142
3 732168
3 896832
3 971793
3 941814
3 678033
3 851490
3 973287
3 884745
3 905121
3 919674
3 887643
3 994266
3 925812
3 954288
3 844344
3 534069
3 898029
3 941598
3 1039311
3 980703
3 690372
3 942444
3 818676
3 756594
3 952191
3 783045
3 983763
3 937215
3 853470
3 902142
3 811548
3 986481
3 745668
3 929313
3 776511
3 880290
3 909144
3 964035
3 740799
3 782928
3 912942
3 854064
3 754758
3 974475
3 868005
3 1010997
3 942525
3 982404
3 807525
3 866358
3 831438
3 842553
3 822411
3 886203
3 801045
3 882369
3 921150
3 842463
3 958482
3 963585
3 865341
3 947115
3 772236
3 939789
3 909756
3 830412
3 1015299
3 781074
3 860625
3 912861
3 902097
3 922752
3 807291
3 852714
3 898551
3 831888
3 887382
3 985806
3 983952
3 991017
3 860283
3 1028511
3 895131
3 917595
3 869634
3 851643
3 794601
3 827730
3 841905
3 919296
3 849303
3 735579
3 960975
3 922257
3 987435
3 887661
3 892872
3 885222
3 935721
3 741816
3 938241
3 931086
3 735030
3 853182
3 923049
3 970371
3 940716
3 909081
3 1027584
3 945531
3 950535
3 911385
3 983205
3 945207
3 869418
3 839961
3 868446
3 962865
3 855648
3 811107
3 837189
3 988443
3 934533
3 918189
3 960012
3 745587
3 986778
3 891648
3 843489
3 846261
3 975609
3 1046178
3 763335
3 1054539
3 982791
3 863127
3 976527
3 846531
3 836757
3 981234
3 938466
3 890091
3 738594
3 785727
3 746550
3 837315
3 945675
3 987831
3 810009
3 973440
3 1025100
3 844407
3 749943
3 919053
3 894555
3 911466
3 980532
3 854640
3 953316
3 1036944
3 1020078
3 932490
3 896229
3 991980
3 914202
3 778266
3 797166
3 915507
3 788562
3 630324
3 1005759
3 854244
3 829332
3 835137
3 782784
3 962739
3 930330
3 907218
3 765765
3 962532
3 943965
3 951975
3 952128
3 998109
3 905679
3 916452
3 870075
3 996228
3 992403
3 845586
3 875421
3 633708
3 796581
3 823392
3 920025
3 920187
3 847494
3 927720
3 932148
3 927891
3 809775
3 733365
3 865359
3 790335
3 908523
3 931266
3 967050
3 921951
3 998667
3 824004
3 978957
3 775584
3 929664
3 892638
3 987201
3 944181
3 992313
3 870336
3 832662
3 726147
3 978966
3 733590
3 681309
3 713682
3 867060
3 827793
3 757116
3 864612
3 965844
3 910566
3 921924
3 946242
3 940437
3 770202
3 922851
3 859590
3 830772
3 918504
3 880047
3 901728
3 841779
3 823905
3 845712
3 980721
3 991521
3 832734
3 759591
3 951876
3 925218
3 813816
3 904653
3 850869
3 659772
3 936180
3 933372
3 857808
3 855684
3 969804
3 916173
3 699516
3 879219
3 966699
3 923796
3 913104
3 987192
3 924300
3 730962
3 956250
3 855783
3 678294
3 794124
3 819243
3 845271
3 884556
3 868725
3 921888
3 959976
3 849231
3 805221
3 629739
3 934281
3 803691
3 818352
3 889524
3 958284
3 936810
3 817299
3 825534
3 879948
3 871551
3 887742
3 942345
3 844137
3 928260
3 899226
3 1011753
3 946062
3 1000026
3 740520
3 790677
3 990900
3 914013
3 770499
3 948339
3 940797
3 911268
3 650871
3 992493
3 968832
3 963432
3 881424
3 911223
3 862884
3 967788
3 890676
3 971793
3 867645
3 860598
3 1023660
3 978282
3 970875
3 945036
3 931671
3 861426
3 767331
3 898443
3 945945
3 942930
3 891495
3 936801
3 905724
3 933039
3 978102
3 904851
3 1048194
3 988074
3 928494
3 993420
3 866853
3 772056
3 879957
3 890649
3 864000
3 887535
3 924732
3 846504
3 870237
3 940824
3 929592
3 953280
3 865674
3 809298
3 840609
3 951813
3 972603
3 845757
3 739062
3 920160
3 970092
3 923049
3 937962
3 955008
3 879408
3 865089
3 792324
3 907866
3 853236
3 910512
3 904347
3 924894
3 873639
3 913608
3 938376
3 988326
3 992412
3 876177
3 921735
3 873720
3 948195
3 1024947
3 930366
3 871074
3 859806
3 908631
3 904734
3 822708
3 806868
3 967932
3 804852
3 835407
3 930438
3 902232
3 807066
3 972450
3 952848
3 959670
3 935424
3 955143
3 744579
3 941535
3 869553
3 941112
3 891738
3 884754
3 1005147
3 767700
3 971793
3 794358
3 898551
3 936378
3 846810
3 886014
3 800055
3 960381
3 730539
3 953919
3 957015
3 835407
3 826389
3 857025
3 879552
3 872010
3 821601
3 854235
3 946908
3 981198
3 770454
3 893583
3 672318
3 758952
3 922887
3 908937
3 958752
3 921726
3 843615
3 814230
3 734544
3 863280
3 872865
3 916290
3 928692
3 887922
3 983052
3 916101
3 954270
3 848115
3 828594
3 880254
3 1005579
3 898362
3 983763
3 985275
3 870363
3 947817
3 936891
3 956844
3 888093
3 943011
3 717453
3 608355
3 738927
3 895959
3 592776
3 930609
3 897048
3 872496
3 916218
3 691758
3 809478
3 928440
3 952353
3 878904
3 839403
3 851841
3 886122
3 827487
3 962892
3 770715
3 828540
3 886905
3 892998
3 969795
3 940050
3 893448
3 775872
3 927945
3 914220
3 997920
3 875709
3 993420
3 909153
3 857259
3 842247
3 877824
3 921753
3 742734
3 850680
3 923409
3 939888
3 803448
3 919575
3 939717
3 880713
3 910575
3 925650
3 896706
3 895563
3 925200
3 869535
3 914787
3 851634
3 839097
3 916353
3 908523
3 752598
3 1034487
3 974790
3 820764
3 923940
3 871956
3 865773
3 909729
3 987678
3 742995
3 810684
3 848106
3 928251
3 974691
3 1006209
3 722601
3 922122
3 833931
3 921933
3 826047
3 908991
3 949203
3 989370
3 933453
3 877545
3 807012
3 942750
3 921051
3 887427
3 946332
3 980676
3 803214
3 944613
3 856737
3 951111
3 774054
3 960651
3 786987
3 799794
3 929457
3 881775
3 881163
3 983592
3 790848
3 906624
3 911601
3 932346
3 932643
3 936891
3 966870
3 959670
3 818982
3 864018
3 1023714
3 918270
3 880299
3 891891
3 938673
3 968337
3 945846
3 931653
3 1000476
3 915210
3 846018
3 846639
3 783324
3 819027
3 866628
3 917289
3 741240
3 983970
3 870759
3 924183
3 864990
3 819369
3 876924
3 944280
3 876573
3 946413
3 837459
3 924246
3 926757
3 935703
3 907173
3 802242
3 944442
3 952830
3 909279
3 818280
3 820656
3 960120
3 991647
3 878040
3 783000
3 903402
3 1002150
3 850077
3 766827
3 940014
3 989235
3 826794
3 926955
3 688356
3 897624
3 853011
3 779760
3 1031256
3 902475
3 860760
3 817011
3 951444
3 1029528
3 890037
3 745722
3 926721
3 941292
3 852462
3 862371
3 974853
3 915093
3 946971
3 999504
3 889245
3 816354
3 887472
3 954846
3 946791
3 966150
3 920655
3 921573
3 894015
3 929853
3 953514
3 878409
3 905877
3 959670
3 883962
3 878670
3 798093
3 847080
3 850572
3 954972
3 930177
3 865755
3 869067
3 760104
3 942579
3 850473
3 760329
3 917073
3 912735
3 872046
3 936000
3 884043
3 872496
3 880200
3 879021
3 922959
3 871722
3 871083
3 900207
3 939537
3 860751
3 895023
3 888552
3 854856
3 705789
3 902313
3 942579
3 964278
3 915255
3 851769
3 883953
3 995148
3 913653
3 854685
3 854217
3 909738
3 903096
3 898056
3 783036
3 990882
3 984303
3 878949
3 916083
3 780264
3 772155
3 875691
3 885555
3 941112
3 996219
3 732312
3 860670
3 989172
3 1017846
3 992295
3 787275
3 906174
3 744732
3 893340
3 899028
3 899739
3 736128
3 974142
3 882144
3 1027728
3 921258
3 737775
3 913608
3 846414
3 940941
3 833040
3 869427
3 928062
3 936036
3 930510
3 865161
3 876573
3 875619
3 949950
3 998226
3 861786
3 961569
3 993528
3 890532
3 988479
3 898875
3 901053
3 982773
3 821025
3 854217
3 921069
3 902421
3 667539
3 820350
3 994320
3 823932
3 719946
3 970002
3 1000602
3 911475
3 813618
3 945711
3 845730
3 797625
3 876456
3 958527
3 963171
3 785772
3 922176
3 1002249
3 849807
3 857331
3 974691
3 906822
3 681795
3 738612
3 816759
3 890919
3 970470
3 963234
3 920241
3 856917
3 911709
3 957231
3 727812
3 1025055
3 840861
3 845775
3 876222
3 769581
3 899433
3 824661
3 917073
3 853794
3 929790
3 875016
3 892890
3 983286
3 813312
3 819837
3 637470
3 800532
3 983853
3 992853
3 807993
3 647019
3 993384
3 948924
3 924498
3 824805
3 956511
3 917037
3 850473
3 954891
3 849753
3 945495
3 981153
3 857007
3 961479
3 993807
3 923238
3 1012077
3 914103
3 866241
3 905382
3 967788
3 787986
3 892683
3 826920
3 961551
3 763947
3 887427
3 904059
3 955737
3 908424
3 999225
3 910449
3 798246
3 879696
3 830385
3 836487
3 871128
3 1001574
3 794052
3 977976
3 859761
3 891702
3 836892
3 969534
3 976905
3 847098
3 906669
3 722709
3 891657
3 961758
3 888156
3 788274
3 726534
3 897282
3 866934
3 878526
3 884736
3 857430
3 853713
3 814725
3 885753
3 948420
3 897111
3 985536
3 974655
3 915255
3 948420
3 827775
3 941202
3 887454
3 762021
3 989037
3 966834
3 855171
3 906138
3 1017999
3 881100
3 860013
3 995526
3 803610
3 928989
3 889389
3 883467
3 813276
3 916848
3 908397
3 691560
3 917982
3 927891
3 796842
3 939735
3 757782
3 954180
3 782442
3 933903
3 909234
3 907470
3 828702
3 859023
3 855774
3 746757
3 771858
3 962739
3 1011933
3 937899
3 970371
3 920421
3 959724
3 923265
3 851256
3 1053882
3 954171
3 893709
3 877455
3 873756
3 892944
3 903672
3 881577
3 846567
3 1011852
3 1051731
3 804708
3 843588
3 683712
3 873684
3 717840
3 912429
3 762300
3 948177
3 732159
3 697752
3 937872
3 853011
3 840888
3 1057491
3 923553
3 866268
3 895041
3 958860
3 936900
3 757107
3 865251
3 870021
3 800802
3 886194
3 891783
3 860085
3 917604
3 734085
3 843876
3 746901
3 831465
3 927297
3 862470
3 876042
3 888183
3 872928
3 903150
3 869265
3 778185
3 867825
3 988362
3 923022
3 1058868
3 976725
3 736668
3 876150
3 800892
3 922968
3 937206
3 857817
3 967671
3 1024641
3 772065
3 942165
3 870714
3 891495
3 947367
3 840762
3 787419
3 874611
3 935928
3 914886
3 963882
3 874359
3 900315
3 982746
3 882621
3 879831
3 836316
3 789039
3 992592
3 844902
3 894699
3 824724
3 912339
3 879849
3 904986
3 979398
3 973431
3 829665
3 776880
3 860031
3 882783
3 862506
3 829683
3 879822
3 857484
3 749556
3 907263
3 1022112
3 892431
3 940824
3 930123
3 889290
3 806283
3 882684
3 852525
3 801612
3 859743
3 937449
3 711585
3 885015
3 978426
3 902934
3 921717
3 858096
3 837738
3 940437
3 823122
3 920466
3 880677
3 963036
3 903456
3 874305
3 909567
3 809019
3 828405
3 858951
3 946566
3 931149
3 920970
3 858672
3 885051
3 1007460
3 958869
3 898992
3 824157
3 857574
3 810594
3 962541
3 911034
3 886626
3 801819
3 893070
3 902700
3 988893
3 909576
3 884637
3 984186
3 584244
3 907380
3 859428
3 748152
3 982035
3 966672
3 932220
3 974358
3 924255
3 688959
3 1015677
3 909360
3 1030194
3 623115
3 834831
3 999189
3 815103
3 1003374
3 991314
3 895860
3 918189
3 970326
3 803844
3 773181
3 796977
3 844560
3 945891
3 836550
3 909945
3 896868
3 952983
3 747090
3 881082
3 847800
3 784620
3 719469
3 966528
3 839052
3 955539
3 949806
3 963873
3 964233
3 942192
3 920880
3 927306
3 845622
3 983583
3 980946
3 933957
3 973845
3 933462
3 821664
3 1008432
3 908550
3 942867
3 944946
3 951183
3 721971
3 940761
3 829071
3 781182
3 768933
3 796257
3 823995
3 906543
3 876654
3 822546
3 943893
3 920349
3 931977
3 965412
3 921051
3 921186
3 959805
3 954972
3 834471
3 743130
3 974610
3 836019
3 786573
3 704034
3 910962
3 839277
3 923184
3 945324
3 891612
3 794088
3 901629
3 765846
3 785898
3 884196
3 919242
3 699723
3 908019
3 868860
3 841464
3 1000647
3 899046
3 749853
3 816912
3 843345
3 910170
3 936108
3 952605
3 741762
3 904302
3 918090
3 777573
3 936018
3 857790
3 900981
3 938673
3 696384
3 846099
3 681075
3 890181
3 962271
3 861372
3 861327
3 852822
3 814437
3 765531
3 952155
3 841581
3 586152
3 815526
3 898857
3 917676
3 915192
3 980982
3 913437
3 801540
3 945783
3 951066
3 953874
3 875547
3 952506
3 827568
3 911016
3 976284
3 644544
3 935235
3 799272
3 935541
3 1013661
3 904392
3 837153
3 830952
3 786168
3 943092
3 923355
3 904356
3 839574
3 1025550
3 862272
3 903456
3 918540
3 773415
3 817911
3 866547
3 628029
3 903924
3 796689
3 903276
3 938043
3 762570
3 956736
3 863127
3 892701
3 928467
3 920826
3 909666
3 951849
3 994014
3 858348
3 886275
3 864135
3 808011
3 983772
3 964809
3 880596
3 911844
3 896112
3 936297
3 895833
3 859392
3 826929
3 876186
3 869481
3 789075
3 688842
3 793782
3 607095
3 806067
3 871254
3 910899
3 988218
3 920394
3 901881
3 935199
3 780390
3 899928
3 846153
3 925083
3 888462
3 807426
3 850320
3 858222
3 890064
3 964791
3 866547
3 858339
3 609345
3 959733
3 968562
3 902196
3 887229
3 966465
3 841221
3 997668
3 818937
3 1005651
3 595773
3 649485
3 944478
3 873189
3 926064
3 897066
3 998730
3 963117
3 958419
3 1035324
3 776259
3 785520
3 1043289
3 986247
3 830754
3 976356
3 740169
3 839232
3 779427
3 991890
3 818055
3 955584
3 940590
3 841833
3 837783
3 948600
3 910017
3 968454
3 875835
3 890100
3 963207
3 849933
3 943308
3 946890
3 948600
3 814122
3 917748
3 921249
3 899865
3 918459
3 890541
3 998865
3 974268
3 936306
3 890586
3 943344
3 934326
3 729558
3 796383
3 907218
3 1010304
3 917181
3 945639
3 916542
3 860589
3 913662
3 780408
3 759033
3 737622
3 915975
3 747297
3 680895
3 727578
3 864126
3 864450
3 940833
3 864567
3 705267
3 766683
3 692379
3 892512
3 987651
3 938835
3 994482
3 779544
3 911358
3 1031211
3 966303
3 1039437
3 936729
3 871839
3 846873
3 966231
3 810675
3 996939
3 872262
3 796275
3 959868
3 746199
3 921258
3 848475
3 933462
3 935505
3 860373
3 856665
3 815409
3 678051
3 762957
3 969282
3 938709
3 869562
3 923481
3 928998
3 799794
3 1012203
3 827424
3 1002375
3 901899
3 988074
3 950544
3 793557
3 950490
3 854217
3 937278
3 647010
3 966006
3 771408
3 881694
3 827739
3 924651
3 944361
3 908037
3 924984
3 971442
3 855873
3 947043
3 824859
3 945126
3 844362
3 828900
3 968382
3 911673
3 1001529
3 891063
3 912141
3 802980
3 914166
3 698301
3 966375
3 863586
3 777537
3 935721
3 803448
3 944955
3 926064
3 895635
3 932382
3 964782
3 881514
3 858357
3 820215
3 930195
3 855873
3 908838
3 966519
3 856143
3 964107
3 788940
3 818055
3 843345
3 884673
3 852453
3 816237
3 882756
3 768267
3 682911
3 777636
3 816201
3 946152
3 884745
3 954000
3 927153
3 784863
3 916128
3 973332
3 635922
3 768681
3 757998
3 815427
3 816390
3 1000431
3 935739
3 903987
3 955404
3 972954
3 923616
3 866070
3 725265
3 1008342
3 734436
3 742473
3 788238
3 986112
3 953208
3 892467
3 981333
3 880470
3 775044
3 822906
3 893016
3 771345
3 1011249
3 808011
3 714708
3 730530
3 995634
3 889461
3 762993
3 867042
3 804483
3 927513
3 953928
3 958644
3 887004
3 890883
3 1008360
3 961452
3 735534
3 806697
3 934974
3 714285
3 786861
3 789102
3 868311
3 801990
3 1028205
3 958428
3 862893
3 887796
3 860193
3 913257
3 937350
3 993942
3 914571
3 988686
3 955242
3 834678
3 888660
3 838971
3 1003428
3 937359
3 867744
3 933651
3 831861
