3 594
3 783
3 1485
3 783
3 558
3 756
3 981
3 1341
3 1161
3 450
3 603
3 936
3 783
3 1017
3 792
3 693
3 459
3 927
3 783
3 738
3 756
3 765
3 828
3 1107
3 999
3 774
3 1107
3 909
3 1674
3 1269
3 648
3 837
3 468
3 1035
3 891
3 486
3 1269
3 468
3 1035
3 729
3 954
3 747
3 801
3 873
3 459
3 1224
3 774
3 1044
3 1071
3 945
3 522
3 1080
3 756
3 756
3 504
3 1188
3 747
3 693
3 846
3 1035
3 1062
3 801
3 702
3 1098
3 1413
3 621
3 1458
3 585
3 1035
3 513
3 1296
3 774
3 963
3 1314
3 891
3 918
3 720
3 576
3 1809
3 909
3 468
3 450
3 1260
3 594
3 963
3 540
3 1080
3 954
3 756
3 612
3 585
3 441
3 999
3 891
3 864
3 621
3 1251
3 747
3 585
3 801
3 1305
3 1206
3 369
3 729
3 999
3 891
3 1224
3 909
3 1035
3 1026
3 1089
3 891
3 1305
3 765
3 729
3 783
3 855
3 1053
3 657
3 864
3 459
3 774
3 837
3 630
3 1089
3 1035
3 756
3 1170
3 729
3 954
3 891
3 936
3 1143
3 981
3 783
3 1089
3 990
3 936
3 846
3 999
3 1206
3 648
3 1314
3 612
3 873
3 1332
3 747
3 783
3 1188
3 468
3 792
3 765
3 747
3 999
3 1224
3 1008
3 630
3 738
3 1080
3 900
3 747
3 1062
3 792
3 711
3 594
3 855
3 765
3 1296
3 1656
3 630
3 909
3 1629
3 873
3 1044
3 855
3 621
3 513
3 1062
3 1737
3 990
3 783
3 675
3 1314
3 837
3 828
3 585
3 900
3 558
3 513
3 999
3 1008
3 738
3 729
3 918
3 729
3 738
3 1287
3 1215
3 927
3 450
3 873
3 945
3 504
3 783
3 972
3 1269
3 1062
3 846
3 1224
3 990
3 972
3 1395
3 450
3 774
3 792
3 855
3 837
3 801
3 1215
3 684
3 864
3 1035
3 504
3 1026
3 1107
3 666
3 1125
3 711
3 936
3 1044
3 990
3 999
3 585
3 531
3 1080
3 855
3 459
3 603
3 936
3 855
3 981
3 801
3 936
3 1134
3 720
3 630
3 819
3 882
3 864
3 1089
3 792
3 1179
3 945
3 945
3 1989
3 1071
3 765
3 486
3 738
3 1215
3 873
3 1107
3 846
3 981
3 1575
3 756
3 459
3 630
3 819
3 1107
3 1197
3 1287
3 756
3 666
3 891
3 675
3 972
3 756
3 540
3 945
3 513
3 783
3 567
3 1341
3 1305
3 594
3 792
3 747
3 1026
3 756
3 954
3 1008
3 774
3 549
3 612
3 1305
3 630
3 1071
3 675
3 1368
3 1044
3 369
3 747
3 1053
3 1233
3 990
3 765
3 612
3 1044
3 477
3 801
3 549
3 1575
3 837
3 909
3 711
3 1107
3 810
3 954
3 792
3 1044
3 720
3 909
3 1089
3 459
3 1035
3 1035
3 495
3 1872
3 1296
3 468
3 882
3 774
3 927
3 945
3 1386
3 1125
3 1314
3 963
3 711
3 459
3 1872
3 1053
3 954
3 783
3 612
3 369
3 1071
3 621
3 378
3 927
3 522
3 720
3 1206
3 1170
3 1188
3 873
3 927
3 1494
3 918
3 1179
3 945
3 918
3 846
3 612
3 1062
3 756
3 774
3 1503
3 1071
3 630
3 963
3 657
3 1017
3 540
3 630
3 846
3 675
3 1251
3 684
3 909
3 1071
3 1071
3 486
3 729
3 450
3 1260
3 891
3 693
3 918
3 1053
3 1116
3 1242
3 918
3 549
3 1152
3 765
3 891
3 738
3 603
3 558
3 1251
3 1098
3 684
3 1206
3 828
3 945
3 576
3 1098
3 711
3 378
3 450
3 945
3 1053
3 981
3 918
3 432
3 846
3 756
3 1044
3 1008
3 603
3 1098
3 630
3 720
3 783
3 1386
3 1548
3 747
3 1035
3 720
3 828
3 1179
3 1305
3 1188
3 765
3 720
3 927
3 828
3 3420
3 927
3 756
3 936
3 1026
3 1224
3 1170
3 873
3 1557
3 1332
3 1755
3 774
3 558
3 666
3 1071
3 774
3 711
3 1089
3 1089
3 612
3 1035
3 459
3 495
3 909
3 738
3 522
3 909
3 783
3 666
3 720
3 792
3 873
3 1062
3 936
3 1197
3 1062
3 774
3 603
3 765
3 918
3 657
3 810
3 684
3 747
3 1116
3 1206
3 2583
3 1062
3 1287
3 756
3 1170
3 1071
3 1008
3 603
3 792
3 1044
3 963
3 738
3 900
3 585
3 1251
3 990
3 1062
3 729
3 477
3 1044
3 891
3 1224
3 1098
3 675
3 1557
3 846
3 828
3 1188
3 522
3 1197
3 594
3 972
3 1197
3 765
3 729
3 756
3 1215
3 378
3 549
3 954
3 936
3 675
3 1062
3 468
3 1350
3 585
3 1017
3 2313
3 918
3 1350
3 837
3 621
3 1197
3 1809
3 846
3 909
3 558
3 1440
3 576
3 972
3 963
3 1044
3 864
3 1134
3 1170
3 927
3 1800
3 450
3 378
3 738
3 729
3 864
3 738
3 918
3 945
3 504
3 693
3 783
3 1494
3 1107
3 684
3 711
3 594
3 1296
3 729
3 594
3 747
3 747
3 1053
3 414
3 855
3 720
3 828
3 990
3 1143
3 1233
3 792
3 927
3 864
3 531
3 1035
3 540
3 567
3 756
3 2358
3 1071
3 1170
3 999
3 1098
3 1503
3 1242
3 1044
3 1143
3 954
3 810
3 1179
3 738
3 1080
3 1062
3 666
3 1035
3 1017
3 846
3 594
3 1134
3 1206
3 729
3 585
3 909
3 864
3 567
3 855
3 1026
3 432
3 567
3 621
3 765
3 810
3 891
3 1179
3 828
3 594
3 1125
3 873
3 765
3 990
3 1224
3 639
3 531
3 684
3 918
3 1278
3 1593
3 774
3 819
3 972
3 630
3 765
3 1206
3 972
3 1080
3 855
3 918
3 1053
3 738
3 738
3 1071
3 963
3 1494
3 432
3 873
3 1503
3 945
3 486
3 1080
3 855
3 522
3 927
3 1359
3 828
3 972
3 936
3 549
3 1053
3 1170
3 1035
3 810
3 594
3 864
3 450
3 621
3 846
3 729
3 747
3 909
3 738
3 1269
3 846
3 891
3 1044
3 1116
3 1053
3 432
3 1179
3 765
3 621
3 999
3 909
3 441
3 738
3 936
3 873
3 828
3 720
3 585
3 702
3 639
3 468
3 783
3 909
3 1179
3 378
3 747
3 873
3 900
3 459
3 1161
3 765
3 612
3 1179
3 891
3 981
3 1206
3 900
3 918
3 1989
3 945
3 1080
3 630
3 720
3 1161
3 1134
3 459
3 432
3 2124
3 630
3 1170
3 729
3 738
3 963
3 1017
3 981
3 1071
3 738
3 738
3 1062
3 864
3 783
3 819
3 738
3 1296
3 936
3 720
3 1242
3 612
3 729
3 531
3 639
3 738
3 792
3 423
3 774
3 918
3 765
3 702
3 828
3 963
3 1197
3 1098
3 783
3 648
3 927
3 1143
3 810
3 450
3 1197
3 972
3 756
3 810
3 1026
3 729
3 486
3 828
3 999
3 765
3 549
3 666
3 1395
3 396
3 729
3 873
3 783
3 630
3 1062
3 1179
3 1269
3 1062
3 999
3 801
3 1008
3 909
3 963
3 1332
3 729
3 918
3 1008
3 990
3 936
3 720
3 1233
3 468
3 810
3 945
3 1143
3 1485
3 468
3 1242
3 909
3 954
3 927
3 900
3 729
3 1287
3 1053
3 1098
3 765
3 1107
3 693
3 1485
3 729
3 720
3 738
3 468
3 783
3 1053
3 927
3 1233
3 1980
3 1080
3 936
3 1008
3 927
3 927
3 378
3 1197
3 486
3 1089
3 936
3 765
3 621
3 693
3 576
3 819
3 954
3 963
3 918
3 639
3 504
3 729
3 1422
3 711
3 999
3 1071
3 1332
3 1071
3 1251
3 675
3 765
3 765
3 657
3 621
3 423
3 1071
3 621
3 585
3 891
3 1161
3 882
3 1467
3 513
3 1215
3 765
3 657
3 1197
3 873
3 801
3 954
3 891
3 909
3 387
3 1197
3 459
3 936
3 612
3 720
3 738
3 1062
3 594
3 774
3 1629
3 1197
3 612
3 531
3 531
3 540
3 774
3 702
3 495
3 1197
3 468
3 630
3 495
3 603
3 756
3 837
3 1197
3 1215
3 1089
3 990
3 432
3 648
3 1215
3 981
3 729
3 1242
3 792
3 909
3 900
3 1080
3 1170
3 486
3 387
3 765
3 1197
3 918
3 1170
3 1467
3 1233
3 1053
3 612
3 747
3 774
3 909
3 963
3 621
3 1008
3 1251
3 873
3 702
3 423
3 972
3 837
3 594
3 369
3 765
3 504
3 855
3 945
3 765
3 531
3 1287
3 954
3 1080
3 1062
3 963
3 621
3 891
3 1260
3 738
3 1917
3 909
3 630
3 846
3 747
3 1152
3 837
3 855
3 1152
3 801
3 819
3 756
3 972
3 711
3 1332
3 747
3 999
3 999
3 783
3 765
3 756
3 1071
3 729
3 1269
3 1071
3 756
3 1494
3 729
3 702
3 819
3 954
3 1386
3 1134
3 774
3 1008
3 378
3 567
3 927
3 954
3 1098
3 585
3 1485
3 585
3 1260
3 837
3 1503
3 738
3 801
3 846
3 999
3 1278
3 1260
3 954
3 720
3 774
3 909
3 1044
3 549
3 1161
3 837
3 1134
3 603
3 963
3 828
3 828
3 927
3 936
3 792
3 729
3 1845
3 1404
3 612
3 684
3 954
3 531
3 999
3 594
3 1071
3 918
3 468
3 1008
3 1476
3 765
3 1224
3 882
3 585
3 1170
3 720
3 684
3 513
3 1782
3 450
3 936
3 747
3 864
3 1161
3 1422
3 963
3 621
3 1053
3 1134
3 990
3 477
3 1188
3 783
3 576
3 612
3 720
3 513
3 1062
3 1215
3 450
3 1413
3 990
3 891
3 1053
3 729
3 1071
3 1233
3 1125
3 441
3 1260
3 1260
3 990
3 747
3 621
3 1539
3 1350
3 747
3 486
3 684
3 783
3 999
3 639
3 900
3 756
3 972
3 639
3 954
3 1242
3 1197
3 693
3 864
3 1053
3 774
3 567
3 810
3 1197
3 729
3 1215
3 1206
3 432
3 936
3 1098
3 774
3 1098
3 981
3 1278
3 927
3 855
3 819
3 1602
3 423
3 720
3 738
3 891
3 981
3 1179
3 765
3 477
3 981
3 846
3 387
3 648
3 423
3 1017
3 684
3 486
3 1278
3 1674
3 765
3 828
3 918
3 765
3 1377
3 819
3 1062
3 1053
3 855
3 936
3 882
3 756
3 693
3 549
3 1224
3 522
3 936
3 612
3 387
3 1017
3 909
3 918
3 675
3 1107
3 612
3 801
3 1098
3 621
3 1098
3 495
3 1089
3 828
3 756
3 927
3 1017
3 603
3 549
3 855
3 630
3 900
3 1197
3 747
3 684
3 1017
3 837
3 639
3 720
3 1053
3 630
3 846
3 612
3 1044
3 1224
3 837
3 927
3 855
3 729
3 720
3 1062
3 1026
3 954
3 720
3 972
3 729
3 693
3 450
3 873
3 1044
3 936
3 801
3 621
3 864
3 801
3 513
3 846
3 963
3 1080
3 747
3 774
3 909
3 567
3 765
3 729
3 837
3 747
3 936
3 585
3 1269
3 1107
3 648
3 828
3 1053
3 684
3 1512
3 540
3 774
3 594
3 1098
3 585
3 846
3 1269
3 945
3 864
3 873
3 756
3 468
3 747
3 2259
3 1773
3 621
3 702
3 810
3 684
3 1116
3 909
3 855
3 630
3 882
3 657
3 630
3 873
3 1116
3 585
3 1206
3 1089
3 1053
3 414
3 531
3 846
3 819
3 711
3 477
3 1278
3 1233
3 432
3 801
3 963
3 909
3 765
3 837
3 936
3 900
3 1116
3 936
3 1044
3 513
3 747
3 459
3 963
3 1089
3 702
3 837
3 918
3 1179
3 747
3 1071
3 1035
3 450
3 963
3 612
3 621
3 873
3 918
3 729
3 1215
3 423
3 1512
3 522
3 747
3 423
3 783
3 738
3 729
3 747
3 702
3 1242
3 873
3 981
3 1206
3 837
3 828
3 729
3 891
3 1008
3 738
3 729
3 909
3 1548
3 1503
3 549
3 1125
3 594
3 738
3 747
3 738
3 1224
3 684
3 936
3 747
3 765
3 1143
3 1062
3 441
3 729
3 792
3 882
3 441
3 774
3 999
3 603
3 747
3 621
3 1845
3 1026
3 720
3 1269
3 684
3 936
3 1080
3 1161
3 828
3 891
3 1116
3 1323
3 864
3 837
3 1089
3 387
3 468
3 1071
3 792
3 1116
3 882
3 747
3 459
3 891
3 450
3 846
3 864
3 981
3 909
3 1467
3 747
3 936
3 864
3 846
3 531
3 729
3 576
3 828
3 1215
3 927
3 954
3 1098
3 936
3 693
3 810
3 1035
3 855
3 1044
3 855
3 891
3 612
3 1053
3 504
3 693
3 891
3 1404
3 936
3 738
3 819
3 927
3 1791
3 1179
3 621
3 900
3 765
3 657
3 1017
3 855
3 1071
3 630
3 1062
3 486
3 1035
3 909
3 711
3 495
3 1053
3 972
3 1044
3 378
3 792
3 972
3 810
3 738
3 1413
3 954
3 828
3 882
3 459
3 684
3 1017
3 1422
3 1197
3 738
3 999
3 1008
3 855
3 1152
3 972
3 855
3 828
3 657
3 927
3 1071
3 918
3 1071
3 621
3 540
3 873
3 1197
3 675
3 954
3 828
3 810
3 621
3 990
3 756
3 1242
3 972
3 1071
3 747
3 1206
3 828
3 621
3 810
3 603
3 450
3 666
3 1080
3 1107
3 1548
3 720
3 1044
3 927
3 990
3 801
3 1314
3 1188
3 1296
3 927
3 711
3 441
3 747
3 1206
3 900
3 684
3 729
3 1242
3 900
3 774
3 819
3 1125
3 855
3 1143
3 1071
3 1044
3 585
3 1305
3 486
3 864
3 1080
3 576
3 684
3 1188
3 1062
3 585
3 486
3 855
3 936
3 1017
3 558
3 1206
3 1197
3 1215
3 459
3 486
3 1116
3 1098
3 981
3 873
3 900
3 864
3 1026
3 486
3 909
3 702
3 972
3 639
3 828
3 378
3 1575
3 927
3 441
3 666
3 765
3 684
3 990
3 945
3 1161
3 765
3 441
3 450
3 1098
3 909
3 945
3 774
3 999
3 1062
3 918
3 1251
3 657
3 990
3 702
3 1197
3 1161
3 1530
3 1179
3 990
3 855
3 693
3 738
3 828
3 549
3 963
3 684
3 612
3 450
3 729
3 567
3 963
3 810
3 945
3 468
3 1089
3 756
3 1854
3 531
3 891
3 1233
3 765
3 1017
3 477
3 765
3 1089
3 378
3 594
3 918
3 837
3 603
3 594
3 459
3 729
3 594
3 1062
3 918
3 621
3 1170
3 756
3 810
3 1026
3 1026
3 900
3 882
3 855
3 693
3 882
3 756
3 891
3 1071
3 531
3 792
3 1089
3 585
3 378
3 756
3 1692
3 1350
3 477
3 1071
3 1206
3 675
3 738
3 576
3 936
3 747
3 540
3 378
3 720
3 1206
3 1035
3 1143
3 945
3 765
3 1260
3 666
3 369
3 1431
3 1296
3 783
3 909
3 603
3 1170
3 945
3 972
3 1125
3 765
3 1206
3 711
3 549
3 639
3 648
3 1584
3 558
3 945
3 819
3 1062
3 891
3 819
3 720
3 1197
3 936
3 1197
3 972
3 369
3 648
3 729
3 684
3 693
3 396
3 486
3 855
3 468
3 513
3 1017
3 864
3 567
3 729
3 729
3 927
3 1053
3 450
3 1512
3 756
3 594
3 702
3 756
3 1359
3 909
3 954
3 837
3 1242
3 1485
3 675
3 576
3 891
3 1161
3 792
3 909
3 999
3 927
3 792
3 1035
3 1485
3 1080
3 1026
3 936
3 1008
3 747
3 675
3 1260
3 1188
3 1287
3 1197
3 963
3 801
3 1278
3 1422
3 1215
3 513
3 612
3 918
3 765
3 837
3 954
3 468
3 828
3 1323
3 729
3 1053
3 1134
3 450
3 414
3 612
3 1161
3 864
3 1764
3 1116
3 900
3 774
3 1332
3 1080
3 945
3 540
3 1026
3 846
3 1233
3 1188
3 747
3 549
3 909
3 477
3 873
3 747
3 1071
3 990
3 1179
3 1098
3 900
3 369
3 918
3 747
3 936
3 1521
3 441
3 981
3 1107
3 450
3 1017
3 675
3 1224
3 747
3 477
3 963
3 1008
3 1368
3 1017
3 882
3 1071
3 621
3 792
3 954
3 1170
3 837
3 594
3 1044
3 990
3 531
3 720
3 936
3 378
3 792
3 1269
3 1215
3 1215
3 927
3 612
3 531
3 1224
3 729
3 513
3 738
3 1881
3 927
3 792
3 504
3 702
3 639
3 558
3 765
3 666
3 1386
3 801
3 792
3 1872
3 702
3 792
3 756
3 819
3 1125
3 882
3 972
3 675
3 1215
3 1053
3 963
3 819
3 1215
3 999
3 522
3 945
3 1008
3 738
3 1035
3 729
3 837
3 459
3 468
3 369
3 756
3 1044
3 774
3 729
3 720
3 918
3 918
3 1098
3 540
3 738
3 630
3 1080
3 1188
3 1494
3 747
3 774
3 900
3 1269
3 1818
3 963
3 1080
3 873
3 756
3 981
3 963
3 468
3 747
3 1242
3 792
3 1521
3 1251
3 909
3 1008
3 945
3 918
3 945
3 909
3 999
3 927
3 693
3 513
3 387
3 765
3 1107
3 378
3 540
3 909
3 378
3 900
3 873
3 504
3 927
3 1017
3 531
3 936
3 747
3 540
3 621
3 504
3 927
3 1197
3 720
3 837
3 918
3 900
3 1089
3 747
3 603
3 594
3 1422
3 603
3 783
3 1035
3 441
3 1179
3 459
3 1647
3 990
3 891
3 828
3 999
3 720
3 1341
3 1215
3 1008
3 918
3 990
3 459
3 819
3 1080
3 1584
3 990
3 1098
3 639
3 702
3 783
3 774
3 981
3 1224
3 720
3 747
3 963
3 1053
3 954
3 909
3 981
3 720
3 954
3 558
3 1134
3 774
3 396
3 999
3 648
3 1062
3 819
3 378
3 1665
3 558
3 1251
3 927
3 747
3 1107
3 1287
3 1188
3 441
3 468
3 720
3 675
3 990
3 1170
3 909
3 918
3 540
3 990
3 720
3 711
3 1251
3 765
3 540
3 1206
3 918
3 720
3 936
3 1206
3 909
3 738
3 702
3 990
3 936
3 603
3 1197
3 954
3 567
3 783
3 603
3 900
3 693
3 738
3 963
3 648
3 720
3 1152
3 693
3 603
3 729
3 1044
3 594
3 1224
3 1269
3 828
3 1161
3 1179
3 450
3 378
3 927
3 990
3 891
3 918
3 1224
3 891
3 900
3 819
3 549
3 954
3 909
3 1116
3 765
3 738
3 711
3 936
3 693
3 882
3 1233
3 675
3 927
3 1197
3 1089
3 1791
3 720
3 1053
3 594
3 1017
3 945
3 756
3 864
3 1584
3 1827
3 765
3 783
3 756
3 504
3 1053
3 1071
3 981
3 882
3 963
3 810
3 1125
3 1215
3 423
3 1026
3 1062
3 432
3 1062
3 1179
3 756
3 738
3 1242
3 720
3 1062
3 594
3 1143
3 810
3 900
3 738
3 1251
3 639
3 864
3 756
3 513
3 828
3 918
3 369
3 792
3 1017
3 747
3 990
3 972
3 711
3 576
3 1017
3 981
3 720
3 918
3 630
3 675
3 1080
3 909
3 891
3 909
3 432
3 963
3 711
3 1017
3 729
3 621
3 558
3 1071
3 1350
3 927
3 720
3 504
3 747
3 1224
3 954
3 594
3 486
3 819
3 945
3 810
3 819
3 450
3 657
3 567
3 774
3 936
3 1116
3 594
3 837
3 720
3 945
3 873
3 990
3 720
3 945
3 927
3 1602
3 729
3 648
3 927
3 738
3 747
3 981
3 774
3 918
3 1449
3 1134
3 963
3 522
3 1350
3 1233
3 1107
3 864
3 720
3 945
3 747
3 873
3 927
3 1035
3 468
3 828
3 738
3 450
3 693
3 783
3 720
3 1242
3 630
3 990
3 729
3 396
3 1053
3 720
3 756
3 576
3 369
3 549
3 1107
3 972
3 747
3 513
3 1170
3 1044
3 702
3 828
3 522
3 1161
3 612
3 639
3 567
3 1143
3 531
3 846
3 720
3 1008
3 1134
3 432
3 1107
3 621
3 1314
3 1278
3 720
3 675
3 756
3 801
3 1017
3 1215
3 1188
3 513
3 720
3 621
3 990
3 594
3 900
3 1089
3 513
3 1008
3 1440
3 1206
3 1017
3 1242
3 837
3 522
3 720
3 1206
3 1395
3 774
3 738
3 1053
3 1971
3 1485
3 1161
3 1260
3 423
3 801
3 864
3 540
3 702
3 621
3 918
3 693
3 729
3 702
3 1161
3 846
3 882
3 873
3 756
3 657
3 387
3 891
3 729
3 945
3 1557
3 576
3 1242
3 747
3 567
3 1161
3 549
3 864
3 738
3 711
3 693
3 729
3 576
3 1296
3 1728
3 1197
3 1422
3 927
3 711
3 972
3 504
3 675
3 783
3 918
3 900
3 999
3 450
3 747
3 1098
3 369
3 945
3 873
3 621
3 630
3 747
3 1026
3 765
3 630
3 1062
3 621
3 567
3 630
3 1584
3 909
3 918
3 882
3 1062
3 1269
3 1044
3 927
3 1656
3 801
3 477
3 972
3 891
3 1026
3 702
3 828
3 900
3 954
3 864
3 1161
3 684
3 1215
3 936
3 1350
3 1116
3 1053
3 720
3 1125
3 765
3 756
3 621
3 999
3 1188
3 1071
3 990
3 783
3 927
3 729
3 387
3 1269
3 1080
3 477
3 1179
3 549
3 738
3 783
3 909
3 963
3 1026
3 1179
3 657
3 738
3 630
3 1089
3 711
3 1224
3 774
3 612
3 738
3 1143
3 765
3 1008
3 945
3 729
3 1233
3 945
3 1125
3 387
3 387
3 1260
3 837
3 1665
3 1224
3 1278
3 630
3 1197
3 603
3 720
3 1107
3 918
3 675
3 882
3 1359
3 900
3 747
3 1017
3 1188
3 693
3 468
3 729
3 567
3 972
3 1224
3 756
3 918
3 1197
3 693
3 1143
3 747
3 783
3 1215
3 612
3 603
3 648
3 801
3 1458
3 1179
3 1494
3 756
3 1035
3 837
3 765
3 774
3 972
3 909
3 1197
3 1017
3 855
3 1836
3 765
3 603
3 972
3 468
3 720
3 630
3 630
3 936
3 747
3 684
3 630
3 720
3 1287
3 981
3 702
3 630
3 1251
3 792
3 720
3 792
3 531
3 972
3 918
3 990
3 765
3 729
3 1323
3 378
3 1125
3 882
3 747
3 819
3 1242
3 927
3 1260
3 1017
3 747
3 720
3 441
3 576
3 567
3 1395
3 873
3 801
3 1161
3 495
3 873
3 765
3 1287
3 963
3 774
3 882
3 432
3 747
3 1080
3 1152
3 954
3 459
3 891
3 585
3 702
3 1188
3 837
3 459
3 1305
3 909
3 1098
3 576
3 963
3 846
3 1044
3 918
3 639
3 729
3 1386
3 1458
3 855
3 603
3 576
3 909
3 747
3 972
3 2034
3 765
3 864
3 846
3 1098
3 1962
3 738
3 855
3 1035
3 1647
3 486
3 594
3 873
3 1053
3 729
3 756
3 765
3 873
3 423
3 1161
3 576
3 900
3 1071
3 1116
3 855
3 1107
3 945
3 936
3 1242
3 900
3 756
3 963
3 540
3 1062
3 1215
3 1179
3 513
3 1368
3 612
3 738
3 846
3 1053
3 1368
3 585
3 1323
3 1008
3 1017
3 846
3 1071
3 738
3 819
3 774
3 729
3 432
3 495
3 1161
3 918
3 594
3 864
3 1170
3 1233
3 594
3 1161
3 558
3 603
3 1071
3 1017
3 1260
3 612
3 1260
3 756
3 549
3 918
3 1251
3 855
3 1017
3 1125
3 828
3 747
3 1188
3 558
3 1143
3 945
3 954
3 531
3 468
3 1062
3 594
3 765
3 585
3 765
3 774
3 1215
3 1206
3 693
3 981
3 855
3 837
3 612
3 927
3 684
3 918
3 900
3 1665
3 1116
3 765
3 738
3 846
3 1305
3 1314
3 1233
3 1161
3 1422
3 630
3 963
3 1188
3 963
3 1530
3 693
3 963
3 1107
3 891
3 603
3 729
3 1161
3 522
3 1458
3 891
3 1854
3 774
3 1116
3 981
3 711
3 1827
3 837
3 819
3 495
3 936
3 1152
3 747
3 1296
3 819
3 774
3 963
3 1287
3 1116
3 828
3 648
3 837
3 837
3 1035
3 2007
3 1179
3 522
3 531
3 1224
3 828
3 477
3 639
3 819
3 711
3 594
3 1233
3 648
3 1494
3 1188
3 927
3 972
3 747
3 1008
3 513
3 1143
3 432
3 909
3 963
3 1242
3 1188
3 720
3 927
3 846
3 1179
3 1008
3 720
3 1809
3 927
3 918
3 1080
3 1089
3 612
3 1071
3 684
3 981
3 3276
3 1206
3 1215
3 720
3 783
3 747
3 477
3 1035
3 1566
3 1341
3 1161
3 891
3 1080
3 729
3 927
3 765
3 1674
3 837
3 738
3 1125
3 1053
3 666
3 927
3 1188
3 891
3 1305
3 765
3 999
3 495
3 792
3 1080
3 1179
3 747
3 864
3 1188
3 1818
3 1566
3 1008
3 1035
3 1161
3 594
3 1206
3 1107
3 1044
3 1206
3 936
3 837
3 1071
3 1224
3 729
3 441
3 801
3 1071
3 828
3 630
3 513
3 1053
3 459
3 864
3 882
3 747
3 729
3 819
3 729
3 1197
3 1170
3 738
3 909
3 720
3 378
3 612
3 1125
3 1107
3 585
3 702
3 999
3 918
3 531
3 864
3 1206
3 810
3 387
3 1062
3 450
3 828
3 720
3 738
3 1530
3 864
3 630
3 1035
3 963
3 1125
3 747
3 513
3 720
3 1026
3 693
3 720
3 891
3 540
3 441
3 918
3 1206
3 1215
3 531
3 675
3 738
3 675
3 558
3 1053
3 1161
3 1044
3 891
3 540
3 720
3 1449
3 765
3 1044
3 936
3 756
3 603
3 1188
3 972
3 1008
3 441
3 567
3 648
3 792
3 765
3 693
3 738
3 756
3 927
3 1125
3 891
3 837
3 1647
3 954
3 522
3 1026
3 1116
3 891
3 594
3 963
3 738
3 1206
3 1044
3 909
3 747
3 927
3 756
3 1134
3 846
3 621
3 459
3 1179
3 1125
3 369
3 891
3 1080
3 1062
3 855
3 972
3 900
3 1341
3 747
3 729
3 945
3 819
3 774
3 891
3 666
3 828
3 1107
3 783
3 477
3 936
3 783
3 1314
3 594
3 450
3 1143
3 936
3 1557
3 630
3 477
3 1233
3 1215
3 765
3 720
3 738
3 576
3 1188
3 972
3 1017
3 711
3 675
3 1062
3 981
3 630
3 1080
3 729
3 981
3 1044
3 1251
3 558
3 873
3 1179
3 1359
3 1107
3 594
3 603
3 1017
3 729
3 783
3 1062
3 1017
3 1242
3 738
3 891
3 972
3 774
3 945
3 648
3 774
3 1161
3 774
3 684
3 918
3 747
3 702
3 1080
3 1170
3 891
3 801
3 846
3 1008
3 1206
3 432
3 1143
3 1206
3 720
3 477
3 765
3 1089
3 693
3 1566
3 1008
3 1215
3 594
3 1098
3 594
3 1134
3 1044
3 783
3 1179
3 1071
3 1314
3 801
3 486
3 477
3 594
3 918
3 459
3 675
3 1224
3 828
3 1035
3 945
3 864
3 459
3 990
3 765
3 630
3 819
3 882
3 576
3 972
3 783
3 1152
3 1098
3 747
3 360
3 702
3 1035
3 801
3 828
3 639
3 891
3 1503
3 1269
3 666
3 891
3 873
3 999
3 1215
3 990
3 756
3 1107
3 1080
3 1440
3 774
3 999
3 1197
3 1008
3 477
3 936
3 558
3 801
3 972
3 774
3 1179
3 909
3 918
3 774
3 756
3 1080
3 1404
3 657
3 954
3 738
3 1062
3 738
3 765
3 747
3 729
3 693
3 729
3 666
3 801
3 927
3 693
3 828
3 1224
3 999
3 603
3 1395
3 873
3 828
3 873
3 1260
3 1287
3 576
3 927
3 729
3 954
3 1188
3 954
3 1080
3 882
3 684
3 945
3 747
3 459
3 747
3 1071
3 729
3 1161
3 693
3 1053
3 486
3 684
3 810
3 999
3 2124
3 1107
3 765
3 747
3 549
3 720
3 1467
3 513
3 1071
3 1215
3 1539
3 729
3 819
3 1170
3 486
3 594
3 909
3 522
3 1026
3 486
3 1098
3 1656
3 945
3 756
3 369
3 1512
3 1404
3 756
3 756
3 729
3 756
3 882
3 864
3 819
3 1080
3 2250
3 603
3 765
3 1098
3 810
3 963
3 864
3 1503
3 765
3 2097
3 477
3 972
3 720
3 855
3 1026
3 828
3 621
3 738
3 927
3 729
3 819
3 972
3 1476
3 909
3 828
3 486
3 1179
3 1296
3 1044
3 1035
3 1737
3 756
3 1116
3 747
3 504
3 882
3 891
3 729
3 1107
3 666
3 738
3 693
3 954
3 594
3 1233
3 927
3 666
3 882
3 1638
3 1062
3 936
3 711
3 918
3 1125
3 1053
3 630
3 729
3 954
3 918
3 1026
3 630
3 711
3 450
3 576
3 477
3 783
3 468
3 477
3 657
3 990
3 522
3 954
3 882
3 1071
3 630
3 2043
3 738
3 900
3 1017
3 711
3 756
3 1206
3 639
3 522
3 675
3 864
3 567
3 1206
3 729
3 846
3 1044
3 801
3 1260
3 900
3 756
3 738
3 756
3 522
3 486
3 1017
3 711
3 783
3 432
3 828
3 729
3 1197
3 558
3 990
3 486
3 684
3 1170
3 855
3 459
3 1170
3 1251
3 1296
3 1449
3 711
3 900
3 927
3 1350
3 918
3 378
3 585
3 981
3 1107
3 1296
3 1044
3 738
3 729
3 1197
3 612
3 801
3 999
3 954
3 819
3 918
3 1053
3 1107
3 468
3 666
3 819
3 612
3 783
3 612
3 747
3 594
3 1089
3 1692
3 603
3 1026
3 684
3 549
3 756
3 1080
3 828
3 765
3 1224
3 855
3 486
3 720
3 999
3 837
3 1323
3 702
3 972
3 1080
3 639
3 1071
3 1809
3 819
3 612
3 801
3 414
3 756
3 1017
3 1521
3 837
3 585
3 1854
3 1314
3 1107
3 1548
3 531
3 441
3 756
3 1125
3 882
3 1629
3 612
3 927
3 1035
3 801
3 954
3 1224
3 1053
3 873
3 612
3 720
3 1044
3 729
3 810
3 540
3 765
3 954
3 927
3 1359
3 1206
3 828
3 846
3 693
3 1188
3 1278
3 468
3 846
3 783
3 585
3 432
3 711
3 1008
3 1080
3 1269
3 2205
3 720
3 756
3 576
3 774
3 1107
3 1116
3 774
3 738
3 1062
3 486
3 882
3 909
3 1206
3 1008
3 1116
3 828
3 594
3 729
3 1224
3 774
3 1683
3 1107
3 891
3 639
3 666
3 936
3 747
3 747
3 990
3 522
3 504
3 927
3 468
3 702
3 873
3 585
3 1485
3 918
3 891
3 693
3 900
3 765
3 1107
3 1215
3 828
3 1476
3 594
3 1071
3 1233
3 1512
3 873
3 639
3 1044
3 468
3 1278
3 1035
3 702
3 1152
3 1062
3 873
3 738
3 720
3 558
3 738
3 828
3 891
3 2133
3 1044
3 1035
3 765
3 1314
3 1062
3 864
3 927
3 729
3 1089
3 738
3 657
3 1323
3 729
3 567
3 441
3 720
3 549
3 450
3 945
3 837
3 828
3 531
3 639
3 684
3 972
3 891
3 1296
3 585
3 1584
3 747
3 999
3 441
3 1188
3 801
3 1044
3 711
3 1116
3 765
3 576
3 909
3 720
3 1071
3 1053
3 954
3 729
3 774
3 819
3 927
3 693
3 468
3 729
3 1512
3 774
3 882
3 927
3 558
3 1098
3 648
3 765
3 765
3 963
3 594
3 873
3 711
3 522
3 486
3 684
3 2043
3 801
3 927
3 765
3 837
3 1206
3 819
3 927
3 927
3 864
3 450
3 468
3 1629
3 981
3 828
3 936
3 450
3 450
3 1152
3 702
3 459
3 603
3 1251
3 1485
3 711
3 1053
3 909
3 1548
3 792
3 711
3 954
3 927
3 711
3 1521
3 531
3 486
3 504
3 927
3 1188
3 765
3 738
3 450
3 1233
3 1143
3 1215
3 729
3 774
3 1269
3 783
3 990
3 909
3 1152
3 666
3 666
3 765
3 468
3 1260
3 486
3 918
3 423
3 1278
3 1332
3 999
3 774
3 549
3 1476
3 522
3 954
3 558
3 477
3 549
3 909
3 1548
3 927
3 873
3 981
3 1179
3 720
3 1053
3 1080
3 630
3 1080
3 900
3 756
3 846
3 1116
3 1107
3 639
3 621
3 999
3 468
3 909
3 846
3 1440
3 855
3 1008
3 486
3 567
3 900
3 1215
3 999
3 2151
3 585
3 486
3 1026
3 882
3 693
3 738
3 540
3 540
3 612
3 603
3 1026
3 1620
3 918
3 1260
3 945
3 909
3 540
3 1125
3 1224
3 468
3 909
3 819
3 1026
3 990
3 747
3 1053
3 783
3 828
3 756
3 891
3 1017
3 756
3 1314
3 873
3 765
3 594
3 963
3 963
3 747
3 603
3 522
3 918
3 891
3 639
3 756
3 702
3 1143
3 657
3 828
3 765
3 1287
3 738
3 873
3 1044
3 1278
3 495
3 936
3 1008
3 756
3 1008
3 774
3 990
3 819
3 828
3 1206
3 1368
3 954
3 648
3 1512
3 882
3 1008
3 1251
3 738
3 2295
3 1494
3 936
3 1242
3 585
3 747
3 1215
3 720
3 1593
3 1836
3 918
3 711
3 531
3 1098
3 1080
3 1026
3 1278
3 873
3 738
3 819
3 540
3 684
3 765
3 1035
3 1287
3 729
3 774
3 945
3 846
3 720
3 810
3 936
3 1224
3 945
3 603
3 1062
3 1062
3 765
3 639
3 378
3 594
3 999
3 963
3 891
3 909
3 585
3 1215
3 936
3 522
3 1170
3 1044
3 1188
3 378
3 837
3 432
3 783
3 1224
3 1305
3 1485
3 1260
3 603
3 567
3 720
3 1854
3 1089
3 747
3 801
3 1233
3 747
3 684
3 468
3 1098
3 792
3 900
3 711
3 999
3 711
3 594
3 774
3 477
3 423
3 1368
3 747
3 792
3 603
3 810
3 873
3 693
3 1170
3 909
3 495
3 738
3 855
3 594
3 945
3 621
3 909
3 918
3 846
3 450
3 711
3 603
3 882
3 1044
3 729
3 918
3 927
3 1044
3 738
3 846
3 927
3 918
3 729
3 765
3 1116
3 855
3 882
3 711
3 936
3 450
3 981
3 999
3 495
3 765
3 945
3 828
3 585
3 801
3 486
3 756
3 1251
3 1629
3 729
3 1035
3 936
3 981
3 882
3 990
3 1116
3 1080
3 864
3 765
3 918
3 1332
3 891
3 1278
3 819
3 738
3 684
3 1008
3 450
3 981
3 936
3 891
3 1080
3 972
3 738
3 873
3 666
3 603
3 1170
3 900
3 1305
3 720
3 909
3 477
3 1026
3 450
3 783
3 702
3 1098
3 1242
3 1224
3 684
3 837
3 819
3 765
3 1602
3 783
3 513
3 1476
3 963
3 1359
3 900
3 936
3 990
3 738
3 450
3 1377
3 378
3 909
3 1494
3 1224
3 1017
3 936
3 900
3 1053
3 576
3 549
3 1071
3 1017
3 1017
3 918
3 855
3 1080
3 540
3 720
3 1494
3 630
3 729
3 549
3 459
3 909
3 864
3 864
3 1341
3 936
3 819
3 630
3 1296
3 1260
3 612
3 873
3 1017
3 1332
3 774
3 837
3 1323
3 837
3 918
3 486
3 630
3 828
3 954
3 810
3 621
3 1161
3 747
3 1251
3 531
3 792
3 702
3 774
3 756
3 918
3 711
3 693
3 765
3 1161
3 639
3 1143
3 720
3 945
3 945
3 882
3 765
3 1008
3 1053
3 1080
3 504
3 936
3 1026
3 1152
3 1197
3 1278
3 1188
3 702
3 747
3 630
3 810
3 1242
3 693
3 1071
3 765
3 783
3 936
3 720
3 576
3 774
3 1098
3 1224
3 1071
3 459
3 810
3 873
3 738
3 1215
3 1215
3 999
3 513
3 585
3 639
3 918
3 864
3 909
3 666
3 720
3 990
3 675
3 810
3 756
3 567
3 756
3 1188
3 1818
3 900
3 918
3 1215
3 1017
3 531
3 747
3 477
3 1242
3 477
3 828
3 1053
3 738
3 864
3 882
3 1080
3 1008
3 855
3 1296
3 1044
3 954
3 900
3 675
3 459
3 774
3 765
3 1188
3 864
3 972
3 1224
3 909
3 756
3 666
3 477
3 774
3 918
3 1872
3 450
3 504
3 729
3 729
3 522
3 1197
3 1152
3 1233
3 729
3 1080
3 585
3 585
3 1116
3 1422
3 909
3 1026
3 666
3 918
3 945
3 531
3 477
3 594
3 675
3 1206
3 1323
3 1152
3 810
3 612
3 567
3 468
3 1179
3 612
3 1836
3 1818
3 954
3 819
3 792
3 801
3 1566
3 1035
3 558
3 486
3 612
3 972
3 747
3 954
3 1890
3 738
3 936
3 675
3 909
3 612
3 585
3 936
3 756
3 729
3 909
3 720
3 1359
3 1098
3 747
3 585
3 990
3 1035
3 495
3 828
3 450
3 585
3 774
3 756
3 810
3 441
3 909
3 909
3 684
3 549
3 603
3 693
3 585
3 603
3 873
3 1026
3 900
3 981
3 612
3 774
3 720
3 909
3 783
3 1260
3 1017
3 990
3 1233
3 801
3 927
3 846
3 1197
3 1224
3 1233
3 621
3 450
3 990
3 1008
3 621
3 594
3 1089
3 1080
3 927
3 378
3 927
3 972
3 1035
3 1008
3 1071
3 828
3 864
3 801
3 747
3 1305
3 639
3 1170
3 747
3 1179
3 891
3 774
3 792
3 945
3 1584
3 1215
3 711
3 819
3 531
3 684
3 1494
3 801
3 1287
3 810
3 918
3 1107
3 1071
3 1566
3 774
3 603
3 828
3 1215
3 828
3 792
3 918
3 585
3 549
3 738
3 873
3 1161
3 819
3 603
3 981
3 1224
3 1161
3 909
3 999
3 927
3 621
3 783
3 909
3 774
3 1323
3 1152
3 1080
3 1197
3 873
3 1215
3 936
3 702
3 1341
3 936
3 972
3 1026
3 945
3 1197
3 1179
3 1071
3 1224
3 720
3 1098
3 900
3 1026
3 657
3 837
3 837
3 513
3 1188
3 495
3 738
3 747
3 1521
3 765
3 1215
3 585
3 1035
3 765
3 891
3 747
3 1206
3 1152
3 747
3 1026
3 405
3 585
3 828
3 1233
3 702
3 909
3 1098
3 864
3 1080
3 1503
3 891
3 1017
3 441
3 522
3 387
3 468
3 810
3 1035
3 747
3 999
3 468
3 585
3 1377
3 927
3 738
3 666
3 963
3 1080
3 1044
3 1494
3 594
3 963
3 468
3 423
3 729
3 1170
3 1008
3 711
3 1080
3 846
3 765
3 891
3 891
3 927
3 711
3 720
3 927
3 612
3 765
3 1062
3 396
3 873
3 1071
3 585
3 945
3 729
3 972
3 1215
3 432
3 1080
3 909
3 927
3 855
3 1269
3 1215
3 729
3 2286
3 1449
3 1350
3 702
3 1863
3 882
3 450
3 765
3 747
3 1008
3 1197
3 819
3 1035
3 1251
3 819
3 792
3 594
3 1008
3 576
3 765
3 621
3 765
3 1188
3 729
3 612
3 756
3 675
3 729
3 1206
3 882
3 999
3 1089
3 819
3 1080
3 990
3 747
3 1071
3 774
3 720
3 801
3 1026
3 756
3 2790
3 1566
3 1017
3 918
3 738
3 1107
3 594
3 1134
3 1053
3 1287
3 1125
3 747
3 1017
3 954
3 783
3 369
3 927
3 1044
3 1206
3 1566
3 1242
3 603
3 837
3 1107
3 837
3 1215
3 945
3 1413
3 486
3 477
3 927
3 999
3 783
3 1062
3 828
3 711
3 1035
3 513
3 765
3 603
3 981
3 801
3 1206
3 882
3 999
3 720
3 1557
3 792
3 423
3 900
3 873
3 891
3 621
3 756
3 864
3 765
3 1233
3 819
3 747
3 855
3 819
3 891
3 1098
3 657
3 603
3 765
3 1323
3 477
3 729
3 756
3 1044
3 603
3 1683
3 1368
3 1404
3 1044
3 1044
3 432
3 1737
3 945
3 819
3 855
3 864
3 927
3 1125
3 1719
3 1035
3 828
3 459
3 1098
3 1296
3 1044
3 747
3 1116
3 639
3 774
3 810
3 1161
3 792
3 585
3 819
3 765
3 1053
3 855
3 909
3 1017
3 693
3 549
3 702
3 999
3 675
3 1206
3 846
3 1080
3 1197
3 531
3 837
3 756
3 693
3 756
3 1287
3 774
3 927
3 765
3 369
3 585
3 738
3 747
3 729
3 2007
3 1980
3 909
3 540
3 729
3 1278
3 747
3 1296
3 891
3 729
3 486
3 765
3 1854
3 486
3 693
3 882
3 990
3 576
3 486
3 1080
3 1125
3 675
3 594
3 729
3 585
3 486
3 441
3 756
3 423
3 918
3 1134
3 1179
3 891
3 963
3 810
3 837
3 819
3 1017
3 972
3 657
3 1809
3 792
3 720
3 1071
3 702
3 981
3 486
3 720
3 1008
3 1179
3 513
3 936
3 873
3 738
3 891
3 1179
3 1044
3 909
3 1143
3 1053
3 828
3 846
3 576
3 684
3 1026
3 1044
3 1125
3 468
3 432
3 801
3 792
3 990
3 441
3 1845
3 783
3 801
3 936
3 720
3 387
3 756
3 1143
3 927
3 945
3 468
3 1188
3 783
3 1197
3 603
3 846
3 603
3 720
3 927
3 963
3 927
3 1521
3 729
3 675
3 954
3 954
3 612
3 972
3 1224
3 1152
3 1215
3 1071
3 1071
3 2124
3 459
3 1134
3 783
3 612
3 1116
3 711
3 1098
3 864
3 657
3 1665
3 603
3 891
3 738
3 1035
3 711
3 873
3 918
3 684
3 567
3 1071
3 765
3 657
3 918
3 522
3 1089
3 666
3 1215
3 1071
3 873
3 522
3 918
3 918
3 819
3 1179
3 1143
3 720
3 585
3 783
3 810
3 810
3 684
3 909
3 756
3 729
3 684
3 468
3 1566
3 783
3 1179
3 1008
3 1089
3 927
3 963
3 1269
3 414
3 459
3 648
3 603
3 1215
3 909
3 747
3 990
3 837
3 684
3 1125
3 432
3 1008
3 684
3 729
3 693
3 873
3 585
3 891
3 738
3 1071
3 1719
3 1134
3 1035
3 1017
3 765
3 1170
3 612
3 1107
3 1143
3 1242
3 1206
3 927
3 765
3 747
3 873
3 801
3 756
3 1134
3 945
3 981
3 1035
3 1053
3 927
3 810
3 1017
3 558
3 810
3 918
3 954
3 684
3 855
3 1053
3 783
3 1044
3 603
3 900
3 378
3 765
3 765
3 693
3 585
3 1026
3 1152
3 990
3 927
3 747
3 972
3 648
3 783
3 927
3 747
3 1098
3 1242
3 657
3 954
3 2196
3 846
3 1314
3 747
3 1215
3 693
3 1071
3 864
3 1107
3 576
3 576
3 972
3 891
3 1143
3 558
3 828
3 1053
3 972
3 774
3 1188
3 1116
3 1062
3 1152
3 720
3 891
3 783
3 1008
3 1044
3 765
3 612
3 1080
3 1233
3 1971
3 666
3 729
3 774
3 783
3 792
3 693
3 810
3 909
3 531
3 1008
3 1134
3 594
3 792
3 1233
3 828
3 1269
3 378
3 612
3 765
3 1899
3 900
3 882
3 738
3 1080
3 972
3 1134
3 549
3 1143
3 774
3 909
3 1440
3 819
3 1152
3 603
3 1152
3 873
3 1143
3 549
3 729
3 684
3 522
3 756
3 882
3 1494
3 1233
3 774
3 1071
3 738
3 1242
3 1071
3 1296
3 1665
3 855
3 729
3 1161
3 1206
3 1458
3 927
3 774
3 963
3 1233
3 927
3 1035
3 1053
3 450
3 720
3 684
3 927
3 477
3 477
3 954
3 504
3 774
3 1323
3 459
3 1062
3 594
3 1044
3 1188
3 909
3 774
3 828
3 873
3 648
3 981
3 918
3 738
3 1332
3 846
3 1071
3 981
3 738
3 1062
3 450
3 1206
3 981
3 720
3 1071
3 738
3 810
3 729
3 1395
3 387
3 846
3 432
3 828
3 639
3 1494
3 936
3 1107
3 1044
3 1062
3 657
3 576
3 945
3 450
3 675
3 594
3 927
3 729
3 1008
3 828
3 468
3 945
3 432
3 1053
3 945
3 1035
3 513
3 1107
3 801
3 1206
3 729
3 567
3 702
3 738
3 486
3 1035
3 1566
3 765
3 756
3 711
3 684
3 1242
3 918
3 1503
3 468
3 1242
3 504
3 729
3 693
3 495
3 927
3 909
3 729
3 828
3 1206
3 909
3 765
3 963
3 1116
3 981
3 738
3 756
3 783
3 531
3 1170
3 1107
3 702
3 927
3 882
3 999
3 1116
3 1845
3 648
3 1737
3 747
3 558
3 765
3 720
3 603
3 2169
3 729
3 1098
3 828
3 450
3 882
3 765
3 729
3 783
3 1215
3 882
3 1017
3 1035
3 558
3 1179
3 954
3 927
3 918
3 1071
3 828
3 1233
3 765
3 882
3 720
3 936
3 693
3 1980
3 1818
3 738
3 774
3 567
3 990
3 747
3 1053
3 648
3 486
3 1683
3 828
3 1269
3 1467
3 954
3 891
3 702
3 675
3 972
3 1188
3 1116
3 810
3 756
3 603
3 1989
3 621
3 909
3 846
3 531
3 1269
3 1161
3 909
3 981
3 927
3 1080
3 756
3 648
3 549
3 486
3 954
3 1152
3 954
3 927
3 792
3 810
3 783
3 1107
3 1719
3 639
3 810
3 756
3 900
3 594
3 1125
3 765
3 756
3 486
3 819
3 1197
3 549
3 810
3 1224
3 1017
3 1197
3 621
3 1206
3 1188
3 1485
3 855
3 675
3 1098
3 765
3 648
3 522
3 1071
3 1368
3 702
3 1269
3 1134
3 1233
3 675
3 765
3 927
3 1422
3 720
3 1026
3 639
3 720
3 747
3 594
3 621
3 828
3 684
3 1197
3 900
3 909
3 738
3 1071
3 549
3 846
3 828
3 1224
3 1017
3 1278
3 702
3 630
3 936
3 1053
3 729
3 1206
3 585
3 1089
3 1062
3 936
3 900
3 936
3 1035
3 477
3 675
3 594
3 1107
3 1260
3 1080
3 576
3 783
3 1107
3 864
3 1305
3 810
3 927
3 1107
3 1269
3 468
3 891
3 2151
3 900
3 1008
3 540
3 990
3 675
3 981
3 1485
3 927
3 1233
3 1026
3 882
3 756
3 1143
3 477
3 765
3 450
3 981
3 774
3 999
3 1089
3 1116
3 594
3 621
3 1332
3 819
3 936
3 819
3 873
3 1368
3 630
3 846
3 603
3 603
3 756
3 864
3 1125
3 1089
3 1413
3 891
3 1350
3 945
3 738
3 621
3 828
3 909
3 972
3 801
3 621
3 738
3 1368
3 702
3 1062
3 1125
3 972
3 900
3 954
3 450
3 1053
3 783
3 1062
3 477
3 1134
3 774
3 1908
3 918
3 810
3 828
3 531
3 1071
3 693
3 1251
3 999
3 1053
3 855
3 1386
3 882
3 675
3 1377
3 801
3 1242
3 792
3 621
3 1242
3 558
3 837
3 612
3 1233
3 621
3 729
3 918
3 729
3 1242
3 612
3 954
3 1071
3 1422
3 810
3 540
3 1035
3 1332
3 909
3 1161
3 918
3 486
3 999
3 1575
3 1125
3 828
3 774
3 648
3 1296
3 1107
3 657
3 1341
3 1431
3 369
3 747
3 720
3 423
3 819
3 612
3 954
3 738
3 1179
3 486
3 495
3 1026
3 1494
3 1026
3 855
3 1773
3 954
3 936
3 1224
3 585
3 765
3 927
3 495
3 837
3 684
3 1188
3 1197
3 666
3 747
3 1314
3 783
3 873
3 900
3 828
3 2016
3 765
3 1170
3 468
3 1269
3 522
3 1044
3 792
3 702
3 1116
3 792
3 1242
3 1062
3 792
3 1026
3 774
3 936
3 909
3 729
3 909
3 639
3 1026
3 522
3 639
3 459
3 747
3 747
3 486
3 756
3 1080
3 810
3 936
3 711
3 441
3 1017
3 783
3 558
3 1062
3 819
3 828
3 972
3 765
3 621
3 774
3 603
3 864
3 1080
3 1080
3 477
3 468
3 531
3 747
3 846
3 459
3 522
3 1035
3 864
3 459
3 1098
3 909
3 981
3 846
3 783
3 801
3 927
3 504
3 891
3 1179
3 990
3 1125
3 720
3 918
3 720
3 1530
3 945
3 1116
3 738
3 612
3 729
3 999
3 963
3 477
3 909
3 1044
3 441
3 774
3 621
3 675
3 495
3 909
3 675
3 747
3 1098
3 1494
3 864
3 1215
3 1035
3 981
3 729
3 999
3 1872
3 630
3 1746
3 1089
3 756
3 702
3 864
3 414
3 873
3 1089
3 810
3 981
3 1233
3 441
3 738
3 747
3 1062
3 774
3 972
3 441
3 999
3 954
3 702
3 846
3 945
3 621
3 1170
3 1098
3 774
3 1197
3 1179
3 1386
3 468
3 1062
3 1224
3 927
3 972
3 1575
3 1368
3 882
3 693
3 486
3 936
3 900
3 684
3 1224
3 1026
3 1098
3 756
3 756
3 585
3 1755
3 1269
3 513
3 522
3 540
3 702
3 747
3 1521
3 1008
3 936
3 747
3 756
3 900
3 1323
3 603
3 756
3 1242
3 1359
3 576
3 1485
3 891
3 1395
3 891
3 432
3 1233
3 945
3 891
3 981
3 720
3 747
3 747
3 1017
3 1566
3 1008
3 1197
3 1197
3 531
3 675
3 936
3 927
3 1458
3 774
3 999
3 855
3 621
3 828
3 855
3 846
3 783
3 819
3 855
3 729
3 1089
3 1647
3 675
3 936
3 738
3 585
3 1143
3 450
3 864
3 738
3 819
3 936
3 1098
3 1521
3 720
3 810
3 504
3 873
3 819
3 1179
3 729
3 882
3 999
3 1089
3 1134
3 963
3 549
3 639
3 927
3 1170
3 774
3 1044
3 558
3 765
3 837
3 1827
3 612
3 1737
3 477
3 765
3 612
3 774
3 1233
3 945
3 837
3 1026
3 819
3 675
3 621
3 540
3 783
3 1467
3 873
3 1062
3 954
3 945
3 603
3 810
3 1125
3 540
3 918
3 909
3 891
3 864
3 873
3 720
3 972
3 792
3 855
3 738
3 702
3 1071
3 855
3 810
3 855
3 1233
3 675
3 585
3 792
3 702
3 729
3 1521
3 1116
3 1683
3 1071
3 630
3 936
3 486
3 1296
3 711
3 603
3 999
3 1017
3 945
3 558
3 567
3 747
3 1098
3 1134
3 477
3 783
3 756
3 1539
3 954
3 1251
3 639
3 2061
3 657
3 1521
3 792
3 999
3 855
3 747
3 1125
3 1044
3 684
3 963
3 1233
3 1512
3 1809
3 513
3 774
3 702
3 1152
3 801
3 909
3 945
3 747
3 1089
3 1656
3 468
3 828
3 468
3 1188
3 603
3 1278
3 468
3 1008
3 918
3 1287
3 1251
3 1125
3 945
3 1017
3 1305
3 1539
3 1080
3 1872
3 909
3 738
3 846
3 1062
3 990
3 594
3 900
3 729
3 954
3 765
3 531
3 1026
3 1125
3 765
3 1890
3 576
3 747
3 954
3 729
3 747
3 477
3 999
3 747
3 1206
3 774
3 747
3 954
3 801
3 684
3 1008
3 1791
3 882
3 891
3 756
3 648
3 918
3 432
3 2169
3 891
3 792
3 1053
3 756
3 801
3 1062
3 738
3 1287
3 720
3 774
3 459
3 432
3 792
3 765
3 1206
3 711
3 2349
3 1863
3 747
3 954
3 648
3 828
3 702
3 1278
3 477
3 837
3 1512
3 468
3 1512
3 729
3 855
3 738
3 702
3 801
3 1206
3 621
3 1071
3 774
3 828
3 900
3 873
3 963
3 999
3 846
3 1359
3 1062
3 891
3 792
3 1224
3 576
3 612
3 1134
3 828
3 1008
3 567
3 1224
3 1170
3 630
3 1071
3 567
3 585
3 1053
3 1170
3 828
3 711
3 1701
3 846
3 1107
3 468
3 981
3 945
3 999
3 945
3 999
3 891
3 747
3 486
3 684
3 1017
3 729
3 1746
3 1053
3 1449
3 801
3 738
3 909
3 936
3 891
3 468
3 1134
3 783
3 450
3 1395
3 756
3 1071
3 1197
3 693
3 954
3 558
3 1089
3 648
3 693
3 540
3 603
3 1098
3 1296
3 783
3 702
3 720
3 1062
3 1008
3 729
3 1233
3 1080
3 1413
3 1008
3 729
3 756
3 1260
3 621
3 594
3 756
3 999
3 720
3 1197
3 1197
3 1062
3 1188
3 1161
3 819
3 2052
3 918
3 567
3 990
3 1080
3 1188
3 819
3 747
3 774
3 1071
3 837
3 954
3 594
3 567
3 576
3 765
3 720
3 936
3 981
3 999
3 585
3 1044
3 1287
3 927
3 1089
3 900
3 486
3 972
3 711
3 1125
3 918
3 585
3 783
3 765
3 1836
3 873
3 936
3 747
3 459
3 1179
3 774
3 585
3 846
3 720
3 972
3 990
3 945
3 621
3 765
3 774
3 648
3 1044
3 909
3 1836
3 612
3 927
3 1062
3 396
3 828
3 1197
3 756
3 756
3 792
3 837
3 738
3 765
3 576
3 558
3 594
3 495
3 2052
3 1674
3 549
3 1143
3 963
3 909
3 819
3 864
3 963
3 549
3 720
3 891
3 765
3 1287
3 729
3 1152
3 954
3 846
3 1008
3 873
3 918
3 1161
3 783
3 1332
3 765
3 1665
3 927
3 414
3 792
3 792
3 972
3 1449
3 1269
3 1386
3 1170
3 729
3 747
3 1098
3 585
3 540
3 1170
3 1053
3 1044
3 927
3 612
3 477
3 702
3 1287
3 900
3 864
3 576
3 486
3 1080
3 765
3 1179
3 1701
3 1296
3 783
3 468
3 891
3 747
3 1089
3 1053
3 846
3 540
3 1755
3 459
3 495
3 1107
3 1125
3 1170
3 1089
3 594
3 756
3 702
3 918
3 495
3 756
3 846
3 972
3 819
3 810
3 666
3 936
3 765
3 621
3 1134
3 1593
3 1062
3 891
3 873
3 1161
3 873
3 837
3 603
3 945
3 1161
3 675
3 981
3 1017
3 1017
3 1413
3 423
3 837
3 1098
3 1116
3 765
3 900
3 648
3 702
3 837
3 1197
3 558
3 1035
3 918
3 585
3 720
3 1062
3 567
3 927
3 927
3 684
3 1044
3 540
3 729
3 765
3 963
3 729
3 855
3 693
3 936
3 945
3 477
3 567
3 918
3 729
3 585
3 756
3 954
3 1197
3 1071
3 738
3 873
3 729
3 864
3 504
3 927
3 927
3 873
3 882
3 999
3 864
3 612
3 585
3 765
3 1134
3 486
3 900
3 1197
3 936
3 468
3 1008
3 630
3 675
3 918
3 1026
3 1008
3 630
3 486
3 936
3 747
3 603
3 756
3 693
3 756
3 1512
3 558
3 945
3 1467
3 1359
3 630
3 1053
3 738
3 576
3 648
3 954
3 1062
3 837
3 1062
3 1089
3 918
3 1215
3 981
3 1233
3 576
3 738
3 1080
3 846
3 1008
3 882
3 801
3 1089
3 1197
3 594
3 720
3 558
3 522
3 729
3 1035
3 1026
3 1224
3 702
3 909
3 909
3 486
3 720
3 936
3 846
3 1296
3 873
3 1314
3 711
3 1764
3 693
3 1206
3 756
3 1224
3 693
3 864
3 729
3 1134
3 828
3 720
3 927
3 963
3 990
3 774
3 1152
3 1170
3 756
3 819
3 1692
3 891
3 909
3 432
3 477
3 756
3 666
3 1188
3 909
3 1215
3 990
3 612
3 387
3 783
3 918
3 990
3 945
3 1179
3 1197
3 1224
3 810
3 774
3 783
3 747
3 1170
3 738
3 1062
3 1494
3 1179
3 837
3 945
3 837
3 486
3 765
3 738
3 891
3 1341
3 594
3 684
3 999
3 1089
3 918
3 882
3 1062
3 801
3 738
3 684
3 1260
3 720
3 1098
3 720
3 792
3 495
3 1053
3 1107
3 1017
3 711
3 936
3 603
3 702
3 927
3 882
3 747
3 981
3 945
3 927
3 774
3 1926
3 1224
3 963
3 1152
3 873
3 504
3 477
3 819
3 774
3 450
3 738
3 702
3 900
3 1107
3 774
3 1089
3 990
3 1089
3 1206
3 675
3 513
3 1755
3 477
3 900
3 954
3 684
3 990
3 531
3 729
3 936
3 666
3 432
3 1026
3 1017
3 909
3 387
3 1197
3 1089
3 459
3 621
3 774
3 1044
3 711
3 441
3 522
3 720
3 828
3 603
3 765
3 990
3 837
3 900
3 1071
3 891
3 1215
3 729
3 639
3 792
3 729
3 909
3 846
3 765
3 909
3 837
3 738
3 936
3 1287
3 918
3 828
3 963
3 1008
3 828
3 828
3 738
3 621
3 1071
3 1062
3 1170
3 927
3 765
3 909
3 810
3 756
3 963
3 576
3 1395
3 585
3 1485
3 981
3 1782
3 774
3 981
3 1134
3 738
3 1170
3 1260
3 1071
3 639
3 1341
3 738
3 927
3 1116
3 756
3 756
3 864
3 747
3 720
3 738
3 621
3 603
3 585
3 981
3 900
3 468
3 1269
3 1062
3 828
3 729
3 1044
3 603
3 1863
3 1125
3 1008
3 1449
3 774
3 1197
3 1548
3 1008
3 945
3 765
3 756
3 459
3 684
3 756
3 927
3 1125
3 576
3 1053
3 1044
3 693
3 972
3 1062
3 792
3 738
3 909
3 738
3 1206
3 576
3 918
3 720
3 747
3 891
3 720
3 531
3 774
3 468
3 1053
3 1152
3 774
3 441
3 765
3 909
3 909
3 864
3 756
3 747
3 531
3 819
3 909
3 891
3 810
3 774
3 684
3 558
3 864
3 378
3 1044
3 846
3 1107
3 702
3 522
3 1206
3 738
3 819
3 630
3 990
3 891
3 891
3 945
3 855
3 1170
3 1215
3 747
3 999
3 738
3 774
3 927
3 819
3 720
3 927
3 918
3 783
3 927
3 1080
3 1269
3 729
3 837
3 693
3 756
3 720
3 720
3 783
3 603
3 1233
3 936
3 1656
3 765
3 927
3 936
3 801
3 1089
3 990
3 756
3 666
3 864
3 720
3 1053
3 954
3 1971
3 1044
3 909
3 810
3 1026
3 468
3 729
3 531
3 1233
3 846
3 621
3 1278
3 927
3 882
3 1125
3 864
3 1269
3 1161
3 819
3 630
3 729
3 1197
3 810
3 1161
3 1170
3 981
3 909
3 765
3 612
3 936
3 999
3 810
3 900
3 486
3 531
3 522
3 711
3 576
3 900
3 576
3 729
3 1206
3 990
3 1494
3 882
3 738
3 783
3 1071
3 855
3 720
3 639
3 486
3 954
3 720
3 783
3 1062
3 756
3 1485
3 486
3 666
3 738
3 585
3 1044
3 846
3 639
3 927
3 756
3 711
3 675
3 1179
3 729
3 711
3 819
3 882
3 540
3 1179
3 531
3 1395
3 441
3 1116
3 1026
3 369
3 963
3 1071
3 2043
3 1071
3 738
3 2025
3 513
3 765
3 585
3 1026
3 783
3 756
3 576
3 711
3 738
3 765
3 918
3 936
3 1368
3 792
3 693
3 774
3 567
3 549
3 1800
3 1836
3 1062
3 963
3 1107
3 1197
3 927
3 1215
3 477
3 891
3 891
3 738
3 738
3 774
3 747
3 783
3 459
3 900
3 954
3 819
3 738
3 774
3 486
3 567
3 720
3 468
3 981
3 765
3 999
3 1125
3 486
3 1143
3 909
3 495
3 1206
3 1242
3 1665
3 1071
3 639
3 1350
3 711
3 459
3 1485
3 621
3 810
3 882
3 1251
3 747
3 702
3 720
3 963
3 918
3 1053
3 756
3 747
3 504
3 477
3 1053
3 864
3 1035
3 936
3 1080
3 468
3 1026
3 702
3 936
3 954
3 693
3 486
3 1026
3 810
3 756
3 441
3 1260
3 936
3 954
3 936
3 603
3 918
3 621
3 918
3 504
3 828
3 936
3 432
3 1116
3 945
3 1260
3 639
3 1017
3 963
3 1350
3 783
3 1539
3 666
3 927
3 747
3 495
3 1143
3 738
3 1062
3 585
3 495
3 1827
3 891
3 720
3 765
3 684
3 1089
3 702
3 1062
3 1251
3 990
3 1125
3 540
3 828
3 972
3 684
3 954
3 1152
3 738
3 738
3 1206
3 648
3 720
3 909
3 504
3 1026
3 720
3 1503
3 900
3 882
3 756
3 729
3 936
3 981
3 702
3 972
3 1053
3 522
3 909
3 585
3 990
3 639
3 1188
3 720
3 864
3 594
3 918
3 810
3 918
3 1206
3 927
3 567
3 891
3 765
3 1251
3 1638
3 927
3 612
3 963
3 900
3 612
3 990
3 954
3 1026
3 1170
3 918
3 774
3 1215
3 783
3 999
3 477
3 954
3 729
3 666
3 774
3 1017
3 1242
3 801
3 396
3 603
3 873
3 738
3 846
3 873
3 1017
3 792
3 513
3 693
3 963
3 1206
3 1215
3 1314
3 864
3 594
3 855
3 792
3 1197
3 945
3 1017
3 774
3 1242
3 603
3 1224
3 765
3 819
3 891
3 882
3 873
3 657
3 819
3 1089
3 639
3 666
3 945
3 1188
3 765
3 837
3 828
3 1683
3 1044
3 900
3 936
3 666
3 1809
3 891
3 1197
3 720
3 1584
3 873
3 738
3 1683
3 936
3 900
3 522
3 873
3 1026
3 1260
3 819
3 1044
3 693
3 819
3 495
3 1530
3 1089
3 1287
3 630
3 1584
3 720
3 1503
3 576
3 531
3 630
3 720
3 522
3 774
3 729
3 963
3 756
3 1080
3 729
3 864
3 639
3 630
3 1494
3 711
3 981
3 432
3 1053
3 945
3 972
3 1467
3 1647
3 1323
3 1008
3 1188
3 693
3 585
3 927
3 567
3 765
3 1404
3 477
3 1233
3 702
3 612
3 477
3 1071
3 1188
3 891
3 999
3 1206
3 1197
3 765
3 711
3 873
3 1197
3 513
3 1071
3 963
3 882
3 891
3 585
3 666
3 981
3 1170
3 972
3 1494
3 990
3 468
3 522
3 756
3 891
3 1683
3 585
3 729
3 702
3 720
3 459
3 1080
3 1341
3 819
3 864
3 1323
3 441
3 765
3 1386
3 1224
3 1161
3 666
3 846
3 720
3 918
3 855
3 810
3 1053
3 1188
3 846
3 738
3 720
3 900
3 729
3 756
3 774
3 432
3 729
3 1467
3 1080
3 558
3 846
3 855
3 774
3 1197
3 720
3 846
3 711
3 738
3 1107
3 1116
3 1080
3 882
3 774
3 630
3 486
3 1206
3 477
3 369
3 882
3 909
3 1026
3 558
3 621
3 954
3 954
3 747
3 450
3 738
3 756
3 648
3 477
3 765
3 747
3 747
3 549
3 1134
3 756
3 891
3 891
3 765
3 954
3 765
3 378
3 747
3 990
3 1107
3 1386
3 774
3 1242
3 1332
3 747
3 936
3 981
3 1314
3 621
3 1269
3 1035
3 1269
3 945
3 1089
3 576
3 1062
3 720
3 531
3 648
3 999
3 1314
3 702
3 792
3 540
3 756
3 432
3 684
3 1629
3 936
3 540
3 963
3 1026
3 1224
3 774
3 387
3 549
3 972
3 1188
3 1386
3 1170
3 486
3 603
3 954
3 900
3 1017
3 504
3 1404
3 756
3 369
3 621
3 1242
3 1890
3 837
3 756
3 1323
3 738
3 486
3 864
3 666
3 900
3 1296
3 909
3 738
3 1017
3 675
3 918
3 927
3 747
3 1062
3 756
3 1197
3 954
3 450
3 603
3 765
3 711
3 1143
3 1026
3 1206
3 891
3 1071
3 756
3 603
3 504
3 1476
3 747
3 1071
3 756
3 630
3 765
3 963
3 1161
3 774
3 954
3 693
3 927
3 612
3 1215
3 1098
3 855
3 900
3 927
3 612
3 909
3 1080
3 1395
3 441
3 792
3 720
3 774
3 783
3 1305
3 1530
3 756
3 1062
3 891
3 756
3 1179
3 738
3 873
3 945
3 765
3 909
3 603
3 900
3 1242
3 1089
3 1143
3 414
3 1188
3 918
3 1233
3 936
3 774
3 585
3 729
3 720
3 2052
3 1395
3 1233
3 684
3 1233
3 882
3 729
3 990
3 927
3 927
3 1035
3 558
3 891
3 567
3 810
3 927
3 945
3 693
3 684
3 729
3 639
3 927
3 747
3 1224
3 909
3 999
3 423
3 1116
3 477
3 495
3 981
3 1071
3 486
3 1305
3 1008
3 936
3 909
3 693
3 828
3 1026
3 531
3 909
3 945
3 747
3 639
3 1008
3 774
3 783
3 711
3 1206
3 1080
3 684
3 720
3 954
3 756
3 936
3 972
3 774
3 2169
3 720
3 477
3 1089
3 999
3 657
3 945
3 1044
3 432
3 801
3 927
3 837
3 1314
3 1062
3 630
3 909
3 675
3 1611
3 918
3 972
3 783
3 1161
3 747
3 855
3 1305
3 612
3 936
3 621
3 855
3 711
3 720
3 837
3 900
3 747
3 594
3 1341
3 522
3 873
3 603
3 675
3 882
3 891
3 468
3 1026
3 2259
3 594
3 477
3 873
3 945
3 828
3 1314
3 414
3 513
3 450
3 963
3 954
3 927
3 1116
3 1296
3 639
3 954
3 756
3 1098
3 459
3 666
3 873
3 945
3 702
3 1017
3 477
3 918
3 450
3 621
3 1188
3 603
3 738
3 1107
3 711
3 387
3 1188
3 468
3 1224
3 927
3 891
3 477
3 801
3 792
3 522
3 1755
3 441
3 1071
3 1251
3 954
3 729
3 882
3 1566
3 756
3 1035
3 729
3 684
3 882
3 477
3 1179
3 621
3 1053
3 1170
3 981
3 828
3 747
3 1035
3 1278
3 1098
3 855
3 1134
3 774
3 756
3 846
3 864
3 801
3 1134
3 909
3 450
3 846
3 801
3 1872
3 1062
3 729
3 1242
3 891
3 837
3 459
3 1215
3 999
3 1224
3 810
3 1017
3 756
3 720
3 1017
3 1008
3 648
3 711
3 1062
3 990
3 450
3 747
3 765
3 1206
3 990
3 756
3 1125
3 837
3 1224
3 828
3 1161
3 981
3 603
3 1062
3 1080
3 1107
3 1089
3 720
3 963
3 2034
3 495
3 423
3 1197
3 1026
3 495
3 1215
3 729
3 864
3 441
3 477
3 1269
3 639
3 693
3 711
3 756
3 594
3 1233
3 882
3 828
3 1314
3 1161
3 459
3 927
3 720
3 486
3 765
3 477
3 459
3 1008
3 828
3 774
3 693
3 522
3 936
3 945
3 720
3 945
3 441
3 531
3 783
3 1080
3 594
3 783
3 594
3 1071
3 774
3 864
3 459
3 513
3 531
3 1773
3 1584
3 981
3 819
3 576
3 927
3 1233
3 549
3 666
3 1098
3 738
3 720
3 1206
3 855
3 909
3 1575
3 990
3 1269
3 720
3 666
3 945
3 990
3 720
3 999
3 1044
3 873
3 729
3 612
3 1314
3 1062
3 1125
3 774
3 747
3 756
3 909
3 873
3 882
3 864
3 1323
3 999
3 1818
3 873
3 1008
3 801
3 801
3 954
3 891
3 990
3 1017
3 693
3 972
3 1053
3 1530
3 792
3 954
3 621
3 909
3 621
3 630
3 1674
3 468
3 1692
3 747
3 864
3 1080
3 774
3 1161
3 1197
3 477
3 909
3 441
3 855
3 900
3 1170
3 1242
3 774
3 1035
3 756
3 486
3 720
3 882
3 576
3 738
3 702
3 1062
3 828
3 1098
3 846
3 630
3 540
3 585
3 756
3 1539
3 729
3 1242
3 621
3 621
3 612
3 765
3 765
3 765
3 1116
3 729
3 441
3 675
3 1044
3 1062
3 720
3 882
3 972
3 378
3 720
3 756
3 621
3 783
3 594
3 702
3 1188
3 837
3 738
3 1215
3 747
3 603
3 1341
3 1188
3 1557
3 918
3 1125
3 738
3 954
3 918
3 837
3 1044
3 648
3 702
3 999
3 1422
3 927
3 891
3 909
3 1116
3 1017
3 459
3 1413
3 684
3 1395
3 1512
3 891
3 936
3 990
3 873
3 1215
3 864
3 477
3 1017
3 486
3 756
3 1161
3 1089
3 1008
3 495
3 1062
3 1071
3 1116
3 504
3 774
3 981
3 414
3 729
3 1431
3 1053
3 1017
3 720
3 909
3 774
3 945
3 1332
3 387
3 891
3 927
3 432
3 729
3 621
3 1503
3 990
3 936
3 891
3 756
3 1359
3 765
3 621
3 765
3 1566
3 1530
3 801
3 1062
3 954
3 1494
3 774
3 891
3 1206
3 765
3 1233
3 765
3 1206
3 729
3 783
3 972
3 1215
3 918
3 819
3 1089
3 972
3 522
3 738
3 603
3 1035
3 1071
3 954
3 594
3 828
3 1017
3 909
3 747
3 1197
3 1467
3 945
3 540
3 1098
3 1224
3 720
3 954
3 1125
3 1323
3 603
3 990
3 1143
3 846
3 765
3 981
3 846
3 1188
3 765
3 1737
3 468
3 1062
3 675
3 774
3 873
3 1233
3 369
3 963
3 1287
3 756
3 747
3 459
3 810
3 1071
3 612
3 954
3 918
3 756
3 630
3 846
3 990
3 639
3 1224
3 378
3 666
3 801
3 954
3 954
3 819
3 801
3 882
3 1062
3 1197
3 1071
3 1197
3 441
3 522
3 819
3 486
3 1719
3 1575
3 648
3 756
3 756
3 765
3 963
3 846
3 1089
3 918
3 1080
3 855
3 855
3 522
3 1017
3 720
3 1485
3 756
3 738
3 891
3 666
3 1062
3 1458
3 621
3 486
3 1125
3 882
3 567
3 630
3 585
3 738
3 468
3 855
3 2196
3 918
3 738
3 1602
3 801
3 801
3 720
3 738
3 927
3 477
3 612
3 720
3 1035
3 774
3 837
3 954
3 918
3 900
3 1368
3 990
3 756
3 1332
3 729
3 405
3 729
3 1089
3 918
3 1683
3 1332
3 693
3 765
3 828
3 918
3 1008
3 1233
3 1116
3 468
3 909
3 1287
3 756
3 1503
3 369
3 1332
3 1053
3 1008
3 387
3 909
3 891
3 792
3 1053
3 1044
3 756
3 828
3 765
3 1485
3 927
3 909
3 936
3 864
3 810
3 936
3 756
3 810
3 1791
3 1269
3 747
3 1053
3 828
3 387
3 531
3 954
3 1485
3 450
3 981
3 963
3 756
3 765
3 801
3 954
3 495
3 738
3 846
3 846
3 720
3 909
3 792
3 1008
3 2016
3 855
3 873
3 1080
3 909
3 765
3 738
3 738
3 1773
3 1422
3 837
3 1026
3 594
3 558
3 909
3 1674
3 837
3 1242
3 1206
3 783
3 1161
3 837
3 1503
3 828
3 828
3 927
3 1062
3 1224
3 1080
3 747
3 1098
3 1080
3 432
3 459
3 846
3 828
3 1089
3 1116
3 945
3 774
3 540
3 1296
3 900
3 918
3 1026
3 963
3 900
3 684
3 936
3 828
3 918
3 1197
3 1044
3 855
3 747
3 936
3 810
3 621
3 621
3 828
3 1008
3 1305
3 1503
3 747
3 864
3 1323
3 918
3 765
3 1125
3 936
3 927
3 531
3 1368
3 1179
3 1062
3 1062
3 684
3 990
3 1260
3 945
3 612
3 747
3 1080
3 819
3 963
3 765
3 1197
3 567
3 1188
3 495
3 738
3 657
3 711
3 648
3 1206
3 522
3 1215
3 918
3 621
3 1251
3 999
3 1467
3 909
3 738
3 900
3 1809
3 1089
3 837
3 612
3 729
3 1017
3 1053
3 648
3 576
3 990
3 891
3 1971
3 756
3 621
3 765
3 1251
3 909
3 927
3 999
3 990
3 378
3 936
3 801
3 765
3 675
3 522
3 693
3 603
3 585
3 747
3 585
3 927
3 936
3 441
3 675
3 828
3 729
3 504
3 828
3 468
3 684
3 594
3 720
3 603
3 1566
3 1125
3 756
3 918
3 882
3 855
3 909
3 1044
3 468
3 1197
3 810
3 774
3 819
3 648
3 729
3 774
3 765
3 1008
3 675
3 1062
3 792
3 1593
3 864
3 459
3 927
3 1449
3 540
3 819
3 765
3 1503
3 405
3 729
3 1773
3 936
3 1161
3 909
3 603
3 882
3 1071
3 954
3 936
3 1854
3 585
3 1764
3 1233
3 864
3 936
3 927
3 891
3 774
3 1170
3 1170
3 945
3 477
3 774
3 1188
3 873
3 1881
3 621
3 837
3 477
3 990
3 729
3 2115
3 954
3 864
3 1026
3 981
3 450
3 927
3 1071
3 1566
3 1206
3 900
3 1422
3 1188
3 738
3 648
3 594
3 999
3 720
3 837
3 1206
3 891
3 648
3 1233
3 1503
3 801
3 819
3 774
3 936
3 693
3 918
3 1161
3 954
3 477
3 693
3 1206
3 846
3 612
3 729
3 630
3 747
3 1170
3 1071
3 900
3 756
3 1179
3 729
3 819
3 1332
3 1215
3 1035
3 1089
3 909
3 972
3 486
3 765
3 450
3 1287
3 1233
3 1071
3 810
3 450
3 486
3 720
3 819
3 612
3 990
3 513
3 702
3 918
3 963
3 1242
3 882
3 1224
3 900
3 621
3 612
3 954
3 963
3 576
3 1233
3 378
3 855
3 1845
3 459
3 477
3 1080
3 702
3 756
3 729
3 513
3 711
3 1224
3 1791
3 441
3 1143
3 675
3 468
3 765
3 864
3 801
3 999
3 594
3 684
3 450
3 720
3 495
3 756
3 594
3 468
3 603
3 1359
3 576
3 1089
3 783
3 1233
3 1368
3 657
3 747
3 441
3 936
3 954
3 774
3 882
3 1080
3 432
3 612
3 369
3 738
3 792
3 1125
3 738
3 729
3 1089
3 1188
3 1125
3 1287
3 756
3 819
3 1080
3 1107
3 954
3 477
3 621
3 900
3 1602
3 684
3 891
3 1170
3 864
3 981
3 1080
3 819
3 855
3 1035
3 1242
3 1071
3 585
3 1557
3 729
3 1548
3 1080
3 675
3 738
3 477
3 1026
3 819
3 1359
3 639
3 1503
3 1017
3 612
3 783
3 738
3 1467
3 1179
3 450
3 1170
3 909
3 558
3 756
3 999
3 378
3 1143
3 774
3 1260
3 747
3 1602
3 585
3 738
3 756
3 909
3 1125
3 774
3 1008
3 477
3 1026
3 1053
3 513
3 1710
3 738
3 1224
3 918
3 999
3 1782
3 945
3 927
3 1062
3 1170
3 513
3 756
3 486
3 945
3 873
3 720
3 882
3 585
3 864
3 837
3 774
3 1170
3 1827
3 738
3 864
3 954
3 1215
3 1071
3 729
3 1053
3 1161
3 945
3 1008
3 486
3 918
3 1080
3 1134
3 1188
3 882
3 1044
3 927
3 1251
3 648
3 1071
3 918
3 684
3 1071
3 963
3 1467
3 1215
3 792
3 729
3 495
3 1125
3 918
3 756
3 738
3 684
3 1008
3 1080
3 810
3 1161
3 486
3 540
3 873
3 729
3 1017
3 648
3 1017
3 1215
3 729
3 1494
3 837
3 1179
3 477
3 1251
3 1197
3 1197
3 765
3 810
3 540
3 441
3 936
3 819
3 1935
3 936
3 1350
3 1404
3 1269
3 810
3 774
3 1539
3 765
3 837
3 810
3 1017
3 954
3 720
3 1125
3 954
3 1224
3 945
3 720
3 1485
3 1089
3 585
3 774
3 900
3 1134
3 468
3 1305
3 963
3 1584
3 531
3 504
3 1035
3 900
3 972
3 900
3 585
3 1026
3 1215
3 864
3 2214
3 900
3 1377
3 765
3 603
3 738
3 1440
3 774
3 927
3 1260
3 558
3 1206
3 792
3 1233
3 711
3 990
3 1818
3 846
3 873
3 936
3 423
3 864
3 531
3 1170
3 639
3 585
3 1035
3 756
3 774
3 1170
3 774
3 1980
3 630
3 1080
3 621
3 756
3 612
3 864
3 1017
3 747
3 1782
3 747
3 1161
3 846
3 1224
3 1008
3 630
3 801
3 1359
3 387
3 855
3 387
3 882
3 1026
3 828
3 1224
3 1989
3 1134
3 873
3 1215
3 900
3 1152
3 468
3 1215
3 738
3 918
3 882
3 450
3 1008
3 909
3 1224
3 765
3 990
3 477
3 1665
3 1215
3 1152
3 1197
3 1143
3 1062
3 729
3 1053
3 909
3 1116
3 927
3 522
3 441
3 792
3 792
3 540
3 729
3 1305
3 594
3 1107
3 900
3 1881
3 441
3 1053
3 504
3 1053
3 747
3 900
3 864
3 738
3 684
3 594
3 432
3 747
3 711
3 1332
3 594
3 909
3 684
3 882
3 720
3 738
3 711
3 1125
3 1215
3 675
3 1053
3 837
3 828
3 630
3 720
3 1008
3 774
3 747
3 747
3 549
3 522
3 738
3 837
3 765
3 459
3 963
3 729
3 2034
3 747
3 1116
3 1143
3 621
3 900
3 729
3 468
3 954
3 855
3 513
3 999
3 1152
3 693
3 1161
3 513
3 999
3 837
3 2079
3 819
3 1413
3 999
3 1215
3 927
3 819
3 954
3 711
3 747
3 1233
3 1233
3 1143
3 828
3 918
3 873
3 1107
3 1863
3 1008
3 558
3 1368
3 954
3 1260
3 1107
3 702
3 540
3 774
3 1305
3 756
3 1233
3 1458
3 765
3 1071
3 1089
3 900
3 765
3 603
3 927
3 1116
3 1035
3 900
3 1107
3 873
3 765
3 1026
3 540
3 1134
3 1116
3 612
3 891
3 747
3 747
3 747
3 837
3 936
3 738
3 1296
3 567
3 936
3 1404
3 423
3 1224
3 864
3 738
3 909
3 1053
3 513
3 927
3 918
3 1206
3 441
3 1044
3 702
3 684
3 630
3 891
3 900
3 720
3 756
3 891
3 918
3 1098
3 846
3 747
3 711
3 1044
3 729
3 909
3 891
3 477
3 756
3 1629
3 774
3 1197
3 738
3 540
3 774
3 522
3 1071
3 1017
3 1080
3 468
3 729
3 1143
3 792
3 729
3 882
3 990
3 855
3 1224
3 936
3 837
3 630
3 1071
3 675
3 1197
3 891
3 765
3 774
3 1863
3 936
3 1305
3 954
3 639
3 666
3 1224
3 1179
3 558
3 981
3 801
3 1161
3 1080
3 729
3 774
3 819
3 1071
3 909
3 1152
3 720
3 828
3 468
3 1179
3 459
3 1197
3 936
3 630
3 387
3 1314
3 693
3 1593
3 738
3 711
3 477
3 756
3 738
3 369
3 882
3 1098
3 1890
3 594
3 783
3 909
3 864
3 1269
3 810
3 1278
3 909
3 828
3 657
3 900
3 1035
3 387
3 1602
3 963
3 720
3 1017
3 468
3 711
3 1170
3 990
3 891
3 909
3 513
3 891
3 1863
3 612
3 684
3 468
3 648
3 1062
3 720
3 684
3 720
3 864
3 612
3 693
3 882
3 783
3 1809
3 1449
3 567
3 594
3 1224
3 1098
3 711
3 612
3 729
3 819
3 900
3 756
3 918
3 972
3 756
3 837
3 621
3 756
3 1548
3 1629
3 936
3 828
3 1035
3 765
3 648
3 810
3 1494
3 1026
3 702
3 774
3 729
3 1323
3 792
3 1026
3 864
3 1242
3 900
3 783
3 513
3 594
3 612
3 936
3 909
3 729
3 765
3 783
3 1071
3 1071
3 1044
3 378
3 1197
3 702
3 414
3 765
3 1071
3 1215
3 954
3 810
3 756
3 432
3 495
3 504
3 1224
3 1071
3 738
3 1080
3 702
3 999
3 558
3 1215
3 1206
3 1035
3 1233
3 1647
3 684
3 747
3 738
3 1080
3 747
3 720
3 702
3 819
3 1143
3 999
3 855
3 1224
3 1053
3 1089
3 1278
3 765
3 1152
3 1044
3 828
3 1224
3 756
3 1008
3 927
3 666
3 936
3 459
3 1125
3 1161
3 1080
3 1089
3 783
3 954
3 540
3 756
3 639
3 999
3 1026
3 1224
3 855
3 1710
3 756
3 594
3 396
3 774
3 567
3 477
3 531
3 981
3 999
3 432
3 810
3 1125
3 954
3 486
3 468
3 1251
3 711
3 1188
3 720
3 1053
3 1161
3 1053
3 1008
3 999
3 1053
3 558
3 639
3 720
3 594
3 1260
3 918
3 1233
3 810
3 837
3 1017
3 477
3 972
3 918
3 657
3 720
3 954
3 963
3 846
3 639
3 1107
3 828
3 738
3 1107
3 855
3 1080
3 747
3 873
3 1323
3 675
3 2259
3 603
3 2088
3 1296
3 657
3 1089
3 972
3 756
3 774
3 1170
3 765
3 666
3 1107
3 828
3 900
3 1017
3 1206
3 513
3 990
3 1791
3 909
3 1485
3 1098
3 1026
3 963
3 900
3 1116
3 585
3 927
3 1107
3 828
3 1251
3 1008
3 846
3 648
3 1269
3 873
3 927
3 774
3 1143
3 945
3 1188
3 1179
3 468
3 873
3 621
3 747
3 999
3 1017
3 954
3 486
3 369
3 936
3 909
3 1260
3 1134
3 936
3 1008
3 1224
3 855
3 639
3 756
3 1827
3 1935
3 810
3 567
3 585
3 846
3 1224
3 819
3 882
3 927
3 747
3 468
3 612
3 423
3 468
3 801
3 1224
3 396
3 648
3 477
3 1017
3 909
3 603
3 801
3 648
3 729
3 855
3 720
3 1089
3 1089
3 720
3 567
3 1107
3 693
3 891
3 1512
3 720
3 837
3 738
3 1134
3 990
3 738
3 792
3 684
3 1350
3 927
3 783
3 729
3 873
3 720
3 774
3 468
3 909
3 783
3 1044
3 837
3 774
3 909
3 927
3 720
3 927
3 1116
3 783
3 522
3 558
3 1188
3 1863
3 1242
3 792
3 594
3 990
3 468
3 1035
3 945
3 1872
3 891
3 1062
3 711
3 783
3 666
3 774
3 738
3 1044
3 756
3 396
3 1206
3 630
3 765
3 1116
3 918
3 1206
3 459
3 918
3 774
3 1044
3 702
3 549
3 747
3 1116
3 747
3 945
3 765
3 792
3 1008
3 963
3 954
3 918
3 630
3 1287
3 450
3 702
3 963
3 882
3 1071
3 963
3 1143
3 873
3 873
3 450
3 666
3 1188
3 621
3 756
3 630
3 693
3 729
3 495
3 792
3 1485
3 621
3 1206
3 1062
3 1017
3 927
3 1170
3 945
3 1170
3 1116
3 1080
3 1350
3 450
3 1926
3 918
3 1233
3 1053
3 765
3 909
3 495
3 747
3 1170
3 1134
3 1620
3 999
3 765
3 918
3 1179
3 909
3 1215
3 459
3 783
3 1755
3 1260
3 1044
3 945
3 639
3 1116
3 1188
3 945
3 1107
3 783
3 495
3 630
3 918
3 792
3 702
3 756
3 468
3 990
3 522
3 936
3 909
3 774
3 738
3 720
3 720
3 675
3 900
3 774
3 1008
3 1494
3 378
3 1143
3 1134
3 1179
3 1107
3 909
3 945
3 720
3 1233
3 1215
3 1089
3 1062
3 792
3 729
3 738
3 477
3 702
3 999
3 1719
3 612
3 747
3 1224
3 954
3 873
3 1197
3 864
3 828
3 819
3 1656
3 567
3 1314
3 657
3 990
3 837
3 666
3 567
3 756
3 828
3 738
3 999
3 909
3 684
3 450
3 774
3 567
3 873
3 783
3 801
3 855
3 747
3 900
3 792
3 729
3 936
3 1899
3 603
3 765
3 522
3 981
3 972
3 999
3 756
3 684
3 1134
3 1233
3 945
3 450
3 1098
3 756
3 576
3 1260
3 846
3 765
3 891
3 504
3 882
3 783
3 495
3 1044
3 549
3 630
3 621
3 1008
3 1233
3 810
3 1206
3 621
3 774
3 981
3 756
3 936
3 1098
3 567
3 1089
3 729
3 1314
3 918
3 1008
3 648
3 603
3 693
3 1593
3 639
3 873
3 1197
3 1269
3 666
3 450
3 747
3 783
3 774
3 1260
3 738
3 729
3 1215
3 1197
3 666
3 441
3 1116
3 486
3 1755
3 720
3 927
3 873
3 747
3 504
3 1251
3 486
3 1080
3 1188
3 450
3 1278
3 792
3 810
3 747
3 828
3 909
3 1746
3 999
3 846
3 747
3 1215
3 756
3 1251
3 873
3 963
3 1233
3 882
3 459
3 927
3 756
3 900
3 1143
3 738
3 378
3 981
3 1404
3 1215
3 945
3 477
3 936
3 729
3 900
3 774
3 765
3 594
3 1053
3 1008
3 504
3 1017
3 792
3 945
3 1341
3 1080
3 1161
3 756
3 612
3 1188
3 738
3 747
3 1080
3 1395
3 1233
3 909
3 936
3 846
3 720
3 1557
3 720
3 981
3 864
3 594
3 981
3 963
3 927
3 828
3 1071
3 945
3 1692
3 864
3 918
3 567
3 873
3 909
3 927
3 837
3 990
3 1053
3 918
3 765
3 765
3 873
3 1098
3 684
3 1188
3 927
3 774
3 747
3 1062
3 1080
3 1863
3 1224
3 963
3 837
3 774
3 693
3 513
3 1008
3 909
3 585
3 1062
3 909
3 1845
3 612
3 765
3 783
3 594
3 450
3 1116
3 576
3 1548
3 792
3 981
3 738
3 954
3 585
3 747
3 909
3 675
3 945
3 657
3 882
3 846
3 549
3 747
3 450
3 549
3 1017
3 774
3 720
3 945
3 963
3 1080
3 1224
3 1251
3 765
3 1827
3 1026
3 1179
3 1215
3 549
3 945
3 738
3 369
3 504
3 585
3 531
3 810
3 1197
3 1026
3 540
3 756
3 1674
3 1314
3 441
3 900
3 720
3 612
3 1116
3 684
3 2061
3 738
3 954
3 828
3 792
3 900
3 1296
3 756
3 1098
3 1017
3 1188
3 765
3 594
3 729
3 612
3 1143
3 702
3 1458
3 720
3 738
3 801
3 720
3 612
3 1467
3 1053
3 756
3 990
3 954
3 1323
3 594
3 936
3 1116
3 1017
3 774
3 666
3 693
3 873
3 1215
3 846
3 576
3 702
3 792
3 846
3 954
3 954
3 900
3 1197
3 891
3 927
3 1008
3 675
3 747
3 891
3 864
3 1404
3 765
3 945
3 1071
3 972
3 882
3 1215
3 756
3 837
3 747
3 585
3 639
3 648
3 864
3 1089
3 1116
3 522
3 918
3 1053
3 918
3 1044
3 1260
3 378
3 747
3 846
3 648
3 1098
3 801
3 531
3 1026
3 837
3 1503
3 720
3 909
3 1188
3 522
3 918
3 756
3 927
3 594
3 774
3 1206
3 378
3 756
3 954
3 1089
3 567
3 936
3 774
3 756
3 828
3 1494
3 720
3 954
3 819
3 882
3 441
3 477
3 495
3 504
3 747
3 702
3 873
3 1026
3 909
3 747
3 1071
3 900
3 909
3 756
3 891
3 1035
3 954
3 1449
3 954
3 792
3 567
3 891
3 603
3 1278
3 648
3 666
3 1332
3 1377
3 909
3 1071
3 450
3 729
3 855
3 1251
3 1107
3 738
3 927
3 909
3 1350
3 774
3 450
3 2664
3 1044
3 747
3 603
3 504
3 1260
3 855
3 1494
3 468
3 450
3 999
3 963
3 684
3 387
3 1179
3 783
3 1044
3 1026
3 828
3 756
3 1296
3 756
3 594
3 774
3 441
3 711
3 819
3 954
3 1071
3 720
3 1197
3 720
3 972
3 1098
3 630
3 1179
3 783
3 1296
3 594
3 729
3 612
3 1152
3 369
3 747
3 1206
3 738
3 1044
3 756
3 468
3 999
3 513
3 1773
3 738
3 423
3 540
3 1197
3 918
3 441
3 1197
3 738
3 774
3 828
3 909
3 1008
3 1494
3 1089
3 1008
3 1278
3 1179
3 819
3 702
3 684
3 747
3 828
3 720
3 387
3 1071
3 1278
3 1098
3 720
3 765
3 747
3 1143
3 1089
3 729
3 1026
3 747
3 1143
3 783
3 1494
3 594
3 603
3 783
3 756
3 1323
3 756
3 450
3 927
3 1773
3 909
3 1962
3 1071
3 873
3 774
3 1188
3 882
3 1062
3 585
3 936
3 1206
3 1071
3 963
3 720
3 576
3 990
3 684
3 621
3 450
3 972
3 945
3 1305
3 684
3 1809
3 1008
3 729
3 1386
3 801
3 927
3 1044
3 1404
3 819
3 882
3 1134
3 711
3 945
3 756
3 2160
3 729
3 936
3 1800
3 855
3 918
3 504
3 765
3 864
3 945
3 1350
3 711
3 774
3 1008
3 594
3 621
3 720
3 1107
3 774
3 459
3 1512
3 1440
3 1179
3 918
3 927
3 1071
3 738
3 1206
3 1233
3 954
3 819
3 828
3 1062
3 1215
3 1179
3 612
3 1647
3 765
3 1143
3 2196
3 567
3 747
3 1116
3 918
3 612
3 882
3 738
3 864
3 801
3 954
3 873
3 1026
3 882
3 1062
3 1251
3 1008
3 819
3 693
3 603
3 684
3 828
3 864
3 765
3 765
3 963
3 720
3 1188
3 783
3 729
3 1053
3 729
3 819
3 828
3 414
3 450
3 927
3 855
3 1260
3 486
3 1197
3 729
3 1035
3 846
3 1116
3 684
3 729
3 756
3 558
3 468
3 1170
3 783
3 747
3 1215
3 1206
3 954
3 1089
3 1548
3 837
3 1260
3 900
3 1260
3 918
3 927
3 1377
3 1080
3 927
3 567
3 567
3 729
3 729
3 954
3 1017
3 1224
3 729
3 999
3 1467
3 1044
3 1026
3 549
3 756
3 513
3 855
3 837
3 738
3 846
3 720
3 729
3 1260
3 756
3 1008
3 819
3 1503
3 711
3 1665
3 1314
3 990
3 702
3 1044
3 999
3 621
3 1026
3 1017
3 630
3 486
3 774
3 1242
3 612
3 540
3 927
3 576
3 1602
3 576
3 810
3 1107
3 468
3 1242
3 1206
3 1341
3 1692
3 756
3 621
3 459
3 1197
3 621
3 747
3 1215
3 756
3 1017
3 1044
3 846
3 486
3 747
3 1314
3 918
3 774
3 738
3 1287
3 1017
3 1008
3 765
3 522
3 855
3 927
3 765
3 1026
3 567
3 1818
3 711
3 621
3 747
3 963
3 1107
3 1098
3 873
3 747
3 972
3 1044
3 1197
3 765
3 2025
3 549
3 936
3 1161
3 648
3 999
3 792
3 909
3 531
3 702
3 684
3 711
3 1188
3 828
3 1233
3 927
3 936
3 1062
3 747
3 936
3 621
3 1152
3 891
3 1368
3 774
3 657
3 855
3 1071
3 891
3 792
3 720
3 1476
3 594
3 765
3 1026
3 945
3 1089
3 1125
3 1575
3 441
3 747
3 1251
3 1260
3 918
3 783
3 1080
3 585
3 603
3 603
3 693
3 729
3 1485
3 819
3 1269
3 756
3 738
3 756
3 747
3 432
3 1071
3 450
3 891
3 711
3 819
3 945
3 765
3 495
3 1179
3 594
3 792
3 1476
3 747
3 747
3 1089
3 954
3 1116
3 936
3 747
3 954
3 945
3 513
3 774
3 891
3 1071
3 423
3 927
3 729
3 891
3 846
3 1107
3 936
3 1287
3 792
3 630
3 792
3 684
3 1260
3 891
3 936
3 621
3 1395
3 1242
3 1215
3 810
3 900
3 936
3 873
3 558
3 873
3 1197
3 801
3 567
3 1026
3 477
3 864
3 1323
3 756
3 729
3 900
3 963
3 819
3 1197
3 1197
3 1791
3 819
3 720
3 567
3 1035
3 1296
3 702
3 576
3 774
3 900
3 720
3 729
3 1377
3 1197
3 720
3 1539
3 756
3 369
3 549
3 684
3 819
3 477
3 1152
3 972
3 1062
3 927
3 1494
3 513
3 864
3 693
3 954
3 1242
3 468
3 828
3 828
3 945
3 1413
3 1035
3 954
3 1233
3 756
3 684
3 1188
3 612
3 1314
3 837
3 585
3 1242
3 729
3 729
3 441
3 1017
3 972
3 1170
3 486
3 432
3 963
3 945
3 990
3 927
3 900
3 1206
3 819
3 1008
3 1386
3 1548
3 450
3 612
3 738
3 972
3 954
3 747
3 1917
3 1305
3 774
3 1377
3 558
3 981
3 1179
3 729
3 747
3 621
3 1071
3 558
3 882
3 954
3 504
3 1179
3 477
3 756
3 1116
3 630
3 1062
3 1179
3 756
3 1539
3 468
3 1188
3 711
3 567
3 1224
3 594
3 657
3 639
3 1782
3 774
3 747
3 765
3 738
3 837
3 909
3 738
3 846
3 495
3 882
3 378
3 657
3 837
3 837
3 1044
3 1314
3 1755
3 1656
3 1017
3 873
3 918
3 1242
3 1251
3 954
3 1269
3 738
3 540
3 963
3 720
3 747
3 783
3 954
3 468
3 459
3 468
3 531
3 900
3 1044
3 648
3 819
3 837
3 1242
3 1116
3 360
3 828
3 639
3 927
3 1188
3 369
3 738
3 621
3 1179
3 747
3 1224
3 486
3 801
3 495
3 459
3 729
3 1098
3 963
3 927
3 423
3 1080
3 1377
3 450
3 423
3 747
3 972
3 1251
3 1206
